********************************************************************************
STREME - Sensitive, Thorough, Rapid, Enriched Motif Elicitation
********************************************************************************
MEME version 5.5.7 (Release date: Wed Jun 19 13:59:04 2024 -0700)

For further information on how to interpret these results please access https://meme-suite.org/meme.
To get a copy of the MEME Suite software please access https://meme-suite.org.

********************************************************************************


********************************************************************************
REFERENCE
********************************************************************************
If you use this program in your research, please cite:

Timothy L. Bailey,
"STREME: accurate and versatile sequence motif discovery",
Bioinformatics, Mar. 24, 2021.
********************************************************************************


ALPHABET= ACDEFGHIKLMNPQRSTVWY

strands: +

Background letter frequencies
A 0.147 C 1.77e-05 D 0.00144 E 0.128 F 0.00144 G 0.402 H 1.77e-05 I 0.123 K 1.77e-05 L 0.00179 M 1.77e-05 N 1.77e-05 P 1.77e-05 Q 0.00321 R 1.77e-05 S 0.121 T 0.00179 V 0.00321 W 1.77e-05 Y 0.066 

MOTIF 1-GGAGGSGGYE STREME-1
letter-probability matrix: alength= 20 w= 10 nsites= 188 E= 5.5e-010
 0.015171 0.000000 0.000001 0.000092 0.000001 0.877408 0.000000 0.000089 0.000000 0.000001 0.000000 0.000000 0.000000 0.000002 0.000000 0.107183 0.000001 0.000002 0.000000 0.000048
 0.025221 0.000000 0.000001 0.000092 0.000001 0.964402 0.000000 0.000089 0.000000 0.000001 0.000000 0.000000 0.000000 0.000002 0.000000 0.010138 0.000001 0.000002 0.000000 0.000048
 0.824822 0.000000 0.000001 0.000092 0.000001 0.005305 0.000000 0.000089 0.000000 0.000001 0.000000 0.000000 0.000000 0.000002 0.000000 0.159584 0.010051 0.000002 0.000000 0.000048
 0.000106 0.000000 0.000001 0.000092 0.000001 0.999567 0.000000 0.000089 0.000000 0.000001 0.000000 0.000000 0.000000 0.000002 0.000000 0.000088 0.000001 0.000002 0.000000 0.000048
 0.000106 0.000000 0.000001 0.000092 0.000001 0.999567 0.000000 0.000089 0.000000 0.000001 0.000000 0.000000 0.000000 0.000002 0.000000 0.000088 0.000001 0.000002 0.000000 0.000048
 0.000106 0.000000 0.000001 0.000092 0.000001 0.000291 0.000000 0.000089 0.000000 0.000001 0.000000 0.000000 0.000000 0.000002 0.000000 0.994350 0.005016 0.000002 0.000000 0.000048
 0.000106 0.000000 0.000001 0.000092 0.000001 0.999567 0.000000 0.000089 0.000000 0.000001 0.000000 0.000000 0.000000 0.000002 0.000000 0.000088 0.000001 0.000002 0.000000 0.000048
 0.000106 0.000000 0.000001 0.000092 0.000001 0.989517 0.000000 0.000089 0.000000 0.000001 0.000000 0.000000 0.000000 0.000002 0.000000 0.010138 0.000001 0.000002 0.000000 0.000048
 0.000106 0.000000 0.000001 0.000092 0.010051 0.020477 0.000000 0.000089 0.000000 0.000001 0.000000 0.000000 0.000000 0.000002 0.000000 0.000088 0.000001 0.000002 0.000000 0.969087
 0.000106 0.000000 0.010051 0.913475 0.000001 0.000291 0.000000 0.000089 0.000000 0.000001 0.000000 0.000000 0.000000 0.045609 0.000000 0.000088 0.010051 0.000002 0.000000 0.020234

MOTIF 2-EII STREME-2
letter-probability matrix: alength= 20 w= 3 nsites= 181 E= 1.6e-006
 0.000088 0.000000 0.000001 0.999480 0.000001 0.000240 0.000000 0.000073 0.000000 0.000001 0.000000 0.000000 0.000000 0.000002 0.000000 0.000072 0.000001 0.000002 0.000000 0.000039
 0.000088 0.000000 0.000001 0.010000 0.004136 0.000240 0.000000 0.952176 0.000000 0.004136 0.000000 0.000000 0.000000 0.000002 0.000000 0.000072 0.000001 0.029109 0.000000 0.000039
 0.000088 0.000000 0.000001 0.000076 0.000001 0.000240 0.000000 0.982829 0.000000 0.016649 0.000000 0.000000 0.000000 0.000002 0.000000 0.000072 0.000001 0.000002 0.000000 0.000039

MOTIF 3-SASA STREME-3
letter-probability matrix: alength= 20 w= 4 nsites= 7 E= 2.5e+000
 0.013373 0.000002 0.000131 0.011600 0.000131 0.036547 0.000002 0.011182 0.000002 0.000163 0.000002 0.000002 0.000002 0.000292 0.000002 0.920119 0.000163 0.000292 0.000002 0.005996
 0.922464 0.000002 0.000131 0.011600 0.000131 0.036547 0.000002 0.011182 0.000002 0.000163 0.000002 0.000002 0.000002 0.000292 0.000002 0.011028 0.000163 0.000292 0.000002 0.005996
 0.013373 0.000002 0.000131 0.011600 0.000131 0.036547 0.000002 0.011182 0.000002 0.000163 0.000002 0.000002 0.000002 0.000292 0.000002 0.920119 0.000163 0.000292 0.000002 0.005996
 0.922464 0.000002 0.000131 0.011600 0.000131 0.036547 0.000002 0.011182 0.000002 0.000163 0.000002 0.000002 0.000002 0.000292 0.000002 0.011028 0.000163 0.000292 0.000002 0.005996

MOTIF 4-SAAA STREME-4
letter-probability matrix: alength= 20 w= 4 nsites= 4 E= 2.5e+000
 0.013373 0.000002 0.000131 0.011600 0.000131 0.036547 0.000002 0.011182 0.000002 0.000163 0.000002 0.000002 0.000002 0.000292 0.000002 0.920119 0.000163 0.000292 0.000002 0.005996
 0.922464 0.000002 0.000131 0.011600 0.000131 0.036547 0.000002 0.011182 0.000002 0.000163 0.000002 0.000002 0.000002 0.000292 0.000002 0.011028 0.000163 0.000292 0.000002 0.005996
 0.922464 0.000002 0.000131 0.011600 0.000131 0.036547 0.000002 0.011182 0.000002 0.000163 0.000002 0.000002 0.000002 0.000292 0.000002 0.011028 0.000163 0.000292 0.000002 0.005996
 0.922464 0.000002 0.000131 0.011600 0.000131 0.036547 0.000002 0.011182 0.000002 0.000163 0.000002 0.000002 0.000002 0.000292 0.000002 0.011028 0.000163 0.000292 0.000002 0.005996

MOTIF 5-DII STREME-5
letter-probability matrix: alength= 20 w= 3 nsites= 2 E= 5.0e+000
 0.013373 0.000002 0.909221 0.011600 0.000131 0.036547 0.000002 0.011182 0.000002 0.000163 0.000002 0.000002 0.000002 0.000292 0.000002 0.011028 0.000163 0.000292 0.000002 0.005996
 0.013373 0.000002 0.000131 0.011600 0.000131 0.036547 0.000002 0.920273 0.000002 0.000163 0.000002 0.000002 0.000002 0.000292 0.000002 0.011028 0.000163 0.000292 0.000002 0.005996
 0.013373 0.000002 0.000131 0.011600 0.000131 0.036547 0.000002 0.920273 0.000002 0.000163 0.000002 0.000002 0.000002 0.000292 0.000002 0.011028 0.000163 0.000292 0.000002 0.005996

********************************************************************************
Stopped because 3 consecutive motifs exceeded the p-value threshold (0.05).
********************************************************************************
COMMAND:	streme --protein --p ./Data/v1_cluster_windows_15mers/cluster_14262.fasta --minw 3 --maxw 15 --thresh 0.05 --oc ./Results/v1_Top500_Run_20250504_162200/streme_out_cluster_14262
********************************************************************************
CPU:		Hirokis-MacBook-Air.local
********************************************************************************
FINALTIME:	0.40 seconds
********************************************************************************
