********************************************************************************
STREME - Sensitive, Thorough, Rapid, Enriched Motif Elicitation
********************************************************************************
MEME version 5.5.7 (Release date: Wed Jun 19 13:59:04 2024 -0700)

For further information on how to interpret these results please access https://meme-suite.org/meme.
To get a copy of the MEME Suite software please access https://meme-suite.org.

********************************************************************************


********************************************************************************
REFERENCE
********************************************************************************
If you use this program in your research, please cite:

Timothy L. Bailey,
"STREME: accurate and versatile sequence motif discovery",
Bioinformatics, Mar. 24, 2021.
********************************************************************************


ALPHABET= ACDEFGHIKLMNPQRSTVWY

strands: +

Background letter frequencies
A 0.368 C 6.05e-05 D 0.00248 E 6.05e-05 F 6.05e-05 G 0.442 H 6.05e-05 I 6.05e-05 K 6.05e-05 L 6.05e-05 M 6.05e-05 N 6.05e-05 P 6.05e-05 Q 6.05e-05 R 0.00854 S 0.125 T 0.00732 V 0.011 W 6.05e-05 Y 0.0352 

MOTIF 1-GAGAGSAAGAGAG STREME-1
letter-probability matrix: alength= 20 w= 13 nsites= 54 E= 9.5e-002
 0.120113 0.000000 0.019802 0.000000 0.000000 0.779788 0.000000 0.000000 0.000000 0.000000 0.000000 0.000000 0.000000 0.000000 0.039905 0.040237 0.000021 0.000031 0.000000 0.000100
 0.700685 0.000000 0.000007 0.000000 0.000000 0.001262 0.000000 0.000000 0.000000 0.000000 0.000000 0.000000 0.000000 0.000000 0.000024 0.218395 0.059697 0.019827 0.000000 0.000100
 0.001051 0.000000 0.000007 0.000000 0.000000 0.938730 0.000000 0.000000 0.000000 0.000000 0.000000 0.000000 0.000000 0.000000 0.000024 0.060032 0.000021 0.000031 0.000000 0.000100
 0.919014 0.000000 0.000007 0.000000 0.000000 0.001262 0.000000 0.000000 0.000000 0.000000 0.000000 0.000000 0.000000 0.000000 0.000024 0.020152 0.019816 0.039622 0.000000 0.000100
 0.001051 0.000000 0.000007 0.000000 0.000000 0.998406 0.000000 0.000000 0.000000 0.000000 0.000000 0.000000 0.000000 0.000000 0.000024 0.000356 0.000021 0.000031 0.000000 0.000100
 0.001051 0.000000 0.000007 0.000000 0.000000 0.001262 0.000000 0.000000 0.000000 0.000000 0.000000 0.000000 0.000000 0.000000 0.000024 0.997501 0.000021 0.000031 0.000000 0.000100
 0.978400 0.000000 0.000007 0.000000 0.000000 0.001262 0.000000 0.000000 0.000000 0.000000 0.000000 0.000000 0.000000 0.000000 0.000024 0.000356 0.000021 0.019827 0.000000 0.000100
 0.958315 0.000000 0.000007 0.000000 0.000000 0.001262 0.000000 0.000000 0.000000 0.000000 0.000000 0.000000 0.000000 0.000000 0.000024 0.040237 0.000021 0.000031 0.000000 0.000100
 0.001051 0.000000 0.000007 0.000000 0.000000 0.978611 0.000000 0.000000 0.000000 0.000000 0.000000 0.000000 0.000000 0.000000 0.000024 0.000356 0.000021 0.019827 0.000000 0.000100
 0.498581 0.000000 0.000007 0.000000 0.000000 0.001262 0.000000 0.000000 0.000000 0.000000 0.000000 0.000000 0.000000 0.000000 0.000024 0.060032 0.019816 0.039912 0.000000 0.380363
 0.219380 0.000000 0.000007 0.000000 0.000000 0.720402 0.000000 0.000000 0.000000 0.000000 0.000000 0.000000 0.000000 0.000000 0.000024 0.040237 0.019816 0.000031 0.000000 0.000100
 0.399604 0.000000 0.000007 0.000000 0.000000 0.341934 0.000000 0.000000 0.000000 0.000000 0.000000 0.000000 0.000000 0.000000 0.079496 0.159009 0.000021 0.019827 0.000000 0.000100
 0.060437 0.000000 0.000007 0.000000 0.000000 0.939020 0.000000 0.000000 0.000000 0.000000 0.000000 0.000000 0.000000 0.000000 0.000024 0.000356 0.000021 0.000031 0.000000 0.000100

MOTIF 2-GAS STREME-2
letter-probability matrix: alength= 20 w= 3 nsites= 3 E= 3.1e+000
 0.033464 0.000006 0.000226 0.000006 0.000006 0.949264 0.000006 0.000006 0.000006 0.000006 0.000006 0.000006 0.000006 0.000006 0.000776 0.011345 0.000666 0.000996 0.000006 0.003197
 0.942555 0.000006 0.000226 0.000006 0.000006 0.040173 0.000006 0.000006 0.000006 0.000006 0.000006 0.000006 0.000006 0.000006 0.000776 0.011345 0.000666 0.000996 0.000006 0.003197
 0.033464 0.000006 0.000226 0.000006 0.000006 0.040173 0.000006 0.000006 0.000006 0.000006 0.000006 0.000006 0.000006 0.000006 0.000776 0.920436 0.000666 0.000996 0.000006 0.003197

MOTIF 3-GAA STREME-3
letter-probability matrix: alength= 20 w= 3 nsites= 5 E= 4.0e+000
 0.033464 0.000006 0.000226 0.000006 0.000006 0.949264 0.000006 0.000006 0.000006 0.000006 0.000006 0.000006 0.000006 0.000006 0.000776 0.011345 0.000666 0.000996 0.000006 0.003197
 0.942555 0.000006 0.000226 0.000006 0.000006 0.040173 0.000006 0.000006 0.000006 0.000006 0.000006 0.000006 0.000006 0.000006 0.000776 0.011345 0.000666 0.000996 0.000006 0.003197
 0.942555 0.000006 0.000226 0.000006 0.000006 0.040173 0.000006 0.000006 0.000006 0.000006 0.000006 0.000006 0.000006 0.000006 0.000776 0.011345 0.000666 0.000996 0.000006 0.003197

MOTIF 4-AAA STREME-4
letter-probability matrix: alength= 20 w= 3 nsites= 1 E= 4.0e+000
 0.942555 0.000006 0.000226 0.000006 0.000006 0.040173 0.000006 0.000006 0.000006 0.000006 0.000006 0.000006 0.000006 0.000006 0.000776 0.011345 0.000666 0.000996 0.000006 0.003197
 0.942555 0.000006 0.000226 0.000006 0.000006 0.040173 0.000006 0.000006 0.000006 0.000006 0.000006 0.000006 0.000006 0.000006 0.000776 0.011345 0.000666 0.000996 0.000006 0.003197
 0.942555 0.000006 0.000226 0.000006 0.000006 0.040173 0.000006 0.000006 0.000006 0.000006 0.000006 0.000006 0.000006 0.000006 0.000776 0.011345 0.000666 0.000996 0.000006 0.003197

********************************************************************************
Stopped because 3 consecutive motifs exceeded the p-value threshold (0.05).
********************************************************************************
COMMAND:	streme --protein --p ./Data/v1_cluster_windows_15mers/cluster_18850.fasta --minw 3 --maxw 15 --thresh 0.05 --oc ./Results/v1_Top500_Run_20250504_162200/streme_out_cluster_18850
********************************************************************************
CPU:		Hirokis-MacBook-Air.local
********************************************************************************
FINALTIME:	0.17 seconds
********************************************************************************
