********************************************************************************
STREME - Sensitive, Thorough, Rapid, Enriched Motif Elicitation
********************************************************************************
MEME version 5.5.7 (Release date: Wed Jun 19 13:59:04 2024 -0700)

For further information on how to interpret these results please access https://meme-suite.org/meme.
To get a copy of the MEME Suite software please access https://meme-suite.org.

********************************************************************************


********************************************************************************
REFERENCE
********************************************************************************
If you use this program in your research, please cite:

Timothy L. Bailey,
"STREME: accurate and versatile sequence motif discovery",
Bioinformatics, Mar. 24, 2021.
********************************************************************************


ALPHABET= ACDEFGHIKLMNPQRSTVWY

strands: +

Background letter frequencies
A 0.186 C 5.84e-05 D 0.00123 E 0.00123 F 5.84e-05 G 0.0678 H 5.84e-05 I 0.062 K 5.84e-05 L 0.0678 M 0.00239 N 0.0935 P 0.00123 Q 0.0059 R 0.131 S 0.345 T 0.0246 V 0.0106 W 5.84e-05 Y 5.84e-05 

MOTIF 1-RLSSGSANSRISSAA STREME-1
letter-probability matrix: alength= 20 w= 15 nsites= 57 E= 4.0e-003
 0.016891 0.000005 0.000112 0.000112 0.000005 0.006165 0.000005 0.005634 0.000005 0.006165 0.000218 0.008502 0.000112 0.000536 0.920991 0.031336 0.002235 0.000961 0.000005 0.000005
 0.016891 0.000005 0.000112 0.000112 0.000005 0.006165 0.000005 0.005634 0.000005 0.915256 0.000218 0.008502 0.000112 0.000536 0.011900 0.031336 0.002235 0.000961 0.000005 0.000005
 0.016891 0.000005 0.000112 0.000112 0.000005 0.006165 0.000005 0.005634 0.000005 0.006165 0.000218 0.008502 0.000112 0.000536 0.011900 0.940427 0.002235 0.000961 0.000005 0.000005
 0.016891 0.000005 0.000112 0.000112 0.000005 0.006165 0.000005 0.005634 0.000005 0.006165 0.000218 0.008502 0.000112 0.000536 0.011900 0.940427 0.002235 0.000961 0.000005 0.000005
 0.016891 0.000005 0.000112 0.000112 0.000005 0.915256 0.000005 0.005634 0.000005 0.006165 0.000218 0.008502 0.000112 0.000536 0.011900 0.031336 0.002235 0.000961 0.000005 0.000005
 0.016891 0.000005 0.000112 0.000112 0.000005 0.006165 0.000005 0.005634 0.000005 0.006165 0.000218 0.008502 0.000112 0.000536 0.011900 0.940427 0.002235 0.000961 0.000005 0.000005
 0.925982 0.000005 0.000112 0.000112 0.000005 0.006165 0.000005 0.005634 0.000005 0.006165 0.000218 0.008502 0.000112 0.000536 0.011900 0.031336 0.002235 0.000961 0.000005 0.000005
 0.016891 0.000005 0.000112 0.000112 0.000005 0.006165 0.000005 0.005634 0.000005 0.006165 0.000218 0.917593 0.000112 0.000536 0.011900 0.031336 0.002235 0.000961 0.000005 0.000005
 0.016891 0.000005 0.000112 0.000112 0.000005 0.006165 0.000005 0.005634 0.000005 0.006165 0.000218 0.008502 0.000112 0.000536 0.011900 0.940427 0.002235 0.000961 0.000005 0.000005
 0.016891 0.000005 0.000112 0.000112 0.000005 0.006165 0.000005 0.005634 0.000005 0.006165 0.000218 0.008502 0.000112 0.000536 0.920991 0.031336 0.002235 0.000961 0.000005 0.000005
 0.016891 0.000005 0.000112 0.000112 0.000005 0.006165 0.000005 0.914724 0.000005 0.006165 0.000218 0.008502 0.000112 0.000536 0.011900 0.031336 0.002235 0.000961 0.000005 0.000005
 0.016891 0.000005 0.000112 0.000112 0.000005 0.006165 0.000005 0.005634 0.000005 0.006165 0.000218 0.008502 0.000112 0.000536 0.011900 0.940427 0.002235 0.000961 0.000005 0.000005
 0.016891 0.000005 0.000112 0.000112 0.000005 0.006165 0.000005 0.005634 0.000005 0.006165 0.000218 0.008502 0.000112 0.000536 0.011900 0.940427 0.002235 0.000961 0.000005 0.000005
 0.925982 0.000005 0.000112 0.000112 0.000005 0.006165 0.000005 0.005634 0.000005 0.006165 0.000218 0.008502 0.000112 0.000536 0.011900 0.031336 0.002235 0.000961 0.000005 0.000005
 0.925982 0.000005 0.000112 0.000112 0.000005 0.006165 0.000005 0.005634 0.000005 0.006165 0.000218 0.008502 0.000112 0.000536 0.011900 0.031336 0.002235 0.000961 0.000005 0.000005

********************************************************************************
Stopped because the next motif had no positive sites with scores > 0.
********************************************************************************
COMMAND:	streme --protein --p ./Data/v1_cluster_windows_15mers/cluster_7444.fasta --minw 3 --maxw 15 --thresh 0.05 --oc ./Results/v1_Top500_Run_20250504_162200/streme_out_cluster_7444
********************************************************************************
CPU:		Hirokis-MacBook-Air.local
********************************************************************************
FINALTIME:	0.16 seconds
********************************************************************************
