********************************************************************************
STREME - Sensitive, Thorough, Rapid, Enriched Motif Elicitation
********************************************************************************
MEME version 5.5.7 (Release date: Wed Jun 19 13:59:04 2024 -0700)

For further information on how to interpret these results please access https://meme-suite.org/meme.
To get a copy of the MEME Suite software please access https://meme-suite.org.

********************************************************************************


********************************************************************************
REFERENCE
********************************************************************************
If you use this program in your research, please cite:

Timothy L. Bailey,
"STREME: accurate and versatile sequence motif discovery",
Bioinformatics, Mar. 24, 2021.
********************************************************************************


ALPHABET= ACDEFGHIKLMNPQRSTVWY

strands: +

Background letter frequencies
A 0.409 C 8.32e-05 D 0.065 E 8.32e-05 F 8.32e-05 G 0.123 H 8.32e-05 I 0.0167 K 8.32e-05 L 0.055 M 0.00507 N 0.00507 P 8.32e-05 Q 0.00341 R 8.32e-05 S 0.135 T 0.00341 V 0.0666 W 8.32e-05 Y 0.112 

MOTIF 1-GYVSSLGAAADAASY STREME-1
letter-probability matrix: alength= 20 w= 15 nsites= 40 S= 9.3e-024
 0.037216 0.000008 0.005907 0.000008 0.000008 0.920290 0.000008 0.001520 0.000008 0.004999 0.000461 0.000461 0.000008 0.000310 0.000008 0.012263 0.000310 0.006058 0.000008 0.010145
 0.037216 0.000008 0.005907 0.000008 0.000008 0.011199 0.000008 0.001520 0.000008 0.004999 0.000461 0.000461 0.000008 0.000310 0.000008 0.012263 0.000310 0.006058 0.000008 0.919236
 0.037216 0.000008 0.005907 0.000008 0.000008 0.011199 0.000008 0.001520 0.000008 0.004999 0.000461 0.000461 0.000008 0.000310 0.000008 0.012263 0.000310 0.915149 0.000008 0.010145
 0.037216 0.000008 0.005907 0.000008 0.000008 0.011199 0.000008 0.001520 0.000008 0.004999 0.000461 0.000461 0.000008 0.000310 0.000008 0.921354 0.000310 0.006058 0.000008 0.010145
 0.037216 0.000008 0.005907 0.000008 0.000008 0.011199 0.000008 0.001520 0.000008 0.004999 0.000461 0.000461 0.000008 0.000310 0.000008 0.921354 0.000310 0.006058 0.000008 0.010145
 0.037216 0.000008 0.005907 0.000008 0.000008 0.011199 0.000008 0.001520 0.000008 0.914090 0.000461 0.000461 0.000008 0.000310 0.000008 0.012263 0.000310 0.006058 0.000008 0.010145
 0.037216 0.000008 0.005907 0.000008 0.000008 0.920290 0.000008 0.001520 0.000008 0.004999 0.000461 0.000461 0.000008 0.000310 0.000008 0.012263 0.000310 0.006058 0.000008 0.010145
 0.946307 0.000008 0.005907 0.000008 0.000008 0.011199 0.000008 0.001520 0.000008 0.004999 0.000461 0.000461 0.000008 0.000310 0.000008 0.012263 0.000310 0.006058 0.000008 0.010145
 0.946307 0.000008 0.005907 0.000008 0.000008 0.011199 0.000008 0.001520 0.000008 0.004999 0.000461 0.000461 0.000008 0.000310 0.000008 0.012263 0.000310 0.006058 0.000008 0.010145
 0.946307 0.000008 0.005907 0.000008 0.000008 0.011199 0.000008 0.001520 0.000008 0.004999 0.000461 0.000461 0.000008 0.000310 0.000008 0.012263 0.000310 0.006058 0.000008 0.010145
 0.037216 0.000008 0.914998 0.000008 0.000008 0.011199 0.000008 0.001520 0.000008 0.004999 0.000461 0.000461 0.000008 0.000310 0.000008 0.012263 0.000310 0.006058 0.000008 0.010145
 0.946307 0.000008 0.005907 0.000008 0.000008 0.011199 0.000008 0.001520 0.000008 0.004999 0.000461 0.000461 0.000008 0.000310 0.000008 0.012263 0.000310 0.006058 0.000008 0.010145
 0.946307 0.000008 0.005907 0.000008 0.000008 0.011199 0.000008 0.001520 0.000008 0.004999 0.000461 0.000461 0.000008 0.000310 0.000008 0.012263 0.000310 0.006058 0.000008 0.010145
 0.037216 0.000008 0.005907 0.000008 0.000008 0.011199 0.000008 0.001520 0.000008 0.004999 0.000461 0.000461 0.000008 0.000310 0.000008 0.921354 0.000310 0.006058 0.000008 0.010145
 0.037216 0.000008 0.005907 0.000008 0.000008 0.011199 0.000008 0.001520 0.000008 0.004999 0.000461 0.000461 0.000008 0.000310 0.000008 0.012263 0.000310 0.006058 0.000008 0.919236

MOTIF 2-SIAA STREME-2
letter-probability matrix: alength= 20 w= 4 nsites= 1 S= 7.5e-001
 0.037216 0.000008 0.005907 0.000008 0.000008 0.011199 0.000008 0.001520 0.000008 0.004999 0.000461 0.000461 0.000008 0.000310 0.000008 0.921354 0.000310 0.006058 0.000008 0.010145
 0.037216 0.000008 0.005907 0.000008 0.000008 0.011199 0.000008 0.910611 0.000008 0.004999 0.000461 0.000461 0.000008 0.000310 0.000008 0.012263 0.000310 0.006058 0.000008 0.010145
 0.946307 0.000008 0.005907 0.000008 0.000008 0.011199 0.000008 0.001520 0.000008 0.004999 0.000461 0.000461 0.000008 0.000310 0.000008 0.012263 0.000310 0.006058 0.000008 0.010145
 0.946307 0.000008 0.005907 0.000008 0.000008 0.011199 0.000008 0.001520 0.000008 0.004999 0.000461 0.000461 0.000008 0.000310 0.000008 0.012263 0.000310 0.006058 0.000008 0.010145

********************************************************************************
Stopped because the next motif had no positive sites with scores > 0.
********************************************************************************
COMMAND:	streme --protein --p ./Data/v1_cluster_windows_15mers/cluster_10239.fasta --minw 3 --maxw 15 --thresh 0.05 --oc ./Results/v1_Top500_Run_20250504_162200/streme_out_cluster_10239
********************************************************************************
CPU:		Hirokis-MacBook-Air.local
********************************************************************************
FINALTIME:	0.18 seconds
********************************************************************************
