********************************************************************************
STREME - Sensitive, Thorough, Rapid, Enriched Motif Elicitation
********************************************************************************
MEME version 5.5.7 (Release date: Wed Jun 19 13:59:04 2024 -0700)

For further information on how to interpret these results please access https://meme-suite.org/meme.
To get a copy of the MEME Suite software please access https://meme-suite.org.

********************************************************************************


********************************************************************************
REFERENCE
********************************************************************************
If you use this program in your research, please cite:

Timothy L. Bailey,
"STREME: accurate and versatile sequence motif discovery",
Bioinformatics, Mar. 24, 2021.
********************************************************************************


ALPHABET= ACDEFGHIKLMNPQRSTVWY

strands: +

Background letter frequencies
A 0.214 C 7.08e-05 D 0.0666 E 7.08e-05 F 0.0029 G 0.197 H 7.08e-05 I 0.078 K 0.00149 L 0.0213 M 0.044 N 0.0539 P 0.00432 Q 0.0709 R 0.00149 S 0.108 T 0.0156 V 0.115 W 7.08e-05 Y 0.00574 

MOTIF 1-VGQVDMAGI STREME-1
letter-probability matrix: alength= 20 w= 9 nsites= 47 S= 6.2e-028
 0.000621 0.000000 0.000193 0.000000 0.040224 0.000571 0.000000 0.162666 0.000004 0.020170 0.000128 0.000156 0.000013 0.000206 0.000004 0.000312 0.000045 0.774669 0.000000 0.000017
 0.000621 0.000000 0.000193 0.000000 0.000008 0.997671 0.000000 0.000226 0.000004 0.000062 0.000128 0.000156 0.000013 0.000206 0.000004 0.000312 0.000045 0.000333 0.000000 0.000017
 0.000621 0.000000 0.000193 0.000000 0.000008 0.000571 0.000000 0.000226 0.020112 0.000062 0.000128 0.020264 0.061287 0.855286 0.000004 0.000312 0.000045 0.000333 0.000000 0.040546
 0.000621 0.000000 0.000193 0.000000 0.000008 0.000571 0.000000 0.122137 0.000004 0.020170 0.000128 0.000156 0.000013 0.000206 0.000004 0.000312 0.000045 0.855413 0.000000 0.000017
 0.000621 0.000000 0.997292 0.000000 0.000008 0.000571 0.000000 0.000226 0.000004 0.000062 0.000128 0.000156 0.000013 0.000206 0.000004 0.000312 0.000045 0.000333 0.000000 0.000017
 0.000621 0.000000 0.000193 0.000000 0.000008 0.000571 0.000000 0.000226 0.000004 0.272128 0.644416 0.000156 0.000013 0.000206 0.000004 0.000312 0.020153 0.040862 0.000000 0.020124
 0.612517 0.000000 0.000193 0.000000 0.000008 0.000571 0.000000 0.000226 0.000004 0.000062 0.000128 0.000156 0.000013 0.000206 0.020112 0.304771 0.060682 0.000333 0.000000 0.000017
 0.000621 0.000000 0.000193 0.000000 0.000008 0.997671 0.000000 0.000226 0.000004 0.000062 0.000128 0.000156 0.000013 0.000206 0.000004 0.000312 0.000045 0.000333 0.000000 0.000017
 0.203276 0.000000 0.000193 0.000000 0.000008 0.000571 0.000000 0.794670 0.000004 0.000062 0.000128 0.000156 0.000013 0.000206 0.000004 0.000312 0.000045 0.000333 0.000000 0.000017

MOTIF 2-GNSAAA STREME-2
letter-probability matrix: alength= 20 w= 6 nsites= 37 S= 2.7e-017
 0.019453 0.000006 0.006058 0.000006 0.000264 0.926999 0.000006 0.007088 0.000135 0.001938 0.003998 0.004900 0.000393 0.006444 0.000135 0.009790 0.001423 0.010436 0.000006 0.000522
 0.019453 0.000006 0.006058 0.000006 0.000264 0.017908 0.000006 0.007088 0.000135 0.001938 0.003998 0.913991 0.000393 0.006444 0.000135 0.009790 0.001423 0.010436 0.000006 0.000522
 0.019453 0.000006 0.006058 0.000006 0.000264 0.017908 0.000006 0.007088 0.000135 0.001938 0.003998 0.004900 0.000393 0.006444 0.000135 0.918881 0.001423 0.010436 0.000006 0.000522
 0.928544 0.000006 0.006058 0.000006 0.000264 0.017908 0.000006 0.007088 0.000135 0.001938 0.003998 0.004900 0.000393 0.006444 0.000135 0.009790 0.001423 0.010436 0.000006 0.000522
 0.928544 0.000006 0.006058 0.000006 0.000264 0.017908 0.000006 0.007088 0.000135 0.001938 0.003998 0.004900 0.000393 0.006444 0.000135 0.009790 0.001423 0.010436 0.000006 0.000522
 0.928544 0.000006 0.006058 0.000006 0.000264 0.017908 0.000006 0.007088 0.000135 0.001938 0.003998 0.004900 0.000393 0.006444 0.000135 0.009790 0.001423 0.010436 0.000006 0.000522

MOTIF 3-AGQSSSV STREME-3
letter-probability matrix: alength= 20 w= 7 nsites= 7 S= 6.1e-003
 0.928544 0.000006 0.006058 0.000006 0.000264 0.017908 0.000006 0.007088 0.000135 0.001938 0.003998 0.004900 0.000393 0.006444 0.000135 0.009790 0.001423 0.010436 0.000006 0.000522
 0.019453 0.000006 0.006058 0.000006 0.000264 0.926999 0.000006 0.007088 0.000135 0.001938 0.003998 0.004900 0.000393 0.006444 0.000135 0.009790 0.001423 0.010436 0.000006 0.000522
 0.019453 0.000006 0.006058 0.000006 0.000264 0.017908 0.000006 0.007088 0.000135 0.001938 0.003998 0.004900 0.000393 0.915535 0.000135 0.009790 0.001423 0.010436 0.000006 0.000522
 0.019453 0.000006 0.006058 0.000006 0.000264 0.017908 0.000006 0.007088 0.000135 0.001938 0.003998 0.004900 0.000393 0.006444 0.000135 0.918881 0.001423 0.010436 0.000006 0.000522
 0.019453 0.000006 0.006058 0.000006 0.000264 0.017908 0.000006 0.007088 0.000135 0.001938 0.003998 0.004900 0.000393 0.006444 0.000135 0.918881 0.001423 0.010436 0.000006 0.000522
 0.019453 0.000006 0.006058 0.000006 0.000264 0.017908 0.000006 0.007088 0.000135 0.001938 0.003998 0.004900 0.000393 0.006444 0.000135 0.918881 0.001423 0.010436 0.000006 0.000522
 0.019453 0.000006 0.006058 0.000006 0.000264 0.017908 0.000006 0.007088 0.000135 0.001938 0.003998 0.004900 0.000393 0.006444 0.000135 0.009790 0.001423 0.919527 0.000006 0.000522

MOTIF 4-AGQTA STREME-4
letter-probability matrix: alength= 20 w= 5 nsites= 2 S= 2.5e-001
 0.928544 0.000006 0.006058 0.000006 0.000264 0.017908 0.000006 0.007088 0.000135 0.001938 0.003998 0.004900 0.000393 0.006444 0.000135 0.009790 0.001423 0.010436 0.000006 0.000522
 0.019453 0.000006 0.006058 0.000006 0.000264 0.926999 0.000006 0.007088 0.000135 0.001938 0.003998 0.004900 0.000393 0.006444 0.000135 0.009790 0.001423 0.010436 0.000006 0.000522
 0.019453 0.000006 0.006058 0.000006 0.000264 0.017908 0.000006 0.007088 0.000135 0.001938 0.003998 0.004900 0.000393 0.915535 0.000135 0.009790 0.001423 0.010436 0.000006 0.000522
 0.019453 0.000006 0.006058 0.000006 0.000264 0.017908 0.000006 0.007088 0.000135 0.001938 0.003998 0.004900 0.000393 0.006444 0.000135 0.009790 0.910514 0.010436 0.000006 0.000522
 0.928544 0.000006 0.006058 0.000006 0.000264 0.017908 0.000006 0.007088 0.000135 0.001938 0.003998 0.004900 0.000393 0.006444 0.000135 0.009790 0.001423 0.010436 0.000006 0.000522

MOTIF 5-YAAQS STREME-5
letter-probability matrix: alength= 20 w= 5 nsites= 1 S= 5.0e-001
 0.026979 0.000009 0.008401 0.000009 0.000366 0.024836 0.000009 0.009830 0.000187 0.002688 0.005545 0.006795 0.000545 0.008937 0.000187 0.013578 0.001973 0.014473 0.000009 0.874643
 0.900899 0.000009 0.008401 0.000009 0.000366 0.024836 0.000009 0.009830 0.000187 0.002688 0.005545 0.006795 0.000545 0.008937 0.000187 0.013578 0.001973 0.014473 0.000009 0.000723
 0.900899 0.000009 0.008401 0.000009 0.000366 0.024836 0.000009 0.009830 0.000187 0.002688 0.005545 0.006795 0.000545 0.008937 0.000187 0.013578 0.001973 0.014473 0.000009 0.000723
 0.026979 0.000009 0.008401 0.000009 0.000366 0.024836 0.000009 0.009830 0.000187 0.002688 0.005545 0.006795 0.000545 0.882857 0.000187 0.013578 0.001973 0.014473 0.000009 0.000723
 0.026979 0.000009 0.008401 0.000009 0.000366 0.024836 0.000009 0.009830 0.000187 0.002688 0.005545 0.006795 0.000545 0.008937 0.000187 0.887498 0.001973 0.014473 0.000009 0.000723

********************************************************************************
Stopped because maximum number of motifs (5) reached.
********************************************************************************
COMMAND:	streme --protein --p ./Data/v1_cluster_windows_15mers/cluster_8247.fasta --minw 3 --maxw 15 --thresh 0.05 --oc ./Results/v1_Top500_Run_20250504_162200/streme_out_cluster_8247
********************************************************************************
CPU:		Hirokis-MacBook-Air.local
********************************************************************************
FINALTIME:	0.18 seconds
********************************************************************************
