********************************************************************************
STREME - Sensitive, Thorough, Rapid, Enriched Motif Elicitation
********************************************************************************
MEME version 5.5.7 (Release date: Wed Jun 19 13:59:04 2024 -0700)

For further information on how to interpret these results please access https://meme-suite.org/meme.
To get a copy of the MEME Suite software please access https://meme-suite.org.

********************************************************************************


********************************************************************************
REFERENCE
********************************************************************************
If you use this program in your research, please cite:

Timothy L. Bailey,
"STREME: accurate and versatile sequence motif discovery",
Bioinformatics, Mar. 24, 2021.
********************************************************************************


ALPHABET= ACDEFGHIKLMNPQRSTVWY

strands: +

Background letter frequencies
A 0.132 C 7.24e-05 D 7.24e-05 E 7.24e-05 F 7.24e-05 G 0.475 H 7.24e-05 I 0.00152 K 7.24e-05 L 0.071 M 7.24e-05 N 7.24e-05 P 0.00152 Q 0.191 R 0.00586 S 0.0638 T 7.24e-05 V 0.00152 W 7.24e-05 Y 0.0565 

MOTIF 1-GYGQGLGGQGAGS STREME-1
letter-probability matrix: alength= 20 w= 13 nsites= 46 S= 2.4e-027
 0.011982 0.000007 0.000007 0.000007 0.000007 0.952246 0.000007 0.000138 0.000007 0.006453 0.000007 0.000007 0.000138 0.017373 0.000533 0.005796 0.000007 0.000138 0.000007 0.005137
 0.011982 0.000007 0.000007 0.000007 0.000007 0.043155 0.000007 0.000138 0.000007 0.006453 0.000007 0.000007 0.000138 0.017373 0.000533 0.005796 0.000007 0.000138 0.000007 0.914228
 0.011982 0.000007 0.000007 0.000007 0.000007 0.952246 0.000007 0.000138 0.000007 0.006453 0.000007 0.000007 0.000138 0.017373 0.000533 0.005796 0.000007 0.000138 0.000007 0.005137
 0.011982 0.000007 0.000007 0.000007 0.000007 0.043155 0.000007 0.000138 0.000007 0.006453 0.000007 0.000007 0.000138 0.926464 0.000533 0.005796 0.000007 0.000138 0.000007 0.005137
 0.011982 0.000007 0.000007 0.000007 0.000007 0.952246 0.000007 0.000138 0.000007 0.006453 0.000007 0.000007 0.000138 0.017373 0.000533 0.005796 0.000007 0.000138 0.000007 0.005137
 0.011982 0.000007 0.000007 0.000007 0.000007 0.043155 0.000007 0.000138 0.000007 0.915544 0.000007 0.000007 0.000138 0.017373 0.000533 0.005796 0.000007 0.000138 0.000007 0.005137
 0.011982 0.000007 0.000007 0.000007 0.000007 0.952246 0.000007 0.000138 0.000007 0.006453 0.000007 0.000007 0.000138 0.017373 0.000533 0.005796 0.000007 0.000138 0.000007 0.005137
 0.011982 0.000007 0.000007 0.000007 0.000007 0.952246 0.000007 0.000138 0.000007 0.006453 0.000007 0.000007 0.000138 0.017373 0.000533 0.005796 0.000007 0.000138 0.000007 0.005137
 0.011982 0.000007 0.000007 0.000007 0.000007 0.043155 0.000007 0.000138 0.000007 0.006453 0.000007 0.000007 0.000138 0.926464 0.000533 0.005796 0.000007 0.000138 0.000007 0.005137
 0.011982 0.000007 0.000007 0.000007 0.000007 0.952246 0.000007 0.000138 0.000007 0.006453 0.000007 0.000007 0.000138 0.017373 0.000533 0.005796 0.000007 0.000138 0.000007 0.005137
 0.921073 0.000007 0.000007 0.000007 0.000007 0.043155 0.000007 0.000138 0.000007 0.006453 0.000007 0.000007 0.000138 0.017373 0.000533 0.005796 0.000007 0.000138 0.000007 0.005137
 0.011982 0.000007 0.000007 0.000007 0.000007 0.952246 0.000007 0.000138 0.000007 0.006453 0.000007 0.000007 0.000138 0.017373 0.000533 0.005796 0.000007 0.000138 0.000007 0.005137
 0.011982 0.000007 0.000007 0.000007 0.000007 0.043155 0.000007 0.000138 0.000007 0.006453 0.000007 0.000007 0.000138 0.017373 0.000533 0.914886 0.000007 0.000138 0.000007 0.005137

MOTIF 2-GLG STREME-2
letter-probability matrix: alength= 20 w= 3 nsites= 2 S= 1.0e+000
 0.011982 0.000007 0.000007 0.000007 0.000007 0.952246 0.000007 0.000138 0.000007 0.006453 0.000007 0.000007 0.000138 0.017373 0.000533 0.005796 0.000007 0.000138 0.000007 0.005137
 0.011982 0.000007 0.000007 0.000007 0.000007 0.043155 0.000007 0.000138 0.000007 0.915544 0.000007 0.000007 0.000138 0.017373 0.000533 0.005796 0.000007 0.000138 0.000007 0.005137
 0.011982 0.000007 0.000007 0.000007 0.000007 0.952246 0.000007 0.000138 0.000007 0.006453 0.000007 0.000007 0.000138 0.017373 0.000533 0.005796 0.000007 0.000138 0.000007 0.005137

MOTIF 3-GYG STREME-3
letter-probability matrix: alength= 20 w= 3 nsites= 1 S= 1.0e+000
 0.011982 0.000007 0.000007 0.000007 0.000007 0.952246 0.000007 0.000138 0.000007 0.006453 0.000007 0.000007 0.000138 0.017373 0.000533 0.005796 0.000007 0.000138 0.000007 0.005137
 0.011982 0.000007 0.000007 0.000007 0.000007 0.043155 0.000007 0.000138 0.000007 0.006453 0.000007 0.000007 0.000138 0.017373 0.000533 0.005796 0.000007 0.000138 0.000007 0.914228
 0.011982 0.000007 0.000007 0.000007 0.000007 0.952246 0.000007 0.000138 0.000007 0.006453 0.000007 0.000007 0.000138 0.017373 0.000533 0.005796 0.000007 0.000138 0.000007 0.005137

MOTIF 4-GQG STREME-4
letter-probability matrix: alength= 20 w= 3 nsites= 1 S= 1.0e+000
 0.011982 0.000007 0.000007 0.000007 0.000007 0.952246 0.000007 0.000138 0.000007 0.006453 0.000007 0.000007 0.000138 0.017373 0.000533 0.005796 0.000007 0.000138 0.000007 0.005137
 0.011982 0.000007 0.000007 0.000007 0.000007 0.043155 0.000007 0.000138 0.000007 0.006453 0.000007 0.000007 0.000138 0.926464 0.000533 0.005796 0.000007 0.000138 0.000007 0.005137
 0.011982 0.000007 0.000007 0.000007 0.000007 0.952246 0.000007 0.000138 0.000007 0.006453 0.000007 0.000007 0.000138 0.017373 0.000533 0.005796 0.000007 0.000138 0.000007 0.005137

********************************************************************************
Stopped because the next motif had no positive sites with scores > 0.
********************************************************************************
COMMAND:	streme --protein --p ./Data/v1_cluster_windows_15mers/cluster_20674.fasta --minw 3 --maxw 15 --thresh 0.05 --oc ./Results/v1_Top500_Run_20250504_162200/streme_out_cluster_20674
********************************************************************************
CPU:		Hirokis-MacBook-Air.local
********************************************************************************
FINALTIME:	0.19 seconds
********************************************************************************
