********************************************************************************
STREME - Sensitive, Thorough, Rapid, Enriched Motif Elicitation
********************************************************************************
MEME version 5.5.7 (Release date: Wed Jun 19 13:59:04 2024 -0700)

For further information on how to interpret these results please access https://meme-suite.org/meme.
To get a copy of the MEME Suite software please access https://meme-suite.org.

********************************************************************************


********************************************************************************
REFERENCE
********************************************************************************
If you use this program in your research, please cite:

Timothy L. Bailey,
"STREME: accurate and versatile sequence motif discovery",
Bioinformatics, Mar. 24, 2021.
********************************************************************************


ALPHABET= ACDEFGHIKLMNPQRSTVWY

strands: +

Background letter frequencies
A 0.458 C 7.74e-05 D 7.74e-05 E 0.00472 F 0.00317 G 0.139 H 7.74e-05 I 0.00782 K 7.74e-05 L 7.74e-05 M 7.74e-05 N 7.74e-05 P 7.74e-05 Q 7.74e-05 R 7.74e-05 S 0.382 T 0.00317 V 7.74e-05 W 7.74e-05 Y 7.74e-05 

MOTIF 1-AGSSSSASAAAAAGS STREME-1
letter-probability matrix: alength= 20 w= 15 nsites= 43 S= 1.5e-025
 0.950755 0.000007 0.000007 0.000429 0.000288 0.012673 0.000007 0.000711 0.000007 0.000007 0.000007 0.000007 0.000007 0.000007 0.000007 0.034764 0.000288 0.000007 0.000007 0.000007
 0.041664 0.000007 0.000007 0.000429 0.000288 0.921764 0.000007 0.000711 0.000007 0.000007 0.000007 0.000007 0.000007 0.000007 0.000007 0.034764 0.000288 0.000007 0.000007 0.000007
 0.041664 0.000007 0.000007 0.000429 0.000288 0.012673 0.000007 0.000711 0.000007 0.000007 0.000007 0.000007 0.000007 0.000007 0.000007 0.943855 0.000288 0.000007 0.000007 0.000007
 0.041664 0.000007 0.000007 0.000429 0.000288 0.012673 0.000007 0.000711 0.000007 0.000007 0.000007 0.000007 0.000007 0.000007 0.000007 0.943855 0.000288 0.000007 0.000007 0.000007
 0.041664 0.000007 0.000007 0.000429 0.000288 0.012673 0.000007 0.000711 0.000007 0.000007 0.000007 0.000007 0.000007 0.000007 0.000007 0.943855 0.000288 0.000007 0.000007 0.000007
 0.041664 0.000007 0.000007 0.000429 0.000288 0.012673 0.000007 0.000711 0.000007 0.000007 0.000007 0.000007 0.000007 0.000007 0.000007 0.943855 0.000288 0.000007 0.000007 0.000007
 0.950755 0.000007 0.000007 0.000429 0.000288 0.012673 0.000007 0.000711 0.000007 0.000007 0.000007 0.000007 0.000007 0.000007 0.000007 0.034764 0.000288 0.000007 0.000007 0.000007
 0.041664 0.000007 0.000007 0.000429 0.000288 0.012673 0.000007 0.000711 0.000007 0.000007 0.000007 0.000007 0.000007 0.000007 0.000007 0.943855 0.000288 0.000007 0.000007 0.000007
 0.950755 0.000007 0.000007 0.000429 0.000288 0.012673 0.000007 0.000711 0.000007 0.000007 0.000007 0.000007 0.000007 0.000007 0.000007 0.034764 0.000288 0.000007 0.000007 0.000007
 0.950755 0.000007 0.000007 0.000429 0.000288 0.012673 0.000007 0.000711 0.000007 0.000007 0.000007 0.000007 0.000007 0.000007 0.000007 0.034764 0.000288 0.000007 0.000007 0.000007
 0.950755 0.000007 0.000007 0.000429 0.000288 0.012673 0.000007 0.000711 0.000007 0.000007 0.000007 0.000007 0.000007 0.000007 0.000007 0.034764 0.000288 0.000007 0.000007 0.000007
 0.950755 0.000007 0.000007 0.000429 0.000288 0.012673 0.000007 0.000711 0.000007 0.000007 0.000007 0.000007 0.000007 0.000007 0.000007 0.034764 0.000288 0.000007 0.000007 0.000007
 0.950755 0.000007 0.000007 0.000429 0.000288 0.012673 0.000007 0.000711 0.000007 0.000007 0.000007 0.000007 0.000007 0.000007 0.000007 0.034764 0.000288 0.000007 0.000007 0.000007
 0.041664 0.000007 0.000007 0.000429 0.000288 0.921764 0.000007 0.000711 0.000007 0.000007 0.000007 0.000007 0.000007 0.000007 0.000007 0.034764 0.000288 0.000007 0.000007 0.000007
 0.041664 0.000007 0.000007 0.000429 0.000288 0.012673 0.000007 0.000711 0.000007 0.000007 0.000007 0.000007 0.000007 0.000007 0.000007 0.943855 0.000288 0.000007 0.000007 0.000007

MOTIF 2-TAA STREME-2
letter-probability matrix: alength= 20 w= 3 nsites= 2 S= 2.5e-001
 0.041664 0.000007 0.000007 0.000429 0.000288 0.012673 0.000007 0.000711 0.000007 0.000007 0.000007 0.000007 0.000007 0.000007 0.000007 0.034764 0.909379 0.000007 0.000007 0.000007
 0.950755 0.000007 0.000007 0.000429 0.000288 0.012673 0.000007 0.000711 0.000007 0.000007 0.000007 0.000007 0.000007 0.000007 0.000007 0.034764 0.000288 0.000007 0.000007 0.000007
 0.950755 0.000007 0.000007 0.000429 0.000288 0.012673 0.000007 0.000711 0.000007 0.000007 0.000007 0.000007 0.000007 0.000007 0.000007 0.034764 0.000288 0.000007 0.000007 0.000007

********************************************************************************
Stopped because the next motif had no positive sites with scores > 0.
********************************************************************************
COMMAND:	streme --protein --p ./Data/v1_cluster_windows_15mers/cluster_17842.fasta --minw 3 --maxw 15 --thresh 0.05 --oc ./Results/v1_Top500_Run_20250504_162200/streme_out_cluster_17842
********************************************************************************
CPU:		Hirokis-MacBook-Air.local
********************************************************************************
FINALTIME:	0.15 seconds
********************************************************************************
