********************************************************************************
STREME - Sensitive, Thorough, Rapid, Enriched Motif Elicitation
********************************************************************************
MEME version 5.5.7 (Release date: Wed Jun 19 13:59:04 2024 -0700)

For further information on how to interpret these results please access https://meme-suite.org/meme.
To get a copy of the MEME Suite software please access https://meme-suite.org.

********************************************************************************


********************************************************************************
REFERENCE
********************************************************************************
If you use this program in your research, please cite:

Timothy L. Bailey,
"STREME: accurate and versatile sequence motif discovery",
Bioinformatics, Mar. 24, 2021.
********************************************************************************


ALPHABET= ACDEFGHIKLMNPQRSTVWY

strands: +

Background letter frequencies
A 0.0515 C 5.04e-05 D 0.00207 E 0.00207 F 5.04e-05 G 0.346 H 5.04e-05 I 0.00207 K 5.04e-05 L 0.0051 M 5.04e-05 N 0.0697 P 0.0757 Q 0.0646 R 5.04e-05 S 0.226 T 0.0374 V 0.0111 W 5.04e-05 Y 0.106 

MOTIF 1-GQNGYGPSSGASGS STREME-1
letter-probability matrix: alength= 20 w= 14 nsites= 65 E= 2.3e-002
 0.000128 0.000000 0.034499 0.000005 0.000000 0.529310 0.000000 0.000005 0.000000 0.017260 0.000000 0.000173 0.000188 0.417483 0.000000 0.000563 0.000093 0.000028 0.000000 0.000264
 0.000128 0.000000 0.000005 0.017252 0.000000 0.035566 0.000000 0.000005 0.000000 0.034717 0.000000 0.400038 0.000188 0.511152 0.000000 0.000563 0.000093 0.000028 0.000000 0.000264
 0.017375 0.000000 0.000005 0.000005 0.000000 0.366232 0.000000 0.000005 0.000000 0.000013 0.000000 0.563116 0.000188 0.000161 0.000000 0.017810 0.000093 0.000028 0.000000 0.034968
 0.000128 0.000000 0.000005 0.000005 0.000000 0.946632 0.000000 0.000005 0.000000 0.000013 0.000000 0.000173 0.000188 0.000161 0.000000 0.035057 0.000093 0.017275 0.000000 0.000264
 0.000128 0.000000 0.000005 0.000005 0.000000 0.000861 0.000000 0.000005 0.000000 0.000013 0.000000 0.000173 0.000188 0.000161 0.000000 0.000563 0.000093 0.000028 0.000000 0.997776
 0.000128 0.000000 0.000005 0.000005 0.000000 0.998373 0.000000 0.000005 0.000000 0.000013 0.000000 0.000173 0.000188 0.000161 0.000000 0.000563 0.000093 0.000028 0.000000 0.000264
 0.000128 0.000000 0.000005 0.000005 0.000000 0.000861 0.000000 0.000005 0.000000 0.000013 0.000000 0.000173 0.997700 0.000161 0.000000 0.000563 0.000093 0.000028 0.000000 0.000264
 0.017375 0.000000 0.000005 0.000005 0.000000 0.000861 0.000000 0.000005 0.000000 0.000013 0.000000 0.052550 0.000188 0.000161 0.000000 0.893747 0.034797 0.000028 0.000000 0.000264
 0.051869 0.000000 0.000005 0.000005 0.000000 0.000861 0.000000 0.000005 0.000000 0.000013 0.000000 0.000173 0.000188 0.000161 0.000000 0.894592 0.051834 0.000028 0.000000 0.000264
 0.000128 0.000000 0.000005 0.000005 0.000000 0.998373 0.000000 0.000005 0.000000 0.000013 0.000000 0.000173 0.000188 0.000161 0.000000 0.000563 0.000093 0.000028 0.000000 0.000264
 0.644237 0.000000 0.000005 0.000005 0.000000 0.052603 0.000000 0.000005 0.000000 0.000013 0.000000 0.000173 0.000188 0.000161 0.000000 0.215779 0.086538 0.000028 0.000000 0.000264
 0.017375 0.000000 0.000005 0.000005 0.000000 0.035356 0.000000 0.000005 0.000000 0.000013 0.000000 0.000173 0.051930 0.000161 0.000000 0.859888 0.034797 0.000028 0.000000 0.000264
 0.017375 0.000000 0.000005 0.017252 0.000000 0.737755 0.000000 0.034709 0.000000 0.000013 0.000000 0.000173 0.000188 0.017408 0.000000 0.052514 0.000093 0.122249 0.000000 0.000264
 0.017375 0.000000 0.000005 0.000005 0.000000 0.035356 0.000000 0.000005 0.000000 0.034717 0.000000 0.000173 0.051930 0.017408 0.000000 0.487293 0.355441 0.000028 0.000000 0.000264

MOTIF 2-GAG STREME-2
letter-probability matrix: alength= 20 w= 3 nsites= 1 E= 3.0e+000
 0.004683 0.000005 0.000188 0.000188 0.000005 0.940562 0.000005 0.000188 0.000005 0.000463 0.000005 0.006334 0.006884 0.005875 0.000005 0.020554 0.003399 0.001014 0.000005 0.009636
 0.913773 0.000005 0.000188 0.000188 0.000005 0.031471 0.000005 0.000188 0.000005 0.000463 0.000005 0.006334 0.006884 0.005875 0.000005 0.020554 0.003399 0.001014 0.000005 0.009636
 0.004683 0.000005 0.000188 0.000188 0.000005 0.940562 0.000005 0.000188 0.000005 0.000463 0.000005 0.006334 0.006884 0.005875 0.000005 0.020554 0.003399 0.001014 0.000005 0.009636

MOTIF 3-GQG STREME-3
letter-probability matrix: alength= 20 w= 3 nsites= 1 E= 3.0e+000
 0.004683 0.000005 0.000188 0.000188 0.000005 0.940562 0.000005 0.000188 0.000005 0.000463 0.000005 0.006334 0.006884 0.005875 0.000005 0.020554 0.003399 0.001014 0.000005 0.009636
 0.004683 0.000005 0.000188 0.000188 0.000005 0.031471 0.000005 0.000188 0.000005 0.000463 0.000005 0.006334 0.006884 0.914966 0.000005 0.020554 0.003399 0.001014 0.000005 0.009636
 0.004683 0.000005 0.000188 0.000188 0.000005 0.940562 0.000005 0.000188 0.000005 0.000463 0.000005 0.006334 0.006884 0.005875 0.000005 0.020554 0.003399 0.001014 0.000005 0.009636

********************************************************************************
Stopped because the next motif had no positive sites with scores > 0.
********************************************************************************
COMMAND:	streme --protein --p ./Data/v1_cluster_windows_15mers/cluster_11105.fasta --minw 3 --maxw 15 --thresh 0.05 --oc ./Results/v1_Top500_Run_20250504_162200/streme_out_cluster_11105
********************************************************************************
CPU:		Hirokis-MacBook-Air.local
********************************************************************************
FINALTIME:	0.15 seconds
********************************************************************************
