********************************************************************************
STREME - Sensitive, Thorough, Rapid, Enriched Motif Elicitation
********************************************************************************
MEME version 5.5.7 (Release date: Wed Jun 19 13:59:04 2024 -0700)

For further information on how to interpret these results please access https://meme-suite.org/meme.
To get a copy of the MEME Suite software please access https://meme-suite.org.

********************************************************************************


********************************************************************************
REFERENCE
********************************************************************************
If you use this program in your research, please cite:

Timothy L. Bailey,
"STREME: accurate and versatile sequence motif discovery",
Bioinformatics, Mar. 24, 2021.
********************************************************************************


ALPHABET= ACDEFGHIKLMNPQRSTVWY

strands: +

Background letter frequencies
A 0.0279 C 4.97e-05 D 0.0279 E 4.97e-05 F 0.013 G 0.146 H 4.97e-05 I 0.0309 K 4.97e-05 L 0.15 M 0.008 N 0.144 P 0.0666 Q 0.00601 R 0.00204 S 0.281 T 0.0338 V 0.0577 W 4.97e-05 Y 0.00403 

MOTIF 1-SLLSSGGPNVNSLSN STREME-1
letter-probability matrix: alength= 20 w= 15 nsites= 67 E= 4.3e-003
 0.002534 0.000005 0.002534 0.000005 0.001179 0.013291 0.000005 0.002805 0.000005 0.013645 0.000727 0.013109 0.006059 0.000547 0.000185 0.934672 0.003077 0.005245 0.000005 0.000366
 0.002534 0.000005 0.002534 0.000005 0.001179 0.013291 0.000005 0.002805 0.000005 0.922736 0.000727 0.013109 0.006059 0.000547 0.000185 0.025581 0.003077 0.005245 0.000005 0.000366
 0.002534 0.000005 0.002534 0.000005 0.001179 0.013291 0.000005 0.002805 0.000005 0.922736 0.000727 0.013109 0.006059 0.000547 0.000185 0.025581 0.003077 0.005245 0.000005 0.000366
 0.002534 0.000005 0.002534 0.000005 0.001179 0.013291 0.000005 0.002805 0.000005 0.013645 0.000727 0.013109 0.006059 0.000547 0.000185 0.934672 0.003077 0.005245 0.000005 0.000366
 0.002534 0.000005 0.002534 0.000005 0.001179 0.013291 0.000005 0.002805 0.000005 0.013645 0.000727 0.013109 0.006059 0.000547 0.000185 0.934672 0.003077 0.005245 0.000005 0.000366
 0.002534 0.000005 0.002534 0.000005 0.001179 0.922382 0.000005 0.002805 0.000005 0.013645 0.000727 0.013109 0.006059 0.000547 0.000185 0.025581 0.003077 0.005245 0.000005 0.000366
 0.002534 0.000005 0.002534 0.000005 0.001179 0.922382 0.000005 0.002805 0.000005 0.013645 0.000727 0.013109 0.006059 0.000547 0.000185 0.025581 0.003077 0.005245 0.000005 0.000366
 0.002534 0.000005 0.002534 0.000005 0.001179 0.013291 0.000005 0.002805 0.000005 0.013645 0.000727 0.013109 0.915150 0.000547 0.000185 0.025581 0.003077 0.005245 0.000005 0.000366
 0.002534 0.000005 0.002534 0.000005 0.001179 0.013291 0.000005 0.002805 0.000005 0.013645 0.000727 0.922200 0.006059 0.000547 0.000185 0.025581 0.003077 0.005245 0.000005 0.000366
 0.002534 0.000005 0.002534 0.000005 0.001179 0.013291 0.000005 0.002805 0.000005 0.013645 0.000727 0.013109 0.006059 0.000547 0.000185 0.025581 0.003077 0.914336 0.000005 0.000366
 0.002534 0.000005 0.002534 0.000005 0.001179 0.013291 0.000005 0.002805 0.000005 0.013645 0.000727 0.922200 0.006059 0.000547 0.000185 0.025581 0.003077 0.005245 0.000005 0.000366
 0.002534 0.000005 0.002534 0.000005 0.001179 0.013291 0.000005 0.002805 0.000005 0.013645 0.000727 0.013109 0.006059 0.000547 0.000185 0.934672 0.003077 0.005245 0.000005 0.000366
 0.002534 0.000005 0.002534 0.000005 0.001179 0.013291 0.000005 0.002805 0.000005 0.922736 0.000727 0.013109 0.006059 0.000547 0.000185 0.025581 0.003077 0.005245 0.000005 0.000366
 0.002534 0.000005 0.002534 0.000005 0.001179 0.013291 0.000005 0.002805 0.000005 0.013645 0.000727 0.013109 0.006059 0.000547 0.000185 0.934672 0.003077 0.005245 0.000005 0.000366
 0.002534 0.000005 0.002534 0.000005 0.001179 0.013291 0.000005 0.002805 0.000005 0.013645 0.000727 0.922200 0.006059 0.000547 0.000185 0.025581 0.003077 0.005245 0.000005 0.000366

MOTIF 2-DFI STREME-2
letter-probability matrix: alength= 20 w= 3 nsites= 4 E= 4.0e+000
 0.002534 0.000005 0.911625 0.000005 0.001179 0.013291 0.000005 0.002805 0.000005 0.013645 0.000727 0.013109 0.006059 0.000547 0.000185 0.025581 0.003077 0.005245 0.000005 0.000366
 0.002534 0.000005 0.002534 0.000005 0.910270 0.013291 0.000005 0.002805 0.000005 0.013645 0.000727 0.013109 0.006059 0.000547 0.000185 0.025581 0.003077 0.005245 0.000005 0.000366
 0.002534 0.000005 0.002534 0.000005 0.001179 0.013291 0.000005 0.911896 0.000005 0.013645 0.000727 0.013109 0.006059 0.000547 0.000185 0.025581 0.003077 0.005245 0.000005 0.000366

MOTIF 3-AVN STREME-3
letter-probability matrix: alength= 20 w= 3 nsites= 2 E= 4.0e+000
 0.911625 0.000005 0.002534 0.000005 0.001179 0.013291 0.000005 0.002805 0.000005 0.013645 0.000727 0.013109 0.006059 0.000547 0.000185 0.025581 0.003077 0.005245 0.000005 0.000366
 0.002534 0.000005 0.002534 0.000005 0.001179 0.013291 0.000005 0.002805 0.000005 0.013645 0.000727 0.013109 0.006059 0.000547 0.000185 0.025581 0.003077 0.914336 0.000005 0.000366
 0.002534 0.000005 0.002534 0.000005 0.001179 0.013291 0.000005 0.002805 0.000005 0.013645 0.000727 0.922200 0.006059 0.000547 0.000185 0.025581 0.003077 0.005245 0.000005 0.000366

MOTIF 4-SIS STREME-4
letter-probability matrix: alength= 20 w= 3 nsites= 1 E= 4.0e+000
 0.002534 0.000005 0.002534 0.000005 0.001179 0.013291 0.000005 0.002805 0.000005 0.013645 0.000727 0.013109 0.006059 0.000547 0.000185 0.934672 0.003077 0.005245 0.000005 0.000366
 0.002534 0.000005 0.002534 0.000005 0.001179 0.013291 0.000005 0.911896 0.000005 0.013645 0.000727 0.013109 0.006059 0.000547 0.000185 0.025581 0.003077 0.005245 0.000005 0.000366
 0.002534 0.000005 0.002534 0.000005 0.001179 0.013291 0.000005 0.002805 0.000005 0.013645 0.000727 0.013109 0.006059 0.000547 0.000185 0.934672 0.003077 0.005245 0.000005 0.000366

********************************************************************************
Stopped because 3 consecutive motifs exceeded the p-value threshold (0.05).
********************************************************************************
COMMAND:	streme --protein --p ./Data/v1_cluster_windows_15mers/cluster_4648.fasta --minw 3 --maxw 15 --thresh 0.05 --oc ./Results/v1_Top500_Run_20250504_162200/streme_out_cluster_4648
********************************************************************************
CPU:		Hirokis-MacBook-Air.local
********************************************************************************
FINALTIME:	0.20 seconds
********************************************************************************
