********************************************************************************
STREME - Sensitive, Thorough, Rapid, Enriched Motif Elicitation
********************************************************************************
MEME version 5.5.7 (Release date: Wed Jun 19 13:59:04 2024 -0700)

For further information on how to interpret these results please access https://meme-suite.org/meme.
To get a copy of the MEME Suite software please access https://meme-suite.org.

********************************************************************************


********************************************************************************
REFERENCE
********************************************************************************
If you use this program in your research, please cite:

Timothy L. Bailey,
"STREME: accurate and versatile sequence motif discovery",
Bioinformatics, Mar. 24, 2021.
********************************************************************************


ALPHABET= ACDEFGHIKLMNPQRSTVWY

strands: +

Background letter frequencies
A 0.101 C 7.4e-05 D 0.0149 E 0.00451 F 0.0104 G 0.456 H 7.4e-05 I 0.00599 K 7.4e-05 L 0.11 M 7.4e-05 N 0.00303 P 0.00451 Q 7.4e-05 R 0.0415 S 0.175 T 0.00599 V 0.00451 W 7.4e-05 Y 0.0637 

MOTIF 1-LGGLGGYGGAAGSSS STREME-1
letter-probability matrix: alength= 20 w= 15 nsites= 45 S= 9.6e-027
 0.009155 0.000007 0.001352 0.000410 0.000948 0.041429 0.000007 0.000545 0.000007 0.919046 0.000007 0.000276 0.000410 0.000007 0.003772 0.015873 0.000545 0.000410 0.000007 0.005789
 0.009155 0.000007 0.001352 0.000410 0.000948 0.950520 0.000007 0.000545 0.000007 0.009955 0.000007 0.000276 0.000410 0.000007 0.003772 0.015873 0.000545 0.000410 0.000007 0.005789
 0.009155 0.000007 0.001352 0.000410 0.000948 0.950520 0.000007 0.000545 0.000007 0.009955 0.000007 0.000276 0.000410 0.000007 0.003772 0.015873 0.000545 0.000410 0.000007 0.005789
 0.009155 0.000007 0.001352 0.000410 0.000948 0.041429 0.000007 0.000545 0.000007 0.919046 0.000007 0.000276 0.000410 0.000007 0.003772 0.015873 0.000545 0.000410 0.000007 0.005789
 0.009155 0.000007 0.001352 0.000410 0.000948 0.950520 0.000007 0.000545 0.000007 0.009955 0.000007 0.000276 0.000410 0.000007 0.003772 0.015873 0.000545 0.000410 0.000007 0.005789
 0.009155 0.000007 0.001352 0.000410 0.000948 0.950520 0.000007 0.000545 0.000007 0.009955 0.000007 0.000276 0.000410 0.000007 0.003772 0.015873 0.000545 0.000410 0.000007 0.005789
 0.009155 0.000007 0.001352 0.000410 0.000948 0.041429 0.000007 0.000545 0.000007 0.009955 0.000007 0.000276 0.000410 0.000007 0.003772 0.015873 0.000545 0.000410 0.000007 0.914880
 0.009155 0.000007 0.001352 0.000410 0.000948 0.950520 0.000007 0.000545 0.000007 0.009955 0.000007 0.000276 0.000410 0.000007 0.003772 0.015873 0.000545 0.000410 0.000007 0.005789
 0.009155 0.000007 0.001352 0.000410 0.000948 0.950520 0.000007 0.000545 0.000007 0.009955 0.000007 0.000276 0.000410 0.000007 0.003772 0.015873 0.000545 0.000410 0.000007 0.005789
 0.918246 0.000007 0.001352 0.000410 0.000948 0.041429 0.000007 0.000545 0.000007 0.009955 0.000007 0.000276 0.000410 0.000007 0.003772 0.015873 0.000545 0.000410 0.000007 0.005789
 0.918246 0.000007 0.001352 0.000410 0.000948 0.041429 0.000007 0.000545 0.000007 0.009955 0.000007 0.000276 0.000410 0.000007 0.003772 0.015873 0.000545 0.000410 0.000007 0.005789
 0.009155 0.000007 0.001352 0.000410 0.000948 0.950520 0.000007 0.000545 0.000007 0.009955 0.000007 0.000276 0.000410 0.000007 0.003772 0.015873 0.000545 0.000410 0.000007 0.005789
 0.009155 0.000007 0.001352 0.000410 0.000948 0.041429 0.000007 0.000545 0.000007 0.009955 0.000007 0.000276 0.000410 0.000007 0.003772 0.924964 0.000545 0.000410 0.000007 0.005789
 0.009155 0.000007 0.001352 0.000410 0.000948 0.041429 0.000007 0.000545 0.000007 0.009955 0.000007 0.000276 0.000410 0.000007 0.003772 0.924964 0.000545 0.000410 0.000007 0.005789
 0.009155 0.000007 0.001352 0.000410 0.000948 0.041429 0.000007 0.000545 0.000007 0.009955 0.000007 0.000276 0.000410 0.000007 0.003772 0.924964 0.000545 0.000410 0.000007 0.005789

MOTIF 2-LGD STREME-2
letter-probability matrix: alength= 20 w= 3 nsites= 2 S= 2.5e-001
 0.009155 0.000007 0.001352 0.000410 0.000948 0.041429 0.000007 0.000545 0.000007 0.919046 0.000007 0.000276 0.000410 0.000007 0.003772 0.015873 0.000545 0.000410 0.000007 0.005789
 0.009155 0.000007 0.001352 0.000410 0.000948 0.950520 0.000007 0.000545 0.000007 0.009955 0.000007 0.000276 0.000410 0.000007 0.003772 0.015873 0.000545 0.000410 0.000007 0.005789
 0.009155 0.000007 0.910443 0.000410 0.000948 0.041429 0.000007 0.000545 0.000007 0.009955 0.000007 0.000276 0.000410 0.000007 0.003772 0.015873 0.000545 0.000410 0.000007 0.005789

MOTIF 3-LGG STREME-3
letter-probability matrix: alength= 20 w= 3 nsites= 2 S= 1.0e+000
 0.009155 0.000007 0.001352 0.000410 0.000948 0.041429 0.000007 0.000545 0.000007 0.919046 0.000007 0.000276 0.000410 0.000007 0.003772 0.015873 0.000545 0.000410 0.000007 0.005789
 0.009155 0.000007 0.001352 0.000410 0.000948 0.950520 0.000007 0.000545 0.000007 0.009955 0.000007 0.000276 0.000410 0.000007 0.003772 0.015873 0.000545 0.000410 0.000007 0.005789
 0.009155 0.000007 0.001352 0.000410 0.000948 0.950520 0.000007 0.000545 0.000007 0.009955 0.000007 0.000276 0.000410 0.000007 0.003772 0.015873 0.000545 0.000410 0.000007 0.005789

********************************************************************************
Stopped because the next motif had no positive sites with scores > 0.
********************************************************************************
COMMAND:	streme --protein --p ./Data/v1_cluster_windows_15mers/cluster_8437.fasta --minw 3 --maxw 15 --thresh 0.05 --oc ./Results/v1_Top500_Run_20250504_162200/streme_out_cluster_8437
********************************************************************************
CPU:		Hirokis-MacBook-Air.local
********************************************************************************
FINALTIME:	0.14 seconds
********************************************************************************
