********************************************************************************
STREME - Sensitive, Thorough, Rapid, Enriched Motif Elicitation
********************************************************************************
MEME version 5.5.7 (Release date: Wed Jun 19 13:59:04 2024 -0700)

For further information on how to interpret these results please access https://meme-suite.org/meme.
To get a copy of the MEME Suite software please access https://meme-suite.org.

********************************************************************************


********************************************************************************
REFERENCE
********************************************************************************
If you use this program in your research, please cite:

Timothy L. Bailey,
"STREME: accurate and versatile sequence motif discovery",
Bioinformatics, Mar. 24, 2021.
********************************************************************************


ALPHABET= ACDEFGHIKLMNPQRSTVWY

strands: +

Background letter frequencies
A 0.053 C 0.00159 D 0.0031 E 7.56e-05 F 0.0107 G 0.0833 H 7.56e-05 I 0.0636 K 7.56e-05 L 0.141 M 7.56e-05 N 0.194 P 0.118 Q 0.0591 R 0.00613 S 0.117 T 7.56e-05 V 0.147 W 7.56e-05 Y 0.0031 

MOTIF 1-VQNGQPNLSSLPNVI STREME-1
letter-probability matrix: alength= 20 w= 15 nsites= 44 S= 3.8e-026
 0.004821 0.000144 0.000282 0.000007 0.000970 0.007571 0.000007 0.005783 0.000007 0.012799 0.000007 0.017608 0.010736 0.005371 0.000557 0.010599 0.000007 0.922436 0.000007 0.000282
 0.004821 0.000144 0.000282 0.000007 0.000970 0.007571 0.000007 0.005783 0.000007 0.012799 0.000007 0.017608 0.010736 0.914462 0.000557 0.010599 0.000007 0.013345 0.000007 0.000282
 0.004821 0.000144 0.000282 0.000007 0.000970 0.007571 0.000007 0.005783 0.000007 0.012799 0.000007 0.926699 0.010736 0.005371 0.000557 0.010599 0.000007 0.013345 0.000007 0.000282
 0.004821 0.000144 0.000282 0.000007 0.000970 0.916661 0.000007 0.005783 0.000007 0.012799 0.000007 0.017608 0.010736 0.005371 0.000557 0.010599 0.000007 0.013345 0.000007 0.000282
 0.004821 0.000144 0.000282 0.000007 0.000970 0.007571 0.000007 0.005783 0.000007 0.012799 0.000007 0.017608 0.010736 0.914462 0.000557 0.010599 0.000007 0.013345 0.000007 0.000282
 0.004821 0.000144 0.000282 0.000007 0.000970 0.007571 0.000007 0.005783 0.000007 0.012799 0.000007 0.017608 0.919827 0.005371 0.000557 0.010599 0.000007 0.013345 0.000007 0.000282
 0.004821 0.000144 0.000282 0.000007 0.000970 0.007571 0.000007 0.005783 0.000007 0.012799 0.000007 0.926699 0.010736 0.005371 0.000557 0.010599 0.000007 0.013345 0.000007 0.000282
 0.004821 0.000144 0.000282 0.000007 0.000970 0.007571 0.000007 0.005783 0.000007 0.921890 0.000007 0.017608 0.010736 0.005371 0.000557 0.010599 0.000007 0.013345 0.000007 0.000282
 0.004821 0.000144 0.000282 0.000007 0.000970 0.007571 0.000007 0.005783 0.000007 0.012799 0.000007 0.017608 0.010736 0.005371 0.000557 0.919690 0.000007 0.013345 0.000007 0.000282
 0.004821 0.000144 0.000282 0.000007 0.000970 0.007571 0.000007 0.005783 0.000007 0.012799 0.000007 0.017608 0.010736 0.005371 0.000557 0.919690 0.000007 0.013345 0.000007 0.000282
 0.004821 0.000144 0.000282 0.000007 0.000970 0.007571 0.000007 0.005783 0.000007 0.921890 0.000007 0.017608 0.010736 0.005371 0.000557 0.010599 0.000007 0.013345 0.000007 0.000282
 0.004821 0.000144 0.000282 0.000007 0.000970 0.007571 0.000007 0.005783 0.000007 0.012799 0.000007 0.017608 0.919827 0.005371 0.000557 0.010599 0.000007 0.013345 0.000007 0.000282
 0.004821 0.000144 0.000282 0.000007 0.000970 0.007571 0.000007 0.005783 0.000007 0.012799 0.000007 0.926699 0.010736 0.005371 0.000557 0.010599 0.000007 0.013345 0.000007 0.000282
 0.004821 0.000144 0.000282 0.000007 0.000970 0.007571 0.000007 0.005783 0.000007 0.012799 0.000007 0.017608 0.010736 0.005371 0.000557 0.010599 0.000007 0.922436 0.000007 0.000282
 0.004821 0.000144 0.000282 0.000007 0.000970 0.007571 0.000007 0.914874 0.000007 0.012799 0.000007 0.017608 0.010736 0.005371 0.000557 0.010599 0.000007 0.013345 0.000007 0.000282

MOTIF 2-LSS STREME-2
letter-probability matrix: alength= 20 w= 3 nsites= 1 S= 8.8e-001
 0.004821 0.000144 0.000282 0.000007 0.000970 0.007571 0.000007 0.005783 0.000007 0.921890 0.000007 0.017608 0.010736 0.005371 0.000557 0.010599 0.000007 0.013345 0.000007 0.000282
 0.004821 0.000144 0.000282 0.000007 0.000970 0.007571 0.000007 0.005783 0.000007 0.012799 0.000007 0.017608 0.010736 0.005371 0.000557 0.919690 0.000007 0.013345 0.000007 0.000282
 0.004821 0.000144 0.000282 0.000007 0.000970 0.007571 0.000007 0.005783 0.000007 0.012799 0.000007 0.017608 0.010736 0.005371 0.000557 0.919690 0.000007 0.013345 0.000007 0.000282

********************************************************************************
Stopped because the next motif had no positive sites with scores > 0.
********************************************************************************
COMMAND:	streme --protein --p ./Data/v1_cluster_windows_15mers/cluster_15795.fasta --minw 3 --maxw 15 --thresh 0.05 --oc ./Results/v1_Top500_Run_20250504_162200/streme_out_cluster_15795
********************************************************************************
CPU:		Hirokis-MacBook-Air.local
********************************************************************************
FINALTIME:	0.15 seconds
********************************************************************************
