********************************************************************************
STREME - Sensitive, Thorough, Rapid, Enriched Motif Elicitation
********************************************************************************
MEME version 5.5.7 (Release date: Wed Jun 19 13:59:04 2024 -0700)

For further information on how to interpret these results please access https://meme-suite.org/meme.
To get a copy of the MEME Suite software please access https://meme-suite.org.

********************************************************************************


********************************************************************************
REFERENCE
********************************************************************************
If you use this program in your research, please cite:

Timothy L. Bailey,
"STREME: accurate and versatile sequence motif discovery",
Bioinformatics, Mar. 24, 2021.
********************************************************************************


ALPHABET= ACDEFGHIKLMNPQRSTVWY

strands: +

Background letter frequencies
A 0.0651 C 7.92e-05 D 0.00166 E 0.00166 F 0.00166 G 7.92e-05 H 7.92e-05 I 0.0349 K 7.92e-05 L 0.0223 M 0.0334 N 0.00642 P 0.0666 Q 0.054 R 0.136 S 0.498 T 0.00325 V 0.0746 W 7.92e-05 Y 7.92e-05 

MOTIF 1-ASRISSPSSQSRVSS STREME-1
letter-probability matrix: alength= 20 w= 15 nsites= 42 S= 6.0e-025
 0.915005 0.000007 0.000151 0.000151 0.000151 0.000007 0.000007 0.003176 0.000007 0.002024 0.003033 0.000583 0.006058 0.004905 0.012400 0.045244 0.000295 0.006778 0.000007 0.000007
 0.005914 0.000007 0.000151 0.000151 0.000151 0.000007 0.000007 0.003176 0.000007 0.002024 0.003033 0.000583 0.006058 0.004905 0.012400 0.954335 0.000295 0.006778 0.000007 0.000007
 0.005914 0.000007 0.000151 0.000151 0.000151 0.000007 0.000007 0.003176 0.000007 0.002024 0.003033 0.000583 0.006058 0.004905 0.921491 0.045244 0.000295 0.006778 0.000007 0.000007
 0.005914 0.000007 0.000151 0.000151 0.000151 0.000007 0.000007 0.912267 0.000007 0.002024 0.003033 0.000583 0.006058 0.004905 0.012400 0.045244 0.000295 0.006778 0.000007 0.000007
 0.005914 0.000007 0.000151 0.000151 0.000151 0.000007 0.000007 0.003176 0.000007 0.002024 0.003033 0.000583 0.006058 0.004905 0.012400 0.954335 0.000295 0.006778 0.000007 0.000007
 0.005914 0.000007 0.000151 0.000151 0.000151 0.000007 0.000007 0.003176 0.000007 0.002024 0.003033 0.000583 0.006058 0.004905 0.012400 0.954335 0.000295 0.006778 0.000007 0.000007
 0.005914 0.000007 0.000151 0.000151 0.000151 0.000007 0.000007 0.003176 0.000007 0.002024 0.003033 0.000583 0.915149 0.004905 0.012400 0.045244 0.000295 0.006778 0.000007 0.000007
 0.005914 0.000007 0.000151 0.000151 0.000151 0.000007 0.000007 0.003176 0.000007 0.002024 0.003033 0.000583 0.006058 0.004905 0.012400 0.954335 0.000295 0.006778 0.000007 0.000007
 0.005914 0.000007 0.000151 0.000151 0.000151 0.000007 0.000007 0.003176 0.000007 0.002024 0.003033 0.000583 0.006058 0.004905 0.012400 0.954335 0.000295 0.006778 0.000007 0.000007
 0.005914 0.000007 0.000151 0.000151 0.000151 0.000007 0.000007 0.003176 0.000007 0.002024 0.003033 0.000583 0.006058 0.913996 0.012400 0.045244 0.000295 0.006778 0.000007 0.000007
 0.005914 0.000007 0.000151 0.000151 0.000151 0.000007 0.000007 0.003176 0.000007 0.002024 0.003033 0.000583 0.006058 0.004905 0.012400 0.954335 0.000295 0.006778 0.000007 0.000007
 0.005914 0.000007 0.000151 0.000151 0.000151 0.000007 0.000007 0.003176 0.000007 0.002024 0.003033 0.000583 0.006058 0.004905 0.921491 0.045244 0.000295 0.006778 0.000007 0.000007
 0.005914 0.000007 0.000151 0.000151 0.000151 0.000007 0.000007 0.003176 0.000007 0.002024 0.003033 0.000583 0.006058 0.004905 0.012400 0.045244 0.000295 0.915869 0.000007 0.000007
 0.005914 0.000007 0.000151 0.000151 0.000151 0.000007 0.000007 0.003176 0.000007 0.002024 0.003033 0.000583 0.006058 0.004905 0.012400 0.954335 0.000295 0.006778 0.000007 0.000007
 0.005914 0.000007 0.000151 0.000151 0.000151 0.000007 0.000007 0.003176 0.000007 0.002024 0.003033 0.000583 0.006058 0.004905 0.012400 0.954335 0.000295 0.006778 0.000007 0.000007

********************************************************************************
Stopped because the next motif had no positive sites with scores > 0.
********************************************************************************
COMMAND:	streme --protein --p ./Data/v1_cluster_windows_15mers/cluster_11840.fasta --minw 3 --maxw 15 --thresh 0.05 --oc ./Results/v1_Top500_Run_20250504_162200/streme_out_cluster_11840
********************************************************************************
CPU:		Hirokis-MacBook-Air.local
********************************************************************************
FINALTIME:	0.13 seconds
********************************************************************************
