********************************************************************************
STREME - Sensitive, Thorough, Rapid, Enriched Motif Elicitation
********************************************************************************
MEME version 5.5.7 (Release date: Wed Jun 19 13:59:04 2024 -0700)

For further information on how to interpret these results please access https://meme-suite.org/meme.
To get a copy of the MEME Suite software please access https://meme-suite.org.

********************************************************************************


********************************************************************************
REFERENCE
********************************************************************************
If you use this program in your research, please cite:

Timothy L. Bailey,
"STREME: accurate and versatile sequence motif discovery",
Bioinformatics, Mar. 24, 2021.
********************************************************************************


ALPHABET= ACDEFGHIKLMNPQRSTVWY

strands: +

Background letter frequencies
A 0.076 C 6.66e-05 D 0.0014 E 0.00406 F 0.00406 G 6.66e-05 H 6.66e-05 I 0.032 K 6.66e-05 L 0.0294 M 0.024 N 0.00406 P 0.0666 Q 0.0467 R 0.144 S 0.498 T 6.66e-05 V 0.0693 W 6.66e-05 Y 6.66e-05 

MOTIF 1-SRISSPSSQSRVSSA STREME-1
letter-probability matrix: alength= 20 w= 15 nsites= 50 E= 4.0e-003
 0.006906 0.000006 0.000127 0.000369 0.000369 0.000006 0.000006 0.002911 0.000006 0.002669 0.002184 0.000369 0.006058 0.004243 0.013081 0.954371 0.000006 0.006301 0.000006 0.000006
 0.006906 0.000006 0.000127 0.000369 0.000369 0.000006 0.000006 0.002911 0.000006 0.002669 0.002184 0.000369 0.006058 0.004243 0.922172 0.045280 0.000006 0.006301 0.000006 0.000006
 0.006906 0.000006 0.000127 0.000369 0.000369 0.000006 0.000006 0.912002 0.000006 0.002669 0.002184 0.000369 0.006058 0.004243 0.013081 0.045280 0.000006 0.006301 0.000006 0.000006
 0.006906 0.000006 0.000127 0.000369 0.000369 0.000006 0.000006 0.002911 0.000006 0.002669 0.002184 0.000369 0.006058 0.004243 0.013081 0.954371 0.000006 0.006301 0.000006 0.000006
 0.006906 0.000006 0.000127 0.000369 0.000369 0.000006 0.000006 0.002911 0.000006 0.002669 0.002184 0.000369 0.006058 0.004243 0.013081 0.954371 0.000006 0.006301 0.000006 0.000006
 0.006906 0.000006 0.000127 0.000369 0.000369 0.000006 0.000006 0.002911 0.000006 0.002669 0.002184 0.000369 0.915149 0.004243 0.013081 0.045280 0.000006 0.006301 0.000006 0.000006
 0.006906 0.000006 0.000127 0.000369 0.000369 0.000006 0.000006 0.002911 0.000006 0.002669 0.002184 0.000369 0.006058 0.004243 0.013081 0.954371 0.000006 0.006301 0.000006 0.000006
 0.006906 0.000006 0.000127 0.000369 0.000369 0.000006 0.000006 0.002911 0.000006 0.002669 0.002184 0.000369 0.006058 0.004243 0.013081 0.954371 0.000006 0.006301 0.000006 0.000006
 0.006906 0.000006 0.000127 0.000369 0.000369 0.000006 0.000006 0.002911 0.000006 0.002669 0.002184 0.000369 0.006058 0.913333 0.013081 0.045280 0.000006 0.006301 0.000006 0.000006
 0.006906 0.000006 0.000127 0.000369 0.000369 0.000006 0.000006 0.002911 0.000006 0.002669 0.002184 0.000369 0.006058 0.004243 0.013081 0.954371 0.000006 0.006301 0.000006 0.000006
 0.006906 0.000006 0.000127 0.000369 0.000369 0.000006 0.000006 0.002911 0.000006 0.002669 0.002184 0.000369 0.006058 0.004243 0.922172 0.045280 0.000006 0.006301 0.000006 0.000006
 0.006906 0.000006 0.000127 0.000369 0.000369 0.000006 0.000006 0.002911 0.000006 0.002669 0.002184 0.000369 0.006058 0.004243 0.013081 0.045280 0.000006 0.915392 0.000006 0.000006
 0.006906 0.000006 0.000127 0.000369 0.000369 0.000006 0.000006 0.002911 0.000006 0.002669 0.002184 0.000369 0.006058 0.004243 0.013081 0.954371 0.000006 0.006301 0.000006 0.000006
 0.006906 0.000006 0.000127 0.000369 0.000369 0.000006 0.000006 0.002911 0.000006 0.002669 0.002184 0.000369 0.006058 0.004243 0.013081 0.954371 0.000006 0.006301 0.000006 0.000006
 0.915997 0.000006 0.000127 0.000369 0.000369 0.000006 0.000006 0.002911 0.000006 0.002669 0.002184 0.000369 0.006058 0.004243 0.013081 0.045280 0.000006 0.006301 0.000006 0.000006

********************************************************************************
Stopped because the next motif had no positive sites with scores > 0.
********************************************************************************
COMMAND:	streme --protein --p ./Data/v1_cluster_windows_15mers/cluster_6924.fasta --minw 3 --maxw 15 --thresh 0.05 --oc ./Results/v1_Top500_Run_20250504_162200/streme_out_cluster_6924
********************************************************************************
CPU:		Hirokis-MacBook-Air.local
********************************************************************************
FINALTIME:	0.14 seconds
********************************************************************************
