********************************************************************************
STREME - Sensitive, Thorough, Rapid, Enriched Motif Elicitation
********************************************************************************
MEME version 5.5.7 (Release date: Wed Jun 19 13:59:04 2024 -0700)

For further information on how to interpret these results please access https://meme-suite.org/meme.
To get a copy of the MEME Suite software please access https://meme-suite.org.

********************************************************************************


********************************************************************************
REFERENCE
********************************************************************************
If you use this program in your research, please cite:

Timothy L. Bailey,
"STREME: accurate and versatile sequence motif discovery",
Bioinformatics, Mar. 24, 2021.
********************************************************************************


ALPHABET= ACDEFGHIKLMNPQRSTVWY

strands: +

Background letter frequencies
A 0.175 C 7.4e-05 D 7.4e-05 E 7.4e-05 F 0.0445 G 0.139 H 7.4e-05 I 7.4e-05 K 7.4e-05 L 0.105 M 0.0415 N 0.102 P 7.4e-05 Q 7.4e-05 R 0.00155 S 0.218 T 0.0859 V 0.0726 W 7.4e-05 Y 0.0149 

MOTIF 1-ASALTAGG STREME-1
letter-probability matrix: alength= 20 w= 8 nsites= 45 S= 9.6e-027
 0.909243 0.000000 0.000000 0.000000 0.000138 0.000432 0.000000 0.000000 0.000000 0.000326 0.000129 0.000317 0.000000 0.000000 0.000005 0.000675 0.000267 0.088421 0.000000 0.000046
 0.043914 0.000000 0.000000 0.000000 0.000138 0.000432 0.000000 0.000000 0.000000 0.000326 0.000129 0.199698 0.000000 0.000000 0.000005 0.500813 0.254272 0.000225 0.000000 0.000046
 0.732461 0.000000 0.000000 0.000000 0.000138 0.000432 0.000000 0.000000 0.000000 0.000326 0.000129 0.000317 0.000000 0.000000 0.000005 0.265652 0.000267 0.000225 0.000000 0.000046
 0.000542 0.000000 0.000000 0.000000 0.000138 0.000432 0.000000 0.000000 0.000000 0.997223 0.000129 0.000317 0.000000 0.000000 0.000005 0.000675 0.000267 0.000225 0.000000 0.000046
 0.000542 0.000000 0.000000 0.000000 0.000138 0.000432 0.000000 0.000000 0.000000 0.000326 0.000129 0.000317 0.000000 0.000000 0.000005 0.000675 0.997163 0.000225 0.000000 0.000046
 0.652182 0.000000 0.000000 0.000000 0.000138 0.000432 0.000000 0.000000 0.000000 0.000326 0.000129 0.000317 0.000000 0.000000 0.000005 0.345932 0.000267 0.000225 0.000000 0.000046
 0.000542 0.000000 0.000000 0.000000 0.000138 0.997328 0.000000 0.000000 0.000000 0.000326 0.000129 0.000317 0.000000 0.000000 0.000005 0.000675 0.000267 0.000225 0.000000 0.000046
 0.000542 0.000000 0.000000 0.000000 0.000138 0.997328 0.000000 0.000000 0.000000 0.000326 0.000129 0.000317 0.000000 0.000000 0.000005 0.000675 0.000267 0.000225 0.000000 0.000046

MOTIF 2-FNV STREME-2
letter-probability matrix: alength= 20 w= 3 nsites= 42 S= 1.4e-019
 0.000589 0.000000 0.000000 0.000000 0.771487 0.000469 0.000000 0.000000 0.000000 0.225646 0.000140 0.000344 0.000000 0.000000 0.000005 0.000734 0.000290 0.000245 0.000000 0.000050
 0.000589 0.000000 0.000000 0.000000 0.000150 0.000469 0.000000 0.000000 0.000000 0.000354 0.000140 0.996972 0.000000 0.000000 0.000005 0.000734 0.000290 0.000245 0.000000 0.000050
 0.058349 0.000000 0.000000 0.000000 0.000150 0.000469 0.000000 0.000000 0.000000 0.272775 0.000140 0.000344 0.000000 0.000000 0.000005 0.000734 0.000290 0.666692 0.000000 0.000050

MOTIF 3-SSM STREME-3
letter-probability matrix: alength= 20 w= 3 nsites= 26 S= 1.6e-009
 0.000911 0.000000 0.000000 0.000000 0.000232 0.000725 0.000000 0.000000 0.000000 0.000548 0.000216 0.000532 0.000000 0.000000 0.000008 0.995920 0.000448 0.000378 0.000000 0.000078
 0.000911 0.000000 0.000000 0.000000 0.000232 0.110951 0.000000 0.000000 0.000000 0.000548 0.000216 0.000532 0.000000 0.000000 0.000008 0.885695 0.000448 0.000378 0.000000 0.000078
 0.000911 0.000000 0.000000 0.000000 0.000232 0.000725 0.000000 0.000000 0.000000 0.000548 0.995002 0.000532 0.000000 0.000000 0.000008 0.001134 0.000448 0.000378 0.000000 0.000078

MOTIF 4-SSV STREME-4
letter-probability matrix: alength= 20 w= 3 nsites= 11 S= 6.9e-003
 0.015875 0.000007 0.000007 0.000007 0.004041 0.012647 0.000007 0.000007 0.000007 0.009556 0.003772 0.009283 0.000007 0.000007 0.000141 0.928866 0.007807 0.006597 0.000007 0.001352
 0.015875 0.000007 0.000007 0.000007 0.004041 0.012647 0.000007 0.000007 0.000007 0.009556 0.003772 0.009283 0.000007 0.000007 0.000141 0.928866 0.007807 0.006597 0.000007 0.001352
 0.015875 0.000007 0.000007 0.000007 0.004041 0.012647 0.000007 0.000007 0.000007 0.009556 0.003772 0.009283 0.000007 0.000007 0.000141 0.019776 0.007807 0.915688 0.000007 0.001352

MOTIF 5-TGAL STREME-5
letter-probability matrix: alength= 20 w= 4 nsites= 1 S= 5.0e-001
 0.022017 0.000009 0.000009 0.000009 0.005605 0.017540 0.000009 0.000009 0.000009 0.013253 0.005232 0.012875 0.000009 0.000009 0.000196 0.027426 0.884748 0.009150 0.000009 0.001875
 0.022017 0.000009 0.000009 0.000009 0.005605 0.891460 0.000009 0.000009 0.000009 0.013253 0.005232 0.012875 0.000009 0.000009 0.000196 0.027426 0.010828 0.009150 0.000009 0.001875
 0.895937 0.000009 0.000009 0.000009 0.005605 0.017540 0.000009 0.000009 0.000009 0.013253 0.005232 0.012875 0.000009 0.000009 0.000196 0.027426 0.010828 0.009150 0.000009 0.001875
 0.022017 0.000009 0.000009 0.000009 0.005605 0.017540 0.000009 0.000009 0.000009 0.887173 0.005232 0.012875 0.000009 0.000009 0.000196 0.027426 0.010828 0.009150 0.000009 0.001875

********************************************************************************
Stopped because maximum number of motifs (5) reached.
********************************************************************************
COMMAND:	streme --protein --p ./Data/v1_cluster_windows_15mers/cluster_2752.fasta --minw 3 --maxw 15 --thresh 0.05 --oc ./Results/v1_Top500_Run_20250504_162200/streme_out_cluster_2752
********************************************************************************
CPU:		Hirokis-MacBook-Air.local
********************************************************************************
FINALTIME:	0.14 seconds
********************************************************************************
