********************************************************************************
STREME - Sensitive, Thorough, Rapid, Enriched Motif Elicitation
********************************************************************************
MEME version 5.5.7 (Release date: Wed Jun 19 13:59:04 2024 -0700)

For further information on how to interpret these results please access https://meme-suite.org/meme.
To get a copy of the MEME Suite software please access https://meme-suite.org.

********************************************************************************


********************************************************************************
REFERENCE
********************************************************************************
If you use this program in your research, please cite:

Timothy L. Bailey,
"STREME: accurate and versatile sequence motif discovery",
Bioinformatics, Mar. 24, 2021.
********************************************************************************


ALPHABET= ACDEFGHIKLMNPQRSTVWY

strands: +

Background letter frequencies
A 0.158 C 4.16e-05 D 0.00171 E 4.16e-05 F 4.16e-05 G 0.00337 H 4.16e-05 I 0.00254 K 4.16e-05 L 0.0633 M 0.00254 N 0.0192 P 4.16e-05 Q 0.00254 R 0.129 S 0.475 T 0.0458 V 0.0966 W 4.16e-05 Y 4.16e-05 

MOTIF 1-SRLSSSSATSRVSSA STREME-1
letter-probability matrix: alength= 20 w= 15 nsites= 80 E= 7.8e-005
 0.014383 0.000004 0.000155 0.000004 0.000004 0.000307 0.000004 0.000231 0.000004 0.005757 0.000231 0.001745 0.000004 0.000231 0.011737 0.952240 0.004168 0.008785 0.000004 0.000004
 0.014383 0.000004 0.000155 0.000004 0.000004 0.000307 0.000004 0.000231 0.000004 0.005757 0.000231 0.001745 0.000004 0.000231 0.920828 0.043149 0.004168 0.008785 0.000004 0.000004
 0.014383 0.000004 0.000155 0.000004 0.000004 0.000307 0.000004 0.000231 0.000004 0.914848 0.000231 0.001745 0.000004 0.000231 0.011737 0.043149 0.004168 0.008785 0.000004 0.000004
 0.014383 0.000004 0.000155 0.000004 0.000004 0.000307 0.000004 0.000231 0.000004 0.005757 0.000231 0.001745 0.000004 0.000231 0.011737 0.952240 0.004168 0.008785 0.000004 0.000004
 0.014383 0.000004 0.000155 0.000004 0.000004 0.000307 0.000004 0.000231 0.000004 0.005757 0.000231 0.001745 0.000004 0.000231 0.011737 0.952240 0.004168 0.008785 0.000004 0.000004
 0.014383 0.000004 0.000155 0.000004 0.000004 0.000307 0.000004 0.000231 0.000004 0.005757 0.000231 0.001745 0.000004 0.000231 0.011737 0.952240 0.004168 0.008785 0.000004 0.000004
 0.014383 0.000004 0.000155 0.000004 0.000004 0.000307 0.000004 0.000231 0.000004 0.005757 0.000231 0.001745 0.000004 0.000231 0.011737 0.952240 0.004168 0.008785 0.000004 0.000004
 0.923474 0.000004 0.000155 0.000004 0.000004 0.000307 0.000004 0.000231 0.000004 0.005757 0.000231 0.001745 0.000004 0.000231 0.011737 0.043149 0.004168 0.008785 0.000004 0.000004
 0.014383 0.000004 0.000155 0.000004 0.000004 0.000307 0.000004 0.000231 0.000004 0.005757 0.000231 0.001745 0.000004 0.000231 0.011737 0.043149 0.913259 0.008785 0.000004 0.000004
 0.014383 0.000004 0.000155 0.000004 0.000004 0.000307 0.000004 0.000231 0.000004 0.005757 0.000231 0.001745 0.000004 0.000231 0.011737 0.952240 0.004168 0.008785 0.000004 0.000004
 0.014383 0.000004 0.000155 0.000004 0.000004 0.000307 0.000004 0.000231 0.000004 0.005757 0.000231 0.001745 0.000004 0.000231 0.920828 0.043149 0.004168 0.008785 0.000004 0.000004
 0.014383 0.000004 0.000155 0.000004 0.000004 0.000307 0.000004 0.000231 0.000004 0.005757 0.000231 0.001745 0.000004 0.000231 0.011737 0.043149 0.004168 0.917876 0.000004 0.000004
 0.014383 0.000004 0.000155 0.000004 0.000004 0.000307 0.000004 0.000231 0.000004 0.005757 0.000231 0.001745 0.000004 0.000231 0.011737 0.952240 0.004168 0.008785 0.000004 0.000004
 0.014383 0.000004 0.000155 0.000004 0.000004 0.000307 0.000004 0.000231 0.000004 0.005757 0.000231 0.001745 0.000004 0.000231 0.011737 0.952240 0.004168 0.008785 0.000004 0.000004
 0.923474 0.000004 0.000155 0.000004 0.000004 0.000307 0.000004 0.000231 0.000004 0.005757 0.000231 0.001745 0.000004 0.000231 0.011737 0.043149 0.004168 0.008785 0.000004 0.000004

********************************************************************************
Stopped because the next motif had no positive sites with scores > 0.
********************************************************************************
COMMAND:	streme --protein --p ./Data/v1_cluster_windows_15mers/cluster_20212.fasta --minw 3 --maxw 15 --thresh 0.05 --oc ./Results/v1_Top500_Run_20250504_162200/streme_out_cluster_20212
********************************************************************************
CPU:		Hirokis-MacBook-Air.local
********************************************************************************
FINALTIME:	0.15 seconds
********************************************************************************
