********************************************************************************
STREME - Sensitive, Thorough, Rapid, Enriched Motif Elicitation
********************************************************************************
MEME version 5.5.7 (Release date: Wed Jun 19 13:59:04 2024 -0700)

For further information on how to interpret these results please access https://meme-suite.org/meme.
To get a copy of the MEME Suite software please access https://meme-suite.org.

********************************************************************************


********************************************************************************
REFERENCE
********************************************************************************
If you use this program in your research, please cite:

Timothy L. Bailey,
"STREME: accurate and versatile sequence motif discovery",
Bioinformatics, Mar. 24, 2021.
********************************************************************************


ALPHABET= ACDEFGHIKLMNPQRSTVWY

strands: +

Background letter frequencies
A 0.188 C 6.53e-05 D 6.53e-05 E 0.0666 F 6.53e-05 G 0.101 H 6.53e-05 I 0.00659 K 6.53e-05 L 0.0666 M 0.00137 N 0.0601 P 6.53e-05 Q 6.53e-05 R 0.0666 S 0.261 T 0.0236 V 0.0927 W 6.53e-05 Y 0.0653 

MOTIF 1-YSGSVSRLSSAEAAS STREME-1
letter-probability matrix: alength= 20 w= 15 nsites= 51 E= 7.9e-003
 0.017099 0.000006 0.000006 0.006058 0.000006 0.009145 0.000006 0.000599 0.000006 0.006058 0.000125 0.005465 0.000006 0.000006 0.006058 0.023744 0.002142 0.008431 0.000006 0.915030
 0.017099 0.000006 0.000006 0.006058 0.000006 0.009145 0.000006 0.000599 0.000006 0.006058 0.000125 0.005465 0.000006 0.000006 0.006058 0.932835 0.002142 0.008431 0.000006 0.005940
 0.017099 0.000006 0.000006 0.006058 0.000006 0.918236 0.000006 0.000599 0.000006 0.006058 0.000125 0.005465 0.000006 0.000006 0.006058 0.023744 0.002142 0.008431 0.000006 0.005940
 0.017099 0.000006 0.000006 0.006058 0.000006 0.009145 0.000006 0.000599 0.000006 0.006058 0.000125 0.005465 0.000006 0.000006 0.006058 0.932835 0.002142 0.008431 0.000006 0.005940
 0.017099 0.000006 0.000006 0.006058 0.000006 0.009145 0.000006 0.000599 0.000006 0.006058 0.000125 0.005465 0.000006 0.000006 0.006058 0.023744 0.002142 0.917522 0.000006 0.005940
 0.017099 0.000006 0.000006 0.006058 0.000006 0.009145 0.000006 0.000599 0.000006 0.006058 0.000125 0.005465 0.000006 0.000006 0.006058 0.932835 0.002142 0.008431 0.000006 0.005940
 0.017099 0.000006 0.000006 0.006058 0.000006 0.009145 0.000006 0.000599 0.000006 0.006058 0.000125 0.005465 0.000006 0.000006 0.915149 0.023744 0.002142 0.008431 0.000006 0.005940
 0.017099 0.000006 0.000006 0.006058 0.000006 0.009145 0.000006 0.000599 0.000006 0.915149 0.000125 0.005465 0.000006 0.000006 0.006058 0.023744 0.002142 0.008431 0.000006 0.005940
 0.017099 0.000006 0.000006 0.006058 0.000006 0.009145 0.000006 0.000599 0.000006 0.006058 0.000125 0.005465 0.000006 0.000006 0.006058 0.932835 0.002142 0.008431 0.000006 0.005940
 0.017099 0.000006 0.000006 0.006058 0.000006 0.009145 0.000006 0.000599 0.000006 0.006058 0.000125 0.005465 0.000006 0.000006 0.006058 0.932835 0.002142 0.008431 0.000006 0.005940
 0.926190 0.000006 0.000006 0.006058 0.000006 0.009145 0.000006 0.000599 0.000006 0.006058 0.000125 0.005465 0.000006 0.000006 0.006058 0.023744 0.002142 0.008431 0.000006 0.005940
 0.017099 0.000006 0.000006 0.915149 0.000006 0.009145 0.000006 0.000599 0.000006 0.006058 0.000125 0.005465 0.000006 0.000006 0.006058 0.023744 0.002142 0.008431 0.000006 0.005940
 0.926190 0.000006 0.000006 0.006058 0.000006 0.009145 0.000006 0.000599 0.000006 0.006058 0.000125 0.005465 0.000006 0.000006 0.006058 0.023744 0.002142 0.008431 0.000006 0.005940
 0.926190 0.000006 0.000006 0.006058 0.000006 0.009145 0.000006 0.000599 0.000006 0.006058 0.000125 0.005465 0.000006 0.000006 0.006058 0.023744 0.002142 0.008431 0.000006 0.005940
 0.017099 0.000006 0.000006 0.006058 0.000006 0.009145 0.000006 0.000599 0.000006 0.006058 0.000125 0.005465 0.000006 0.000006 0.006058 0.932835 0.002142 0.008431 0.000006 0.005940

MOTIF 2-SVN STREME-2
letter-probability matrix: alength= 20 w= 3 nsites= 1 E= 2.0e+000
 0.017099 0.000006 0.000006 0.006058 0.000006 0.009145 0.000006 0.000599 0.000006 0.006058 0.000125 0.005465 0.000006 0.000006 0.006058 0.932835 0.002142 0.008431 0.000006 0.005940
 0.017099 0.000006 0.000006 0.006058 0.000006 0.009145 0.000006 0.000599 0.000006 0.006058 0.000125 0.005465 0.000006 0.000006 0.006058 0.023744 0.002142 0.917522 0.000006 0.005940
 0.017099 0.000006 0.000006 0.006058 0.000006 0.009145 0.000006 0.000599 0.000006 0.006058 0.000125 0.914556 0.000006 0.000006 0.006058 0.023744 0.002142 0.008431 0.000006 0.005940

********************************************************************************
Stopped because the next motif had no positive sites with scores > 0.
********************************************************************************
COMMAND:	streme --protein --p ./Data/v1_cluster_windows_15mers/cluster_15269.fasta --minw 3 --maxw 15 --thresh 0.05 --oc ./Results/v1_Top500_Run_20250504_162200/streme_out_cluster_15269
********************************************************************************
CPU:		Hirokis-MacBook-Air.local
********************************************************************************
FINALTIME:	0.14 seconds
********************************************************************************
