********************************************************************************
STREME - Sensitive, Thorough, Rapid, Enriched Motif Elicitation
********************************************************************************
MEME version 5.5.7 (Release date: Wed Jun 19 13:59:04 2024 -0700)

For further information on how to interpret these results please access https://meme-suite.org/meme.
To get a copy of the MEME Suite software please access https://meme-suite.org.

********************************************************************************


********************************************************************************
REFERENCE
********************************************************************************
If you use this program in your research, please cite:

Timothy L. Bailey,
"STREME: accurate and versatile sequence motif discovery",
Bioinformatics, Mar. 24, 2021.
********************************************************************************


ALPHABET= ACDEFGHIKLMNPQRSTVWY

strands: +

Background letter frequencies
A 0.0156 C 4.32e-05 D 0.0303 E 0.0139 F 4.32e-05 G 4.32e-05 H 4.32e-05 I 0.0442 K 4.32e-05 L 4.32e-05 M 4.32e-05 N 0.0485 P 4.32e-05 Q 0.0519 R 4.32e-05 S 0.0398 T 0.653 V 0.0796 W 4.32e-05 Y 0.0225 

MOTIF 1-TTNTQ STREME-1
letter-probability matrix: alength= 20 w= 5 nsites= 43 E= 1.5e-003
 0.001419 0.000004 0.002756 0.001262 0.000004 0.000004 0.000004 0.004014 0.000004 0.000004 0.000004 0.004408 0.000004 0.004723 0.000004 0.003622 0.968470 0.007239 0.000004 0.002048
 0.001419 0.000004 0.002756 0.001262 0.000004 0.000004 0.000004 0.004014 0.000004 0.000004 0.000004 0.004408 0.000004 0.004723 0.000004 0.003622 0.968470 0.007239 0.000004 0.002048
 0.001419 0.000004 0.002756 0.001262 0.000004 0.000004 0.000004 0.004014 0.000004 0.000004 0.000004 0.913499 0.000004 0.004723 0.000004 0.003622 0.059379 0.007239 0.000004 0.002048
 0.001419 0.000004 0.002756 0.001262 0.000004 0.000004 0.000004 0.004014 0.000004 0.000004 0.000004 0.004408 0.000004 0.004723 0.000004 0.003622 0.968470 0.007239 0.000004 0.002048
 0.001419 0.000004 0.002756 0.001262 0.000004 0.000004 0.000004 0.004014 0.000004 0.000004 0.000004 0.004408 0.000004 0.913813 0.000004 0.003622 0.059379 0.007239 0.000004 0.002048

MOTIF 2-VTTTT STREME-2
letter-probability matrix: alength= 20 w= 5 nsites= 74 E= 1.2e-002
 0.001419 0.000004 0.002756 0.001262 0.000004 0.000004 0.000004 0.004014 0.000004 0.000004 0.000004 0.004408 0.000004 0.004723 0.000004 0.003622 0.059379 0.916330 0.000004 0.002048
 0.001419 0.000004 0.002756 0.001262 0.000004 0.000004 0.000004 0.004014 0.000004 0.000004 0.000004 0.004408 0.000004 0.004723 0.000004 0.003622 0.968470 0.007239 0.000004 0.002048
 0.001419 0.000004 0.002756 0.001262 0.000004 0.000004 0.000004 0.004014 0.000004 0.000004 0.000004 0.004408 0.000004 0.004723 0.000004 0.003622 0.968470 0.007239 0.000004 0.002048
 0.001419 0.000004 0.002756 0.001262 0.000004 0.000004 0.000004 0.004014 0.000004 0.000004 0.000004 0.004408 0.000004 0.004723 0.000004 0.003622 0.968470 0.007239 0.000004 0.002048
 0.001419 0.000004 0.002756 0.001262 0.000004 0.000004 0.000004 0.004014 0.000004 0.000004 0.000004 0.004408 0.000004 0.004723 0.000004 0.003622 0.968470 0.007239 0.000004 0.002048

MOTIF 3-STITIT STREME-3
letter-probability matrix: alength= 20 w= 6 nsites= 26 E= 5.0e+000
 0.001419 0.000004 0.002756 0.001262 0.000004 0.000004 0.000004 0.004014 0.000004 0.000004 0.000004 0.004408 0.000004 0.004723 0.000004 0.912713 0.059379 0.007239 0.000004 0.002048
 0.001419 0.000004 0.002756 0.001262 0.000004 0.000004 0.000004 0.004014 0.000004 0.000004 0.000004 0.004408 0.000004 0.004723 0.000004 0.003622 0.968470 0.007239 0.000004 0.002048
 0.001419 0.000004 0.002756 0.001262 0.000004 0.000004 0.000004 0.913105 0.000004 0.000004 0.000004 0.004408 0.000004 0.004723 0.000004 0.003622 0.059379 0.007239 0.000004 0.002048
 0.001419 0.000004 0.002756 0.001262 0.000004 0.000004 0.000004 0.004014 0.000004 0.000004 0.000004 0.004408 0.000004 0.004723 0.000004 0.003622 0.968470 0.007239 0.000004 0.002048
 0.001419 0.000004 0.002756 0.001262 0.000004 0.000004 0.000004 0.913105 0.000004 0.000004 0.000004 0.004408 0.000004 0.004723 0.000004 0.003622 0.059379 0.007239 0.000004 0.002048
 0.001419 0.000004 0.002756 0.001262 0.000004 0.000004 0.000004 0.004014 0.000004 0.000004 0.000004 0.004408 0.000004 0.004723 0.000004 0.003622 0.968470 0.007239 0.000004 0.002048

MOTIF 4-DYT STREME-4
letter-probability matrix: alength= 20 w= 3 nsites= 17 E= 5.0e+000
 0.001419 0.000004 0.911847 0.001262 0.000004 0.000004 0.000004 0.004014 0.000004 0.000004 0.000004 0.004408 0.000004 0.004723 0.000004 0.003622 0.059379 0.007239 0.000004 0.002048
 0.001419 0.000004 0.002756 0.001262 0.000004 0.000004 0.000004 0.004014 0.000004 0.000004 0.000004 0.004408 0.000004 0.004723 0.000004 0.003622 0.059379 0.007239 0.000004 0.911139
 0.001419 0.000004 0.002756 0.001262 0.000004 0.000004 0.000004 0.004014 0.000004 0.000004 0.000004 0.004408 0.000004 0.004723 0.000004 0.003622 0.968470 0.007239 0.000004 0.002048

MOTIF 5-QVA STREME-5
letter-probability matrix: alength= 20 w= 3 nsites= 9 E= 5.0e+000
 0.001419 0.000004 0.002756 0.001262 0.000004 0.000004 0.000004 0.004014 0.000004 0.000004 0.000004 0.004408 0.000004 0.913813 0.000004 0.003622 0.059379 0.007239 0.000004 0.002048
 0.001419 0.000004 0.002756 0.001262 0.000004 0.000004 0.000004 0.004014 0.000004 0.000004 0.000004 0.004408 0.000004 0.004723 0.000004 0.003622 0.059379 0.916330 0.000004 0.002048
 0.910510 0.000004 0.002756 0.001262 0.000004 0.000004 0.000004 0.004014 0.000004 0.000004 0.000004 0.004408 0.000004 0.004723 0.000004 0.003622 0.059379 0.007239 0.000004 0.002048

********************************************************************************
Stopped because 3 consecutive motifs exceeded the p-value threshold (0.05).
********************************************************************************
COMMAND:	streme --protein --p ./Data/v1_cluster_windows_15mers/cluster_3859.fasta --minw 3 --maxw 15 --thresh 0.05 --oc ./Results/v1_Top500_Run_20250504_162200/streme_out_cluster_3859
********************************************************************************
CPU:		Hirokis-MacBook-Air.local
********************************************************************************
FINALTIME:	0.20 seconds
********************************************************************************
