********************************************************************************
STREME - Sensitive, Thorough, Rapid, Enriched Motif Elicitation
********************************************************************************
MEME version 5.5.7 (Release date: Wed Jun 19 13:59:04 2024 -0700)

For further information on how to interpret these results please access https://meme-suite.org/meme.
To get a copy of the MEME Suite software please access https://meme-suite.org.

********************************************************************************


********************************************************************************
REFERENCE
********************************************************************************
If you use this program in your research, please cite:

Timothy L. Bailey,
"STREME: accurate and versatile sequence motif discovery",
Bioinformatics, Mar. 24, 2021.
********************************************************************************


ALPHABET= ACDEFGHIKLMNPQRSTVWY

strands: +

Background letter frequencies
A 0.26 C 8.12e-05 D 8.12e-05 E 8.12e-05 F 8.12e-05 G 0.00171 H 8.12e-05 I 8.12e-05 K 8.12e-05 L 0.0666 M 8.12e-05 N 0.0829 P 8.12e-05 Q 8.12e-05 R 0.106 S 0.333 T 0.0147 V 0.135 W 8.12e-05 Y 8.12e-05 

MOTIF 1-VNRLSSAAAASRVSS STREME-1
letter-probability matrix: alength= 20 w= 15 nsites= 41 S= 2.4e-024
 0.023619 0.000007 0.000007 0.000007 0.000007 0.000155 0.000007 0.000007 0.000007 0.006058 0.000007 0.007534 0.000007 0.000007 0.009600 0.030264 0.001335 0.921346 0.000007 0.000007
 0.023619 0.000007 0.000007 0.000007 0.000007 0.000155 0.000007 0.000007 0.000007 0.006058 0.000007 0.916625 0.000007 0.000007 0.009600 0.030264 0.001335 0.012255 0.000007 0.000007
 0.023619 0.000007 0.000007 0.000007 0.000007 0.000155 0.000007 0.000007 0.000007 0.006058 0.000007 0.007534 0.000007 0.000007 0.918691 0.030264 0.001335 0.012255 0.000007 0.000007
 0.023619 0.000007 0.000007 0.000007 0.000007 0.000155 0.000007 0.000007 0.000007 0.915149 0.000007 0.007534 0.000007 0.000007 0.009600 0.030264 0.001335 0.012255 0.000007 0.000007
 0.023619 0.000007 0.000007 0.000007 0.000007 0.000155 0.000007 0.000007 0.000007 0.006058 0.000007 0.007534 0.000007 0.000007 0.009600 0.939355 0.001335 0.012255 0.000007 0.000007
 0.023619 0.000007 0.000007 0.000007 0.000007 0.000155 0.000007 0.000007 0.000007 0.006058 0.000007 0.007534 0.000007 0.000007 0.009600 0.939355 0.001335 0.012255 0.000007 0.000007
 0.932710 0.000007 0.000007 0.000007 0.000007 0.000155 0.000007 0.000007 0.000007 0.006058 0.000007 0.007534 0.000007 0.000007 0.009600 0.030264 0.001335 0.012255 0.000007 0.000007
 0.932710 0.000007 0.000007 0.000007 0.000007 0.000155 0.000007 0.000007 0.000007 0.006058 0.000007 0.007534 0.000007 0.000007 0.009600 0.030264 0.001335 0.012255 0.000007 0.000007
 0.932710 0.000007 0.000007 0.000007 0.000007 0.000155 0.000007 0.000007 0.000007 0.006058 0.000007 0.007534 0.000007 0.000007 0.009600 0.030264 0.001335 0.012255 0.000007 0.000007
 0.932710 0.000007 0.000007 0.000007 0.000007 0.000155 0.000007 0.000007 0.000007 0.006058 0.000007 0.007534 0.000007 0.000007 0.009600 0.030264 0.001335 0.012255 0.000007 0.000007
 0.023619 0.000007 0.000007 0.000007 0.000007 0.000155 0.000007 0.000007 0.000007 0.006058 0.000007 0.007534 0.000007 0.000007 0.009600 0.939355 0.001335 0.012255 0.000007 0.000007
 0.023619 0.000007 0.000007 0.000007 0.000007 0.000155 0.000007 0.000007 0.000007 0.006058 0.000007 0.007534 0.000007 0.000007 0.918691 0.030264 0.001335 0.012255 0.000007 0.000007
 0.023619 0.000007 0.000007 0.000007 0.000007 0.000155 0.000007 0.000007 0.000007 0.006058 0.000007 0.007534 0.000007 0.000007 0.009600 0.030264 0.001335 0.921346 0.000007 0.000007
 0.023619 0.000007 0.000007 0.000007 0.000007 0.000155 0.000007 0.000007 0.000007 0.006058 0.000007 0.007534 0.000007 0.000007 0.009600 0.939355 0.001335 0.012255 0.000007 0.000007
 0.023619 0.000007 0.000007 0.000007 0.000007 0.000155 0.000007 0.000007 0.000007 0.006058 0.000007 0.007534 0.000007 0.000007 0.009600 0.939355 0.001335 0.012255 0.000007 0.000007

********************************************************************************
Stopped because the next motif had no positive sites with scores > 0.
********************************************************************************
COMMAND:	streme --protein --p ./Data/v1_cluster_windows_15mers/cluster_4911.fasta --minw 3 --maxw 15 --thresh 0.05 --oc ./Results/v1_Top500_Run_20250504_162200/streme_out_cluster_4911
********************************************************************************
CPU:		Hirokis-MacBook-Air.local
********************************************************************************
FINALTIME:	0.13 seconds
********************************************************************************
