********************************************************************************
STREME - Sensitive, Thorough, Rapid, Enriched Motif Elicitation
********************************************************************************
MEME version 5.5.7 (Release date: Wed Jun 19 13:59:04 2024 -0700)

For further information on how to interpret these results please access https://meme-suite.org/meme.
To get a copy of the MEME Suite software please access https://meme-suite.org.

********************************************************************************


********************************************************************************
REFERENCE
********************************************************************************
If you use this program in your research, please cite:

Timothy L. Bailey,
"STREME: accurate and versatile sequence motif discovery",
Bioinformatics, Mar. 24, 2021.
********************************************************************************


ALPHABET= ACDEFGHIKLMNPQRSTVWY

strands: +

Background letter frequencies
A 0.152 C 5.46e-05 D 5.46e-05 E 0.0677 F 5.46e-05 G 0.00224 H 5.46e-05 I 0.0077 K 5.46e-05 L 0.0666 M 5.46e-05 N 0.0601 P 5.46e-05 Q 5.46e-05 R 0.13 S 0.336 T 0.0219 V 0.155 W 5.46e-05 Y 5.46e-05 

MOTIF 1-VNRLSSAEAASRVSS STREME-1
letter-probability matrix: alength= 20 w= 15 nsites= 61 E= 3.2e-003
 0.013799 0.000005 0.000005 0.006158 0.000005 0.000203 0.000005 0.000700 0.000005 0.006059 0.000005 0.005463 0.000005 0.000005 0.011817 0.030571 0.001990 0.923190 0.000005 0.000005
 0.013799 0.000005 0.000005 0.006158 0.000005 0.000203 0.000005 0.000700 0.000005 0.006059 0.000005 0.914554 0.000005 0.000005 0.011817 0.030571 0.001990 0.014099 0.000005 0.000005
 0.013799 0.000005 0.000005 0.006158 0.000005 0.000203 0.000005 0.000700 0.000005 0.006059 0.000005 0.005463 0.000005 0.000005 0.920908 0.030571 0.001990 0.014099 0.000005 0.000005
 0.013799 0.000005 0.000005 0.006158 0.000005 0.000203 0.000005 0.000700 0.000005 0.915150 0.000005 0.005463 0.000005 0.000005 0.011817 0.030571 0.001990 0.014099 0.000005 0.000005
 0.013799 0.000005 0.000005 0.006158 0.000005 0.000203 0.000005 0.000700 0.000005 0.006059 0.000005 0.005463 0.000005 0.000005 0.011817 0.939662 0.001990 0.014099 0.000005 0.000005
 0.013799 0.000005 0.000005 0.006158 0.000005 0.000203 0.000005 0.000700 0.000005 0.006059 0.000005 0.005463 0.000005 0.000005 0.011817 0.939662 0.001990 0.014099 0.000005 0.000005
 0.922890 0.000005 0.000005 0.006158 0.000005 0.000203 0.000005 0.000700 0.000005 0.006059 0.000005 0.005463 0.000005 0.000005 0.011817 0.030571 0.001990 0.014099 0.000005 0.000005
 0.013799 0.000005 0.000005 0.915249 0.000005 0.000203 0.000005 0.000700 0.000005 0.006059 0.000005 0.005463 0.000005 0.000005 0.011817 0.030571 0.001990 0.014099 0.000005 0.000005
 0.922890 0.000005 0.000005 0.006158 0.000005 0.000203 0.000005 0.000700 0.000005 0.006059 0.000005 0.005463 0.000005 0.000005 0.011817 0.030571 0.001990 0.014099 0.000005 0.000005
 0.922890 0.000005 0.000005 0.006158 0.000005 0.000203 0.000005 0.000700 0.000005 0.006059 0.000005 0.005463 0.000005 0.000005 0.011817 0.030571 0.001990 0.014099 0.000005 0.000005
 0.013799 0.000005 0.000005 0.006158 0.000005 0.000203 0.000005 0.000700 0.000005 0.006059 0.000005 0.005463 0.000005 0.000005 0.011817 0.939662 0.001990 0.014099 0.000005 0.000005
 0.013799 0.000005 0.000005 0.006158 0.000005 0.000203 0.000005 0.000700 0.000005 0.006059 0.000005 0.005463 0.000005 0.000005 0.920908 0.030571 0.001990 0.014099 0.000005 0.000005
 0.013799 0.000005 0.000005 0.006158 0.000005 0.000203 0.000005 0.000700 0.000005 0.006059 0.000005 0.005463 0.000005 0.000005 0.011817 0.030571 0.001990 0.923190 0.000005 0.000005
 0.013799 0.000005 0.000005 0.006158 0.000005 0.000203 0.000005 0.000700 0.000005 0.006059 0.000005 0.005463 0.000005 0.000005 0.011817 0.939662 0.001990 0.014099 0.000005 0.000005
 0.013799 0.000005 0.000005 0.006158 0.000005 0.000203 0.000005 0.000700 0.000005 0.006059 0.000005 0.005463 0.000005 0.000005 0.011817 0.939662 0.001990 0.014099 0.000005 0.000005

MOTIF 2-SIN STREME-2
letter-probability matrix: alength= 20 w= 3 nsites= 3 E= 3.0e+000
 0.013799 0.000005 0.000005 0.006158 0.000005 0.000203 0.000005 0.000700 0.000005 0.006059 0.000005 0.005463 0.000005 0.000005 0.011817 0.939662 0.001990 0.014099 0.000005 0.000005
 0.013799 0.000005 0.000005 0.006158 0.000005 0.000203 0.000005 0.909791 0.000005 0.006059 0.000005 0.005463 0.000005 0.000005 0.011817 0.030571 0.001990 0.014099 0.000005 0.000005
 0.013799 0.000005 0.000005 0.006158 0.000005 0.000203 0.000005 0.000700 0.000005 0.006059 0.000005 0.914554 0.000005 0.000005 0.011817 0.030571 0.001990 0.014099 0.000005 0.000005

MOTIF 3-SVN STREME-3
letter-probability matrix: alength= 20 w= 3 nsites= 2 E= 3.0e+000
 0.013799 0.000005 0.000005 0.006158 0.000005 0.000203 0.000005 0.000700 0.000005 0.006059 0.000005 0.005463 0.000005 0.000005 0.011817 0.939662 0.001990 0.014099 0.000005 0.000005
 0.013799 0.000005 0.000005 0.006158 0.000005 0.000203 0.000005 0.000700 0.000005 0.006059 0.000005 0.005463 0.000005 0.000005 0.011817 0.030571 0.001990 0.923190 0.000005 0.000005
 0.013799 0.000005 0.000005 0.006158 0.000005 0.000203 0.000005 0.000700 0.000005 0.006059 0.000005 0.914554 0.000005 0.000005 0.011817 0.030571 0.001990 0.014099 0.000005 0.000005

********************************************************************************
Stopped because the next motif had no positive sites with scores > 0.
********************************************************************************
COMMAND:	streme --protein --p ./Data/v1_cluster_windows_15mers/cluster_14714.fasta --minw 3 --maxw 15 --thresh 0.05 --oc ./Results/v1_Top500_Run_20250504_162200/streme_out_cluster_14714
********************************************************************************
CPU:		Hirokis-MacBook-Air.local
********************************************************************************
FINALTIME:	0.29 seconds
********************************************************************************
