********************************************************************************
STREME - Sensitive, Thorough, Rapid, Enriched Motif Elicitation
********************************************************************************
MEME version 5.5.7 (Release date: Wed Jun 19 13:59:04 2024 -0700)

For further information on how to interpret these results please access https://meme-suite.org/meme.
To get a copy of the MEME Suite software please access https://meme-suite.org.

********************************************************************************


********************************************************************************
REFERENCE
********************************************************************************
If you use this program in your research, please cite:

Timothy L. Bailey,
"STREME: accurate and versatile sequence motif discovery",
Bioinformatics, Mar. 24, 2021.
********************************************************************************


ALPHABET= ACDEFGHIKLMNPQRSTVWY

strands: +

Background letter frequencies
A 0.24 C 6.52e-05 D 0.00668 E 0.0036 F 0.00367 G 0.448 H 0.000158 I 0.00353 K 0.000511 L 0.0146 M 0.000496 N 0.00352 P 0.0325 Q 0.0661 R 0.0152 S 0.0701 T 0.013 V 0.0127 W 0.000155 Y 0.0653 

MOTIF 1-GYGQG STREME-1
letter-probability matrix: alength= 20 w= 5 nsites= 19916 E= 7.9e-431
 0.000003 0.000000 0.000000 0.005296 0.000000 0.985094 0.000000 0.000000 0.000000 0.000000 0.000000 0.001009 0.000000 0.000001 0.008594 0.000001 0.000000 0.000000 0.000000 0.000001
 0.243519 0.000000 0.000000 0.000000 0.019384 0.000006 0.000000 0.004664 0.000000 0.005498 0.000296 0.000000 0.000005 0.000001 0.000000 0.014377 0.023875 0.026316 0.000066 0.661993
 0.000003 0.000000 0.000000 0.000000 0.000000 0.999076 0.000000 0.000000 0.000000 0.000000 0.000000 0.000000 0.000000 0.000001 0.000000 0.000001 0.000000 0.000917 0.000000 0.000001
 0.193682 0.000000 0.007549 0.001227 0.000000 0.000006 0.000615 0.004092 0.001811 0.001805 0.001555 0.000621 0.142229 0.409444 0.043890 0.139858 0.040380 0.011236 0.000000 0.000001
 0.000003 0.000000 0.007609 0.000000 0.000000 0.952575 0.000000 0.000000 0.000000 0.000000 0.000000 0.000000 0.000000 0.000001 0.008823 0.021570 0.000496 0.008922 0.000000 0.000001

MOTIF 2-QGPYGP STREME-2
letter-probability matrix: alength= 20 w= 6 nsites= 1854 E= 1.8e-047
 0.014607 0.000000 0.000001 0.002300 0.000000 0.000037 0.000000 0.000000 0.000000 0.013226 0.000000 0.005750 0.227412 0.514598 0.000001 0.099190 0.007139 0.003689 0.000000 0.112048
 0.001856 0.000000 0.000001 0.000000 0.000000 0.951724 0.000000 0.008050 0.000000 0.000001 0.000000 0.000000 0.000003 0.000005 0.024008 0.001121 0.000001 0.013225 0.000000 0.000005
 0.000020 0.000000 0.000001 0.000000 0.000000 0.000037 0.000000 0.008624 0.000000 0.018919 0.000000 0.000000 0.695366 0.152386 0.000001 0.121187 0.003451 0.000001 0.000000 0.000005
 0.000020 0.000000 0.000001 0.000000 0.005175 0.038154 0.000000 0.000000 0.000000 0.000576 0.000000 0.005175 0.000003 0.279571 0.000001 0.314361 0.005175 0.000001 0.000000 0.351785
 0.000020 0.000000 0.000001 0.000000 0.000000 0.990755 0.000000 0.000000 0.000000 0.000001 0.000000 0.000000 0.000003 0.000005 0.009201 0.000006 0.000001 0.000001 0.000000 0.000005
 0.000020 0.000000 0.000001 0.000000 0.000000 0.000037 0.000000 0.000000 0.000000 0.000001 0.000000 0.000000 0.977111 0.021000 0.001815 0.000006 0.000001 0.000001 0.000000 0.000005

MOTIF 3-GQGGYG STREME-3
letter-probability matrix: alength= 20 w= 6 nsites= 2853 E= 3.4e-041
 0.000025 0.000000 0.005667 0.000000 0.000000 0.969836 0.000000 0.000000 0.000000 0.000002 0.000000 0.000000 0.000003 0.000007 0.015164 0.000007 0.000001 0.009278 0.000000 0.000007
 0.099534 0.000000 0.035343 0.002793 0.005294 0.000047 0.001462 0.006640 0.000731 0.254764 0.002924 0.035134 0.056797 0.368264 0.128662 0.000007 0.000001 0.001593 0.000000 0.000007
 0.000025 0.000000 0.000001 0.028180 0.000000 0.944309 0.000000 0.000000 0.000000 0.000002 0.000000 0.012429 0.000003 0.000007 0.014154 0.000007 0.000001 0.000873 0.000000 0.000007
 0.000025 0.000000 0.013886 0.000000 0.000000 0.936997 0.000000 0.000000 0.000000 0.007312 0.000000 0.000000 0.003051 0.000007 0.003086 0.000648 0.000001 0.034978 0.000000 0.000007
 0.000025 0.000000 0.000001 0.000000 0.016643 0.000047 0.000000 0.016434 0.000000 0.099256 0.000000 0.006735 0.002197 0.217079 0.000487 0.000007 0.000001 0.004348 0.005849 0.630891
 0.000025 0.000000 0.013656 0.000000 0.000000 0.958825 0.000000 0.000000 0.000000 0.000002 0.000000 0.004387 0.000003 0.000007 0.013319 0.004099 0.000001 0.005667 0.000000 0.000007

MOTIF 4-AAAAA STREME-4
letter-probability matrix: alength= 20 w= 5 nsites= 3575 E= 2.3e-037
 0.886780 0.000000 0.007415 0.000000 0.000000 0.000048 0.000000 0.000000 0.000000 0.000002 0.000000 0.000000 0.000003 0.000007 0.000002 0.105732 0.000001 0.000001 0.000000 0.000007
 0.746296 0.000000 0.000001 0.000000 0.000000 0.000048 0.000000 0.000000 0.000000 0.000002 0.000000 0.000000 0.000003 0.000007 0.000002 0.253630 0.000001 0.000001 0.000000 0.000007
 0.985169 0.000000 0.000001 0.008872 0.000000 0.000048 0.000000 0.000000 0.000000 0.000002 0.000000 0.000000 0.000003 0.000007 0.000002 0.000007 0.000001 0.005880 0.000000 0.000007
 0.992577 0.000000 0.000001 0.000000 0.000000 0.000048 0.000000 0.000000 0.000000 0.000002 0.000000 0.000000 0.000003 0.000007 0.000002 0.000007 0.007343 0.000001 0.000000 0.000007
 0.877600 0.000000 0.004474 0.002029 0.000000 0.000048 0.000000 0.000000 0.000000 0.000002 0.000000 0.000000 0.000003 0.000007 0.000002 0.092253 0.023572 0.000001 0.000000 0.000007

MOTIF 5-QQGPG STREME-5
letter-probability matrix: alength= 20 w= 5 nsites= 605 E= 3.8e-010
 0.000086 0.000000 0.000002 0.000001 0.000001 0.000161 0.002488 0.013475 0.000000 0.017422 0.000000 0.012442 0.000012 0.736614 0.000005 0.217257 0.000005 0.000005 0.000000 0.000023
 0.000086 0.000000 0.000002 0.000001 0.000001 0.000161 0.000000 0.000001 0.000000 0.000005 0.000000 0.000001 0.000012 0.999665 0.000005 0.000025 0.000005 0.000005 0.000000 0.000023
 0.000086 0.000000 0.000002 0.000001 0.000001 0.959414 0.000000 0.000001 0.000000 0.000005 0.000000 0.000001 0.000012 0.000024 0.022976 0.000025 0.000005 0.017422 0.000000 0.000023
 0.000086 0.000000 0.000002 0.000001 0.000001 0.000161 0.000000 0.000001 0.000000 0.000005 0.000000 0.000001 0.999653 0.000024 0.000005 0.000025 0.000005 0.000005 0.000000 0.000023
 0.055662 0.000000 0.000002 0.009954 0.000001 0.696066 0.000000 0.000001 0.000000 0.007470 0.000000 0.000001 0.000012 0.000439 0.029867 0.167485 0.000005 0.015413 0.000000 0.017621

MOTIF 6-ASGPG STREME-6
letter-probability matrix: alength= 20 w= 5 nsites= 520 E= 3.3e-008
 0.335909 0.000000 0.000004 0.012920 0.000002 0.000299 0.000000 0.004631 0.000000 0.077521 0.000000 0.000002 0.307241 0.000044 0.019090 0.194060 0.000009 0.048222 0.000000 0.000044
 0.000160 0.000000 0.000004 0.033540 0.042379 0.000299 0.000000 0.000002 0.000000 0.000010 0.000000 0.000002 0.000022 0.000044 0.000010 0.716026 0.000009 0.000009 0.000000 0.207482
 0.000160 0.000000 0.000004 0.000002 0.000002 0.999631 0.000000 0.000002 0.000000 0.000010 0.000000 0.000002 0.000022 0.000044 0.000010 0.000047 0.000009 0.000009 0.000000 0.000044
 0.000160 0.000000 0.000004 0.000002 0.000002 0.000299 0.000000 0.000002 0.000000 0.000010 0.000000 0.000002 0.999354 0.000044 0.000010 0.000047 0.000009 0.000009 0.000000 0.000044
 0.000160 0.000000 0.000004 0.000002 0.000002 0.957972 0.000000 0.000002 0.013887 0.000010 0.000000 0.000002 0.000022 0.000044 0.027783 0.000047 0.000009 0.000009 0.000000 0.000044

MOTIF 7-YGQ STREME-7
letter-probability matrix: alength= 20 w= 3 nsites= 1494 E= 3.0e-005
 0.021845 0.000006 0.000608 0.000328 0.000334 0.040717 0.000014 0.000321 0.000046 0.001326 0.000045 0.000320 0.002954 0.006005 0.001383 0.006373 0.001179 0.001158 0.000014 0.915023
 0.021845 0.000006 0.000608 0.000328 0.000334 0.949808 0.000014 0.000321 0.000046 0.001326 0.000045 0.000320 0.002954 0.006005 0.001383 0.006373 0.001179 0.001158 0.000014 0.005933
 0.021845 0.000006 0.000608 0.000328 0.000334 0.040717 0.000014 0.000321 0.000046 0.001326 0.000045 0.000320 0.002954 0.915096 0.001383 0.006373 0.001179 0.001158 0.000014 0.005933

MOTIF 8-AGAGAAAGAAAGAGA STREME-8
letter-probability matrix: alength= 20 w= 15 nsites= 149 E= 3.6e-003
 0.519069 0.000000 0.000007 0.000004 0.000004 0.039217 0.000000 0.000004 0.000001 0.000016 0.000001 0.023234 0.000036 0.038790 0.015503 0.224633 0.030987 0.038730 0.000000 0.069762
 0.085444 0.000000 0.015494 0.007747 0.000004 0.829032 0.000000 0.000004 0.000001 0.000016 0.000001 0.000004 0.000036 0.000074 0.000017 0.054281 0.000014 0.007757 0.000000 0.000073
 0.821056 0.000000 0.000007 0.000004 0.000004 0.000500 0.000000 0.000004 0.000001 0.000016 0.000001 0.000004 0.000036 0.000074 0.000017 0.178173 0.000014 0.000014 0.000000 0.000073
 0.217081 0.000000 0.000007 0.007747 0.000004 0.712881 0.000000 0.000004 0.000001 0.000016 0.000001 0.000004 0.000036 0.000074 0.030990 0.031051 0.000014 0.000014 0.000000 0.000073
 0.650704 0.000000 0.000007 0.000004 0.000004 0.000500 0.000000 0.000004 0.000001 0.000016 0.000001 0.007747 0.000036 0.000074 0.000017 0.309809 0.030987 0.000014 0.000000 0.000073
 0.542298 0.007743 0.023237 0.000004 0.000004 0.178596 0.000000 0.000004 0.000001 0.015503 0.000001 0.000004 0.000036 0.000074 0.030990 0.154944 0.007758 0.038730 0.000000 0.000073
 0.937205 0.000000 0.000007 0.000004 0.000004 0.000500 0.000000 0.000004 0.000001 0.000016 0.000001 0.000004 0.000036 0.000074 0.000017 0.054281 0.007758 0.000014 0.000000 0.000073
 0.000268 0.000000 0.000007 0.007747 0.000004 0.976153 0.000000 0.000004 0.000001 0.000016 0.000001 0.000004 0.000036 0.000074 0.015503 0.000078 0.000014 0.000014 0.000000 0.000073
 0.844286 0.000000 0.007751 0.000004 0.000004 0.000500 0.000000 0.000004 0.000001 0.000016 0.000001 0.000004 0.000036 0.000074 0.000017 0.131714 0.000014 0.015501 0.000000 0.000073
 0.619730 0.000000 0.000007 0.000004 0.000004 0.201826 0.000000 0.000004 0.000001 0.000016 0.000001 0.000004 0.000036 0.000074 0.007760 0.092998 0.015501 0.030987 0.000000 0.031046
 0.790083 0.000000 0.000007 0.000004 0.000004 0.000500 0.000000 0.000004 0.000001 0.000016 0.000001 0.000004 0.000036 0.000074 0.000017 0.209146 0.000014 0.000014 0.000000 0.000073
 0.240311 0.000000 0.000007 0.007747 0.000004 0.674165 0.000000 0.000004 0.000001 0.000016 0.000001 0.007747 0.000036 0.000074 0.000017 0.023308 0.038731 0.007757 0.000000 0.000073
 0.689421 0.000000 0.000007 0.000004 0.000004 0.124392 0.000000 0.007747 0.000001 0.000016 0.000001 0.000004 0.000036 0.000074 0.000017 0.116228 0.000014 0.038730 0.000000 0.023303
 0.279026 0.000000 0.000007 0.000004 0.000004 0.627706 0.000000 0.015490 0.000001 0.000016 0.000001 0.000004 0.000036 0.000074 0.000017 0.023308 0.030988 0.023244 0.000000 0.000073
 0.503582 0.000000 0.000007 0.000004 0.000004 0.178595 0.000000 0.000004 0.000001 0.000016 0.000001 0.000004 0.000036 0.000074 0.054220 0.224634 0.000014 0.000014 0.000000 0.038789

MOTIF 9-GYGGGYG STREME-9
letter-probability matrix: alength= 20 w= 7 nsites= 177 E= 3.6e-003
 0.000323 0.000000 0.000009 0.000005 0.000005 0.999258 0.000000 0.000005 0.000001 0.000020 0.000001 0.000005 0.000044 0.000089 0.000020 0.000094 0.000017 0.000017 0.000000 0.000088
 0.000323 0.000000 0.000009 0.000005 0.000005 0.000602 0.000000 0.000005 0.000001 0.000020 0.000001 0.000005 0.000044 0.000089 0.000020 0.000094 0.000017 0.000017 0.000000 0.998743
 0.000323 0.000000 0.000009 0.000005 0.000005 0.999258 0.000000 0.000005 0.000001 0.000020 0.000001 0.000005 0.000044 0.000089 0.000020 0.000094 0.000017 0.000017 0.000000 0.000088
 0.000323 0.000000 0.000009 0.000005 0.000005 0.999258 0.000000 0.000005 0.000001 0.000020 0.000001 0.000005 0.000044 0.000089 0.000020 0.000094 0.000017 0.000017 0.000000 0.000088
 0.000323 0.000000 0.000009 0.000005 0.000005 0.999258 0.000000 0.000005 0.000001 0.000020 0.000001 0.000005 0.000044 0.000089 0.000020 0.000094 0.000017 0.000017 0.000000 0.000088
 0.000323 0.000000 0.000009 0.000005 0.000005 0.000602 0.000000 0.000005 0.000001 0.000020 0.000001 0.000005 0.000044 0.000089 0.000020 0.000094 0.000017 0.000017 0.000000 0.998743
 0.000323 0.000000 0.000009 0.000005 0.000005 0.934029 0.000000 0.000005 0.000001 0.000020 0.000001 0.000005 0.000044 0.000089 0.009338 0.056005 0.000017 0.000017 0.000000 0.000088

MOTIF 10-GLG STREME-10
letter-probability matrix: alength= 20 w= 3 nsites= 1581 E= 8.8e-003
 0.021845 0.000006 0.000608 0.000328 0.000334 0.949808 0.000014 0.000321 0.000046 0.001326 0.000045 0.000320 0.002954 0.006005 0.001383 0.006373 0.001179 0.001158 0.000014 0.005933
 0.021845 0.000006 0.000608 0.000328 0.000334 0.040717 0.000014 0.000321 0.000046 0.910417 0.000045 0.000320 0.002954 0.006005 0.001383 0.006373 0.001179 0.001158 0.000014 0.005933
 0.021845 0.000006 0.000608 0.000328 0.000334 0.949808 0.000014 0.000321 0.000046 0.001326 0.000045 0.000320 0.002954 0.006005 0.001383 0.006373 0.001179 0.001158 0.000014 0.005933

MOTIF 11-GSGGYEE STREME-11
letter-probability matrix: alength= 20 w= 7 nsites= 49 E= 1.3e-002
 0.000909 0.000000 0.000025 0.000014 0.000014 0.997912 0.000001 0.000013 0.000002 0.000055 0.000002 0.000013 0.000123 0.000250 0.000058 0.000265 0.000049 0.000048 0.000001 0.000247
 0.027121 0.000000 0.000025 0.078654 0.000014 0.001694 0.000001 0.000013 0.000002 0.000055 0.000002 0.000013 0.000123 0.367278 0.000058 0.524602 0.000049 0.000048 0.000001 0.000247
 0.000909 0.000000 0.000025 0.000014 0.000014 0.997912 0.000001 0.000013 0.000002 0.000055 0.000002 0.000013 0.000123 0.000250 0.000058 0.000265 0.000049 0.000048 0.000001 0.000247
 0.000909 0.000000 0.000025 0.000014 0.000014 0.945486 0.000001 0.000013 0.000002 0.000055 0.000002 0.000013 0.000123 0.000250 0.000058 0.052691 0.000049 0.000048 0.000001 0.000247
 0.000909 0.000000 0.000025 0.000014 0.000014 0.001694 0.000001 0.000013 0.000002 0.000055 0.000002 0.000013 0.000123 0.000250 0.000058 0.000265 0.000049 0.000048 0.000001 0.996465
 0.000909 0.000000 0.000025 0.917592 0.000014 0.001694 0.000001 0.000013 0.000002 0.000055 0.000002 0.000013 0.000123 0.000250 0.000058 0.000265 0.078689 0.000048 0.000001 0.000247
 0.000909 0.000000 0.000025 0.865166 0.000014 0.001694 0.000001 0.000013 0.000002 0.000055 0.000002 0.000013 0.000123 0.131316 0.000058 0.000265 0.000049 0.000048 0.000001 0.000247

MOTIF 12-SGGDGYG STREME-12
letter-probability matrix: alength= 20 w= 7 nsites= 49 E= 1.3e-002
 0.000909 0.000000 0.000025 0.000014 0.000014 0.001694 0.000001 0.000013 0.000002 0.000055 0.000002 0.000013 0.000123 0.000250 0.000058 0.996484 0.000049 0.000048 0.000001 0.000247
 0.000909 0.000000 0.000025 0.000014 0.000014 0.866852 0.000001 0.000013 0.000002 0.000055 0.000002 0.000013 0.000123 0.000250 0.131118 0.000265 0.000049 0.000048 0.000001 0.000247
 0.000909 0.000000 0.157300 0.000014 0.000014 0.814427 0.000001 0.000013 0.000002 0.000055 0.000002 0.000013 0.000123 0.000250 0.000058 0.026476 0.000049 0.000048 0.000001 0.000247
 0.000909 0.000000 0.996244 0.000014 0.000014 0.001694 0.000001 0.000013 0.000002 0.000055 0.000002 0.000013 0.000123 0.000250 0.000058 0.000265 0.000049 0.000048 0.000001 0.000247
 0.000909 0.000000 0.000025 0.000014 0.000014 0.997912 0.000001 0.000013 0.000002 0.000055 0.000002 0.000013 0.000123 0.000250 0.000058 0.000265 0.000049 0.000048 0.000001 0.000247
 0.000909 0.000000 0.000025 0.000014 0.000014 0.001694 0.000001 0.000013 0.000002 0.000055 0.000002 0.000013 0.000123 0.000250 0.000058 0.000265 0.000049 0.000048 0.000001 0.996465
 0.000909 0.000000 0.000025 0.000014 0.000014 0.919279 0.000001 0.000013 0.000002 0.000055 0.000002 0.000013 0.000123 0.000250 0.000058 0.078899 0.000049 0.000048 0.000001 0.000247

MOTIF 13-YGP STREME-13
letter-probability matrix: alength= 20 w= 3 nsites= 318 E= 1.6e-002
 0.021845 0.000006 0.000608 0.000328 0.000334 0.040717 0.000014 0.000321 0.000046 0.001326 0.000045 0.000320 0.002954 0.006005 0.001383 0.006373 0.001179 0.001158 0.000014 0.915023
 0.021845 0.000006 0.000608 0.000328 0.000334 0.949808 0.000014 0.000321 0.000046 0.001326 0.000045 0.000320 0.002954 0.006005 0.001383 0.006373 0.001179 0.001158 0.000014 0.005933
 0.021845 0.000006 0.000608 0.000328 0.000334 0.040717 0.000014 0.000321 0.000046 0.001326 0.000045 0.000320 0.912044 0.006005 0.001383 0.006373 0.001179 0.001158 0.000014 0.005933

MOTIF 14-AASAA STREME-14
letter-probability matrix: alength= 20 w= 5 nsites= 154 E= 3.4e-002
 0.930936 0.000006 0.000608 0.000328 0.000334 0.040717 0.000014 0.000321 0.000046 0.001326 0.000045 0.000320 0.002954 0.006005 0.001383 0.006373 0.001179 0.001158 0.000014 0.005933
 0.930936 0.000006 0.000608 0.000328 0.000334 0.040717 0.000014 0.000321 0.000046 0.001326 0.000045 0.000320 0.002954 0.006005 0.001383 0.006373 0.001179 0.001158 0.000014 0.005933
 0.021845 0.000006 0.000608 0.000328 0.000334 0.040717 0.000014 0.000321 0.000046 0.001326 0.000045 0.000320 0.002954 0.006005 0.001383 0.915464 0.001179 0.001158 0.000014 0.005933
 0.930936 0.000006 0.000608 0.000328 0.000334 0.040717 0.000014 0.000321 0.000046 0.001326 0.000045 0.000320 0.002954 0.006005 0.001383 0.006373 0.001179 0.001158 0.000014 0.005933
 0.930936 0.000006 0.000608 0.000328 0.000334 0.040717 0.000014 0.000321 0.000046 0.001326 0.000045 0.000320 0.002954 0.006005 0.001383 0.006373 0.001179 0.001158 0.000014 0.005933

MOTIF 15-GDSGA STREME-15
letter-probability matrix: alength= 20 w= 5 nsites= 96 E= 2.9e-001
 0.105872 0.000000 0.000021 0.000011 0.000011 0.786635 0.000000 0.000011 0.000002 0.000045 0.000002 0.000011 0.000100 0.000203 0.000047 0.000215 0.106574 0.000039 0.000000 0.000201
 0.000739 0.000000 0.996947 0.000011 0.000011 0.001377 0.000000 0.000011 0.000002 0.000045 0.000002 0.000011 0.000100 0.000203 0.000047 0.000215 0.000040 0.000039 0.000000 0.000201
 0.000739 0.000000 0.000021 0.000011 0.000011 0.001377 0.000000 0.000011 0.000002 0.000045 0.000002 0.000011 0.000100 0.000203 0.000047 0.997142 0.000040 0.000039 0.000000 0.000201
 0.052194 0.000000 0.127863 0.000011 0.000011 0.812623 0.000000 0.000011 0.000002 0.000045 0.000002 0.000011 0.000100 0.000203 0.000047 0.006597 0.000040 0.000039 0.000000 0.000201
 0.997665 0.000000 0.000021 0.000011 0.000011 0.001377 0.000000 0.000011 0.000002 0.000045 0.000002 0.000011 0.000100 0.000203 0.000047 0.000215 0.000040 0.000039 0.000000 0.000201

MOTIF 16-GSGSGSGS STREME-16
letter-probability matrix: alength= 20 w= 8 nsites= 79 E= 4.2e-001
 0.000568 0.000000 0.000016 0.016404 0.000009 0.916717 0.000000 0.000008 0.000001 0.000035 0.000001 0.000008 0.000077 0.000156 0.000036 0.000166 0.000031 0.065612 0.000000 0.000154
 0.000568 0.000000 0.000016 0.000009 0.000009 0.084473 0.000000 0.000008 0.000001 0.000035 0.000001 0.000008 0.000077 0.016551 0.000036 0.897993 0.000031 0.000030 0.000000 0.000154
 0.000568 0.000000 0.000016 0.016404 0.000009 0.982299 0.000000 0.000008 0.000001 0.000035 0.000001 0.000008 0.000077 0.000156 0.000036 0.000166 0.000031 0.000030 0.000000 0.000154
 0.000568 0.000000 0.000016 0.000009 0.000009 0.001059 0.000000 0.000008 0.000001 0.000035 0.000001 0.000008 0.000077 0.000156 0.000036 0.997801 0.000031 0.000030 0.000000 0.000154
 0.000568 0.000000 0.065598 0.016404 0.000009 0.916717 0.000000 0.000008 0.000001 0.000035 0.000001 0.000008 0.000077 0.000156 0.000036 0.000166 0.000031 0.000030 0.000000 0.000154
 0.098946 0.000000 0.000016 0.000009 0.016403 0.001059 0.000000 0.000008 0.000001 0.000035 0.000001 0.016403 0.000077 0.000156 0.000036 0.866633 0.000031 0.000030 0.000000 0.000154
 0.000568 0.000000 0.000016 0.016403 0.000009 0.982299 0.000000 0.000008 0.000001 0.000035 0.000001 0.000008 0.000077 0.000156 0.000036 0.000166 0.000031 0.000030 0.000000 0.000154
 0.049759 0.000000 0.000016 0.000009 0.000009 0.100231 0.000000 0.000008 0.000001 0.000035 0.000001 0.000008 0.000077 0.000156 0.000036 0.849439 0.000031 0.000030 0.000000 0.000154

MOTIF 17-AGAGAAGGYGGGAG STREME-17
letter-probability matrix: alength= 20 w= 14 nsites= 33 E= 4.2e-001
 0.876331 0.000000 0.000038 0.000021 0.000021 0.002570 0.000001 0.000020 0.000003 0.000084 0.000003 0.000020 0.000186 0.000379 0.000087 0.079943 0.000074 0.000073 0.000001 0.040144
 0.001379 0.000000 0.000038 0.000021 0.039791 0.877522 0.000001 0.000020 0.000003 0.000084 0.000003 0.000020 0.000186 0.000379 0.000087 0.079943 0.000074 0.000073 0.000001 0.000374
 0.955871 0.000000 0.000038 0.000021 0.000021 0.002570 0.000001 0.000020 0.000003 0.000084 0.000003 0.000020 0.000186 0.000379 0.000087 0.040172 0.000074 0.000073 0.000001 0.000374
 0.001379 0.000000 0.000038 0.000021 0.000021 0.996832 0.000001 0.000020 0.000003 0.000084 0.000003 0.000020 0.000186 0.000379 0.000087 0.000402 0.000074 0.000073 0.000001 0.000374
 0.558165 0.000000 0.000038 0.000021 0.000021 0.320736 0.000001 0.000020 0.000003 0.000084 0.000003 0.000020 0.000186 0.000379 0.079628 0.040172 0.000074 0.000073 0.000001 0.000374
 0.836561 0.000000 0.000038 0.000021 0.000021 0.002570 0.000001 0.000020 0.000003 0.000084 0.000003 0.000020 0.000186 0.000379 0.000087 0.040172 0.000074 0.119383 0.000001 0.000374
 0.001379 0.000000 0.000038 0.000021 0.000021 0.917293 0.000001 0.000020 0.000003 0.000084 0.000003 0.000020 0.000186 0.040149 0.000087 0.040172 0.000074 0.000073 0.000001 0.000374
 0.001379 0.000000 0.000038 0.000021 0.000021 0.996832 0.000001 0.000020 0.000003 0.000084 0.000003 0.000020 0.000186 0.000379 0.000087 0.000402 0.000074 0.000073 0.000001 0.000374
 0.001379 0.000000 0.000038 0.000021 0.000021 0.002570 0.000001 0.000020 0.000003 0.000084 0.000003 0.000020 0.000186 0.000379 0.000087 0.000402 0.000074 0.000073 0.000001 0.994637
 0.080919 0.000000 0.000038 0.000021 0.000021 0.678666 0.000001 0.000020 0.000003 0.000084 0.000003 0.000020 0.000186 0.000379 0.039857 0.199258 0.000074 0.000073 0.000001 0.000374
 0.001379 0.000000 0.000038 0.000021 0.000021 0.996832 0.000001 0.000020 0.000003 0.000084 0.000003 0.000020 0.000186 0.000379 0.000087 0.000402 0.000074 0.000073 0.000001 0.000374
 0.001379 0.000000 0.039808 0.000021 0.000021 0.877522 0.000001 0.000020 0.000003 0.000084 0.000003 0.000020 0.000186 0.000379 0.000087 0.000402 0.000074 0.079614 0.000001 0.000374
 0.518395 0.000000 0.079579 0.000021 0.000021 0.002570 0.000001 0.000020 0.000003 0.000084 0.000003 0.000020 0.000186 0.000379 0.000087 0.000402 0.000074 0.159153 0.000001 0.239000
 0.001379 0.000000 0.000038 0.000021 0.000021 0.996832 0.000001 0.000020 0.000003 0.000084 0.000003 0.000020 0.000186 0.000379 0.000087 0.000402 0.000074 0.000073 0.000001 0.000374

MOTIF 18-IIS STREME-18
letter-probability matrix: alength= 20 w= 3 nsites= 29 E= 4.2e-001
 0.021845 0.000006 0.000608 0.000328 0.000334 0.040717 0.000014 0.909412 0.000046 0.001326 0.000045 0.000320 0.002954 0.006005 0.001383 0.006373 0.001179 0.001158 0.000014 0.005933
 0.021845 0.000006 0.000608 0.000328 0.000334 0.040717 0.000014 0.909412 0.000046 0.001326 0.000045 0.000320 0.002954 0.006005 0.001383 0.006373 0.001179 0.001158 0.000014 0.005933
 0.021845 0.000006 0.000608 0.000328 0.000334 0.040717 0.000014 0.000321 0.000046 0.001326 0.000045 0.000320 0.002954 0.006005 0.001383 0.915464 0.001179 0.001158 0.000014 0.005933

MOTIF 19-SAAGYGG STREME-19
letter-probability matrix: alength= 20 w= 7 nsites= 45 E= 5.3e-001
 0.021845 0.000006 0.000608 0.000328 0.000334 0.040717 0.000014 0.000321 0.000046 0.001326 0.000045 0.000320 0.002954 0.006005 0.001383 0.915464 0.001179 0.001158 0.000014 0.005933
 0.930936 0.000006 0.000608 0.000328 0.000334 0.040717 0.000014 0.000321 0.000046 0.001326 0.000045 0.000320 0.002954 0.006005 0.001383 0.006373 0.001179 0.001158 0.000014 0.005933
 0.930936 0.000006 0.000608 0.000328 0.000334 0.040717 0.000014 0.000321 0.000046 0.001326 0.000045 0.000320 0.002954 0.006005 0.001383 0.006373 0.001179 0.001158 0.000014 0.005933
 0.021845 0.000006 0.000608 0.000328 0.000334 0.949808 0.000014 0.000321 0.000046 0.001326 0.000045 0.000320 0.002954 0.006005 0.001383 0.006373 0.001179 0.001158 0.000014 0.005933
 0.021845 0.000006 0.000608 0.000328 0.000334 0.040717 0.000014 0.000321 0.000046 0.001326 0.000045 0.000320 0.002954 0.006005 0.001383 0.006373 0.001179 0.001158 0.000014 0.915023
 0.021845 0.000006 0.000608 0.000328 0.000334 0.949808 0.000014 0.000321 0.000046 0.001326 0.000045 0.000320 0.002954 0.006005 0.001383 0.006373 0.001179 0.001158 0.000014 0.005933
 0.021845 0.000006 0.000608 0.000328 0.000334 0.949808 0.000014 0.000321 0.000046 0.001326 0.000045 0.000320 0.002954 0.006005 0.001383 0.006373 0.001179 0.001158 0.000014 0.005933

MOTIF 20-LYGR STREME-20
letter-probability matrix: alength= 20 w= 4 nsites= 65 E= 8.4e-001
 0.021845 0.000006 0.000608 0.000328 0.000334 0.040717 0.000014 0.000321 0.000046 0.910417 0.000045 0.000320 0.002954 0.006005 0.001383 0.006373 0.001179 0.001158 0.000014 0.005933
 0.021845 0.000006 0.000608 0.000328 0.000334 0.040717 0.000014 0.000321 0.000046 0.001326 0.000045 0.000320 0.002954 0.006005 0.001383 0.006373 0.001179 0.001158 0.000014 0.915023
 0.021845 0.000006 0.000608 0.000328 0.000334 0.949808 0.000014 0.000321 0.000046 0.001326 0.000045 0.000320 0.002954 0.006005 0.001383 0.006373 0.001179 0.001158 0.000014 0.005933
 0.021845 0.000006 0.000608 0.000328 0.000334 0.040717 0.000014 0.000321 0.000046 0.001326 0.000045 0.000320 0.002954 0.006005 0.910474 0.006373 0.001179 0.001158 0.000014 0.005933

MOTIF 21-GNEGL STREME-21
letter-probability matrix: alength= 20 w= 5 nsites= 55 E= 8.4e-001
 0.000686 0.000000 0.000019 0.000010 0.000010 0.820445 0.000000 0.000010 0.000001 0.000042 0.000001 0.000010 0.000093 0.000188 0.000043 0.178180 0.000037 0.000036 0.000000 0.000186
 0.000686 0.000000 0.000019 0.000010 0.000010 0.001278 0.000000 0.000010 0.000001 0.000042 0.000001 0.957608 0.000093 0.039737 0.000043 0.000200 0.000037 0.000036 0.000000 0.000186
 0.000686 0.000000 0.197774 0.680749 0.000010 0.119931 0.000000 0.000010 0.000001 0.000042 0.000001 0.000010 0.000093 0.000188 0.000043 0.000200 0.000037 0.000036 0.000000 0.000186
 0.000686 0.000000 0.000019 0.000010 0.000010 0.998425 0.000000 0.000010 0.000001 0.000042 0.000001 0.000010 0.000093 0.000188 0.000043 0.000200 0.000037 0.000036 0.000000 0.000186
 0.008892 0.000000 0.000019 0.000010 0.000010 0.001278 0.000000 0.098883 0.000001 0.890109 0.000001 0.000010 0.000093 0.000188 0.000043 0.000200 0.000037 0.000036 0.000000 0.000186

MOTIF 22-GQGGD STREME-22
letter-probability matrix: alength= 20 w= 5 nsites= 39 E= 8.4e-001
 0.021845 0.000006 0.000608 0.000328 0.000334 0.949808 0.000014 0.000321 0.000046 0.001326 0.000045 0.000320 0.002954 0.006005 0.001383 0.006373 0.001179 0.001158 0.000014 0.005933
 0.021845 0.000006 0.000608 0.000328 0.000334 0.040717 0.000014 0.000321 0.000046 0.001326 0.000045 0.000320 0.002954 0.915096 0.001383 0.006373 0.001179 0.001158 0.000014 0.005933
 0.021845 0.000006 0.000608 0.000328 0.000334 0.949808 0.000014 0.000321 0.000046 0.001326 0.000045 0.000320 0.002954 0.006005 0.001383 0.006373 0.001179 0.001158 0.000014 0.005933
 0.021845 0.000006 0.000608 0.000328 0.000334 0.949808 0.000014 0.000321 0.000046 0.001326 0.000045 0.000320 0.002954 0.006005 0.001383 0.006373 0.001179 0.001158 0.000014 0.005933
 0.021845 0.000006 0.909698 0.000328 0.000334 0.040717 0.000014 0.000321 0.000046 0.001326 0.000045 0.000320 0.002954 0.006005 0.001383 0.006373 0.001179 0.001158 0.000014 0.005933

MOTIF 23-YGR STREME-23
letter-probability matrix: alength= 20 w= 3 nsites= 217 E= 9.7e-001
 0.021845 0.000006 0.000608 0.000328 0.000334 0.040717 0.000014 0.000321 0.000046 0.001326 0.000045 0.000320 0.002954 0.006005 0.001383 0.006373 0.001179 0.001158 0.000014 0.915023
 0.021845 0.000006 0.000608 0.000328 0.000334 0.949808 0.000014 0.000321 0.000046 0.001326 0.000045 0.000320 0.002954 0.006005 0.001383 0.006373 0.001179 0.001158 0.000014 0.005933
 0.021845 0.000006 0.000608 0.000328 0.000334 0.040717 0.000014 0.000321 0.000046 0.001326 0.000045 0.000320 0.002954 0.006005 0.910474 0.006373 0.001179 0.001158 0.000014 0.005933

MOTIF 24-NQG STREME-24
letter-probability matrix: alength= 20 w= 3 nsites= 94 E= 1.2e+000
 0.021845 0.000006 0.000608 0.000328 0.000334 0.040717 0.000014 0.000321 0.000046 0.001326 0.000045 0.909411 0.002954 0.006005 0.001383 0.006373 0.001179 0.001158 0.000014 0.005933
 0.021845 0.000006 0.000608 0.000328 0.000334 0.040717 0.000014 0.000321 0.000046 0.001326 0.000045 0.000320 0.002954 0.915096 0.001383 0.006373 0.001179 0.001158 0.000014 0.005933
 0.021845 0.000006 0.000608 0.000328 0.000334 0.949808 0.000014 0.000321 0.000046 0.001326 0.000045 0.000320 0.002954 0.006005 0.001383 0.006373 0.001179 0.001158 0.000014 0.005933

MOTIF 25-SGYPGQQGY STREME-25
letter-probability matrix: alength= 20 w= 9 nsites= 56 E= 1.7e+000
 0.000785 0.000000 0.000022 0.000012 0.000012 0.001464 0.000001 0.000012 0.000002 0.000048 0.000002 0.000011 0.000106 0.000216 0.000050 0.996961 0.000042 0.000042 0.000001 0.000213
 0.000785 0.000000 0.000022 0.000012 0.000012 0.998196 0.000001 0.000012 0.000002 0.000048 0.000002 0.000011 0.000106 0.000216 0.000050 0.000229 0.000042 0.000042 0.000001 0.000213
 0.000785 0.000000 0.000022 0.000012 0.000012 0.001464 0.000001 0.000012 0.000002 0.000048 0.000002 0.000011 0.000106 0.000216 0.000050 0.045532 0.000042 0.000042 0.000001 0.951642
 0.114048 0.000000 0.067977 0.000012 0.000012 0.318604 0.000001 0.000012 0.000002 0.000048 0.000002 0.000011 0.453177 0.000216 0.000050 0.045532 0.000042 0.000042 0.000001 0.000213
 0.000785 0.000000 0.090631 0.000012 0.000012 0.907587 0.000001 0.000012 0.000002 0.000048 0.000002 0.000011 0.000106 0.000216 0.000050 0.000229 0.000042 0.000042 0.000001 0.000213
 0.000785 0.000000 0.000022 0.000012 0.000012 0.001464 0.000001 0.000012 0.000002 0.000048 0.000002 0.000011 0.000106 0.996948 0.000050 0.000229 0.000042 0.000042 0.000001 0.000213
 0.000785 0.000000 0.000022 0.000012 0.000012 0.001464 0.000001 0.000012 0.000002 0.068003 0.000002 0.000011 0.226649 0.702450 0.000050 0.000229 0.000042 0.000042 0.000001 0.000213
 0.000785 0.000000 0.000022 0.000012 0.000012 0.998196 0.000001 0.000012 0.000002 0.000048 0.000002 0.000011 0.000106 0.000216 0.000050 0.000229 0.000042 0.000042 0.000001 0.000213
 0.000785 0.000000 0.000022 0.000012 0.000012 0.001464 0.000001 0.000012 0.000002 0.000048 0.000002 0.000011 0.000106 0.000216 0.000050 0.317369 0.000042 0.000042 0.000001 0.679805

MOTIF 26-AGQQGP STREME-26
letter-probability matrix: alength= 20 w= 6 nsites= 54 E= 3.4e+000
 0.685973 0.000000 0.000018 0.000010 0.000010 0.294403 0.000000 0.000010 0.000001 0.000040 0.000001 0.000010 0.000088 0.000179 0.000041 0.000190 0.000035 0.018814 0.000000 0.000177
 0.000651 0.000000 0.000018 0.000010 0.000010 0.998504 0.000000 0.000010 0.000001 0.000040 0.000001 0.000010 0.000088 0.000179 0.000041 0.000190 0.000035 0.000035 0.000000 0.000177
 0.000651 0.000000 0.000018 0.000010 0.000010 0.147879 0.000000 0.000010 0.000001 0.000040 0.000001 0.000010 0.169123 0.644210 0.037601 0.000190 0.000035 0.000035 0.000000 0.000177
 0.000651 0.000000 0.000018 0.000010 0.000010 0.019993 0.000000 0.000010 0.000001 0.000040 0.000001 0.000010 0.000088 0.941131 0.037601 0.000190 0.000035 0.000035 0.000000 0.000177
 0.000651 0.000000 0.000018 0.000010 0.000010 0.998504 0.000000 0.000010 0.000001 0.000040 0.000001 0.000010 0.000088 0.000179 0.000041 0.000190 0.000035 0.000035 0.000000 0.000177
 0.000651 0.000000 0.000018 0.000010 0.000010 0.001213 0.000000 0.000010 0.000001 0.000040 0.000001 0.000010 0.997379 0.000179 0.000041 0.000190 0.000035 0.000035 0.000000 0.000177

MOTIF 27-GYGGQG STREME-27
letter-probability matrix: alength= 20 w= 6 nsites= 189 E= 5.1e+000
 0.021845 0.000006 0.000608 0.000328 0.000334 0.949808 0.000014 0.000321 0.000046 0.001326 0.000045 0.000320 0.002954 0.006005 0.001383 0.006373 0.001179 0.001158 0.000014 0.005933
 0.021845 0.000006 0.000608 0.000328 0.000334 0.040717 0.000014 0.000321 0.000046 0.001326 0.000045 0.000320 0.002954 0.006005 0.001383 0.006373 0.001179 0.001158 0.000014 0.915023
 0.021845 0.000006 0.000608 0.000328 0.000334 0.949808 0.000014 0.000321 0.000046 0.001326 0.000045 0.000320 0.002954 0.006005 0.001383 0.006373 0.001179 0.001158 0.000014 0.005933
 0.021845 0.000006 0.000608 0.000328 0.000334 0.949808 0.000014 0.000321 0.000046 0.001326 0.000045 0.000320 0.002954 0.006005 0.001383 0.006373 0.001179 0.001158 0.000014 0.005933
 0.021845 0.000006 0.000608 0.000328 0.000334 0.040717 0.000014 0.000321 0.000046 0.001326 0.000045 0.000320 0.002954 0.915096 0.001383 0.006373 0.001179 0.001158 0.000014 0.005933
 0.021845 0.000006 0.000608 0.000328 0.000334 0.949808 0.000014 0.000321 0.000046 0.001326 0.000045 0.000320 0.002954 0.006005 0.001383 0.006373 0.001179 0.001158 0.000014 0.005933

********************************************************************************
Stopped because 3 consecutive motifs exceeded the p-value threshold (0.05).
********************************************************************************
COMMAND:	streme --protein --p ./Data/v0_cluster_windows_15mers/cluster_1.fasta --minw 3 --maxw 15 --thresh 0.05 --oc ./Results/v0_Parallel_Run_20250503_171149/streme_out_cluster_1
********************************************************************************
CPU:		Hirokis-MacBook-Air.local
********************************************************************************
FINALTIME:	490.76 seconds
********************************************************************************
