********************************************************************************
STREME - Sensitive, Thorough, Rapid, Enriched Motif Elicitation
********************************************************************************
MEME version 5.5.7 (Release date: Wed Jun 19 13:59:04 2024 -0700)

For further information on how to interpret these results please access https://meme-suite.org/meme.
To get a copy of the MEME Suite software please access https://meme-suite.org.

********************************************************************************


********************************************************************************
REFERENCE
********************************************************************************
If you use this program in your research, please cite:

Timothy L. Bailey,
"STREME: accurate and versatile sequence motif discovery",
Bioinformatics, Mar. 24, 2021.
********************************************************************************


ALPHABET= ACDEFGHIKLMNPQRSTVWY

strands: +

Background letter frequencies
A 0.126 C 7.56e-05 D 7.56e-05 E 7.56e-05 F 0.0031 G 0.508 H 7.56e-05 I 7.56e-05 K 7.56e-05 L 0.0031 M 7.56e-05 N 0.0666 P 7.56e-05 Q 0.0727 R 0.00159 S 0.0228 T 0.0636 V 0.00159 W 7.56e-05 Y 0.13 

MOTIF 1-GAGTGYGNQGGYGTG STREME-1
letter-probability matrix: alength= 20 w= 15 nsites= 44 S= 3.8e-026
 0.011418 0.000007 0.000007 0.000007 0.000282 0.955310 0.000007 0.000007 0.000007 0.000282 0.000007 0.006058 0.000007 0.006608 0.000144 0.002070 0.005784 0.000144 0.000007 0.011837
 0.920509 0.000007 0.000007 0.000007 0.000282 0.046219 0.000007 0.000007 0.000007 0.000282 0.000007 0.006058 0.000007 0.006608 0.000144 0.002070 0.005784 0.000144 0.000007 0.011837
 0.011418 0.000007 0.000007 0.000007 0.000282 0.955310 0.000007 0.000007 0.000007 0.000282 0.000007 0.006058 0.000007 0.006608 0.000144 0.002070 0.005784 0.000144 0.000007 0.011837
 0.011418 0.000007 0.000007 0.000007 0.000282 0.046219 0.000007 0.000007 0.000007 0.000282 0.000007 0.006058 0.000007 0.006608 0.000144 0.002070 0.914875 0.000144 0.000007 0.011837
 0.011418 0.000007 0.000007 0.000007 0.000282 0.955310 0.000007 0.000007 0.000007 0.000282 0.000007 0.006058 0.000007 0.006608 0.000144 0.002070 0.005784 0.000144 0.000007 0.011837
 0.011418 0.000007 0.000007 0.000007 0.000282 0.046219 0.000007 0.000007 0.000007 0.000282 0.000007 0.006058 0.000007 0.006608 0.000144 0.002070 0.005784 0.000144 0.000007 0.920928
 0.011418 0.000007 0.000007 0.000007 0.000282 0.955310 0.000007 0.000007 0.000007 0.000282 0.000007 0.006058 0.000007 0.006608 0.000144 0.002070 0.005784 0.000144 0.000007 0.011837
 0.011418 0.000007 0.000007 0.000007 0.000282 0.046219 0.000007 0.000007 0.000007 0.000282 0.000007 0.915149 0.000007 0.006608 0.000144 0.002070 0.005784 0.000144 0.000007 0.011837
 0.011418 0.000007 0.000007 0.000007 0.000282 0.046219 0.000007 0.000007 0.000007 0.000282 0.000007 0.006058 0.000007 0.915699 0.000144 0.002070 0.005784 0.000144 0.000007 0.011837
 0.011418 0.000007 0.000007 0.000007 0.000282 0.955310 0.000007 0.000007 0.000007 0.000282 0.000007 0.006058 0.000007 0.006608 0.000144 0.002070 0.005784 0.000144 0.000007 0.011837
 0.011418 0.000007 0.000007 0.000007 0.000282 0.955310 0.000007 0.000007 0.000007 0.000282 0.000007 0.006058 0.000007 0.006608 0.000144 0.002070 0.005784 0.000144 0.000007 0.011837
 0.011418 0.000007 0.000007 0.000007 0.000282 0.046219 0.000007 0.000007 0.000007 0.000282 0.000007 0.006058 0.000007 0.006608 0.000144 0.002070 0.005784 0.000144 0.000007 0.920928
 0.011418 0.000007 0.000007 0.000007 0.000282 0.955310 0.000007 0.000007 0.000007 0.000282 0.000007 0.006058 0.000007 0.006608 0.000144 0.002070 0.005784 0.000144 0.000007 0.011837
 0.011418 0.000007 0.000007 0.000007 0.000282 0.046219 0.000007 0.000007 0.000007 0.000282 0.000007 0.006058 0.000007 0.006608 0.000144 0.002070 0.914875 0.000144 0.000007 0.011837
 0.011418 0.000007 0.000007 0.000007 0.000282 0.955310 0.000007 0.000007 0.000007 0.000282 0.000007 0.006058 0.000007 0.006608 0.000144 0.002070 0.005784 0.000144 0.000007 0.011837

********************************************************************************
Stopped because the next motif had no positive sites with scores > 0.
********************************************************************************
COMMAND:	streme --protein --p ./Data/v1_cluster_windows_15mers/cluster_10037.fasta --minw 3 --maxw 15 --thresh 0.05 --oc ./Results/v1_Top500_Run_20250504_162200/streme_out_cluster_10037
********************************************************************************
CPU:		Hirokis-MacBook-Air.local
********************************************************************************
FINALTIME:	0.14 seconds
********************************************************************************
