********************************************************************************
STREME - Sensitive, Thorough, Rapid, Enriched Motif Elicitation
********************************************************************************
MEME version 5.5.7 (Release date: Wed Jun 19 13:59:04 2024 -0700)

For further information on how to interpret these results please access https://meme-suite.org/meme.
To get a copy of the MEME Suite software please access https://meme-suite.org.

********************************************************************************


********************************************************************************
REFERENCE
********************************************************************************
If you use this program in your research, please cite:

Timothy L. Bailey,
"STREME: accurate and versatile sequence motif discovery",
Bioinformatics, Mar. 24, 2021.
********************************************************************************


ALPHABET= ACDEFGHIKLMNPQRSTVWY

strands: +

Background letter frequencies
A 0.148 C 0.0666 D 0.00169 E 0.0666 F 0.000863 G 0.132 H 4.11e-05 I 0.0115 K 4.11e-05 L 4.11e-05 M 4.11e-05 N 0.00415 P 0.0666 Q 0.0592 R 4.11e-05 S 0.317 T 0.0675 V 0.0568 W 4.11e-05 Y 4.11e-05 

MOTIF 1-SSSISASTPGASGCE STREME-1
letter-probability matrix: alength= 20 w= 15 nsites= 81 E= 1.6e-004
 0.013464 0.006059 0.000153 0.006059 0.000078 0.012036 0.000004 0.001050 0.000004 0.000004 0.000004 0.000378 0.006059 0.005386 0.000004 0.937955 0.006135 0.005162 0.000004 0.000004
 0.013464 0.006059 0.000153 0.006059 0.000078 0.012036 0.000004 0.001050 0.000004 0.000004 0.000004 0.000378 0.006059 0.005386 0.000004 0.937955 0.006135 0.005162 0.000004 0.000004
 0.013464 0.006059 0.000153 0.006059 0.000078 0.012036 0.000004 0.001050 0.000004 0.000004 0.000004 0.000378 0.006059 0.005386 0.000004 0.937955 0.006135 0.005162 0.000004 0.000004
 0.013464 0.006059 0.000153 0.006059 0.000078 0.012036 0.000004 0.910141 0.000004 0.000004 0.000004 0.000378 0.006059 0.005386 0.000004 0.028864 0.006135 0.005162 0.000004 0.000004
 0.013464 0.006059 0.000153 0.006059 0.000078 0.012036 0.000004 0.001050 0.000004 0.000004 0.000004 0.000378 0.006059 0.005386 0.000004 0.937955 0.006135 0.005162 0.000004 0.000004
 0.922555 0.006059 0.000153 0.006059 0.000078 0.012036 0.000004 0.001050 0.000004 0.000004 0.000004 0.000378 0.006059 0.005386 0.000004 0.028864 0.006135 0.005162 0.000004 0.000004
 0.013464 0.006059 0.000153 0.006059 0.000078 0.012036 0.000004 0.001050 0.000004 0.000004 0.000004 0.000378 0.006059 0.005386 0.000004 0.937955 0.006135 0.005162 0.000004 0.000004
 0.013464 0.006059 0.000153 0.006059 0.000078 0.012036 0.000004 0.001050 0.000004 0.000004 0.000004 0.000378 0.006059 0.005386 0.000004 0.028864 0.915225 0.005162 0.000004 0.000004
 0.013464 0.006059 0.000153 0.006059 0.000078 0.012036 0.000004 0.001050 0.000004 0.000004 0.000004 0.000378 0.915150 0.005386 0.000004 0.028864 0.006135 0.005162 0.000004 0.000004
 0.013464 0.006059 0.000153 0.006059 0.000078 0.921127 0.000004 0.001050 0.000004 0.000004 0.000004 0.000378 0.006059 0.005386 0.000004 0.028864 0.006135 0.005162 0.000004 0.000004
 0.922555 0.006059 0.000153 0.006059 0.000078 0.012036 0.000004 0.001050 0.000004 0.000004 0.000004 0.000378 0.006059 0.005386 0.000004 0.028864 0.006135 0.005162 0.000004 0.000004
 0.013464 0.006059 0.000153 0.006059 0.000078 0.012036 0.000004 0.001050 0.000004 0.000004 0.000004 0.000378 0.006059 0.005386 0.000004 0.937955 0.006135 0.005162 0.000004 0.000004
 0.013464 0.006059 0.000153 0.006059 0.000078 0.921127 0.000004 0.001050 0.000004 0.000004 0.000004 0.000378 0.006059 0.005386 0.000004 0.028864 0.006135 0.005162 0.000004 0.000004
 0.013464 0.915150 0.000153 0.006059 0.000078 0.012036 0.000004 0.001050 0.000004 0.000004 0.000004 0.000378 0.006059 0.005386 0.000004 0.028864 0.006135 0.005162 0.000004 0.000004
 0.013464 0.006059 0.000153 0.915150 0.000078 0.012036 0.000004 0.001050 0.000004 0.000004 0.000004 0.000378 0.006059 0.005386 0.000004 0.028864 0.006135 0.005162 0.000004 0.000004

MOTIF 2-AQV STREME-2
letter-probability matrix: alength= 20 w= 3 nsites= 21 E= 2.0e+000
 0.922555 0.006059 0.000153 0.006059 0.000078 0.012036 0.000004 0.001050 0.000004 0.000004 0.000004 0.000378 0.006059 0.005386 0.000004 0.028864 0.006135 0.005162 0.000004 0.000004
 0.013464 0.006059 0.000153 0.006059 0.000078 0.012036 0.000004 0.001050 0.000004 0.000004 0.000004 0.000378 0.006059 0.914477 0.000004 0.028864 0.006135 0.005162 0.000004 0.000004
 0.013464 0.006059 0.000153 0.006059 0.000078 0.012036 0.000004 0.001050 0.000004 0.000004 0.000004 0.000378 0.006059 0.005386 0.000004 0.028864 0.006135 0.914253 0.000004 0.000004

********************************************************************************
Stopped because the next motif had no positive sites with scores > 0.
********************************************************************************
COMMAND:	streme --protein --p ./Data/v1_cluster_windows_15mers/cluster_15611.fasta --minw 3 --maxw 15 --thresh 0.05 --oc ./Results/v1_Top500_Run_20250504_162200/streme_out_cluster_15611
********************************************************************************
CPU:		Hirokis-MacBook-Air.local
********************************************************************************
FINALTIME:	0.14 seconds
********************************************************************************
