********************************************************************************
STREME - Sensitive, Thorough, Rapid, Enriched Motif Elicitation
********************************************************************************
MEME version 5.5.7 (Release date: Wed Jun 19 13:59:04 2024 -0700)

For further information on how to interpret these results please access https://meme-suite.org/meme.
To get a copy of the MEME Suite software please access https://meme-suite.org.

********************************************************************************


********************************************************************************
REFERENCE
********************************************************************************
If you use this program in your research, please cite:

Timothy L. Bailey,
"STREME: accurate and versatile sequence motif discovery",
Bioinformatics, Mar. 24, 2021.
********************************************************************************


ALPHABET= ACDEFGHIKLMNPQRSTVWY

strands: +

Background letter frequencies
A 0.0483 C 0.00155 D 2.54e-05 E 0.0667 F 0.00104 G 0.000534 H 0.059 I 0.146 K 0.00155 L 0.308 M 0.00511 N 0.00511 P 2.54e-05 Q 0.00155 R 0.00104 S 0.169 T 0.0707 V 0.108 W 2.54e-05 Y 0.00613 

MOTIF 1-LLEIVSTLVHILSS STREME-1
letter-probability matrix: alength= 20 w= 14 nsites= 131 E= 3.8e-007
 0.004395 0.000141 0.000002 0.006060 0.000095 0.000049 0.005366 0.013317 0.000141 0.937116 0.000465 0.000465 0.000002 0.000141 0.000095 0.015353 0.006430 0.009808 0.000002 0.000557
 0.004395 0.000141 0.000002 0.006060 0.000095 0.000049 0.005366 0.013317 0.000141 0.937116 0.000465 0.000465 0.000002 0.000141 0.000095 0.015353 0.006430 0.009808 0.000002 0.000557
 0.004395 0.000141 0.000002 0.915150 0.000095 0.000049 0.005366 0.013317 0.000141 0.028025 0.000465 0.000465 0.000002 0.000141 0.000095 0.015353 0.006430 0.009808 0.000002 0.000557
 0.004395 0.000141 0.000002 0.006060 0.000095 0.000049 0.005366 0.922408 0.000141 0.028025 0.000465 0.000465 0.000002 0.000141 0.000095 0.015353 0.006430 0.009808 0.000002 0.000557
 0.004395 0.000141 0.000002 0.006060 0.000095 0.000049 0.005366 0.013317 0.000141 0.028025 0.000465 0.000465 0.000002 0.000141 0.000095 0.015353 0.006430 0.918899 0.000002 0.000557
 0.004395 0.000141 0.000002 0.006060 0.000095 0.000049 0.005366 0.013317 0.000141 0.028025 0.000465 0.000465 0.000002 0.000141 0.000095 0.924444 0.006430 0.009808 0.000002 0.000557
 0.004395 0.000141 0.000002 0.006060 0.000095 0.000049 0.005366 0.013317 0.000141 0.028025 0.000465 0.000465 0.000002 0.000141 0.000095 0.015353 0.915520 0.009808 0.000002 0.000557
 0.004395 0.000141 0.000002 0.006060 0.000095 0.000049 0.005366 0.013317 0.000141 0.937116 0.000465 0.000465 0.000002 0.000141 0.000095 0.015353 0.006430 0.009808 0.000002 0.000557
 0.004395 0.000141 0.000002 0.006060 0.000095 0.000049 0.005366 0.013317 0.000141 0.028025 0.000465 0.000465 0.000002 0.000141 0.000095 0.015353 0.006430 0.918899 0.000002 0.000557
 0.004395 0.000141 0.000002 0.006060 0.000095 0.000049 0.914457 0.013317 0.000141 0.028025 0.000465 0.000465 0.000002 0.000141 0.000095 0.015353 0.006430 0.009808 0.000002 0.000557
 0.004395 0.000141 0.000002 0.006060 0.000095 0.000049 0.005366 0.922408 0.000141 0.028025 0.000465 0.000465 0.000002 0.000141 0.000095 0.015353 0.006430 0.009808 0.000002 0.000557
 0.004395 0.000141 0.000002 0.006060 0.000095 0.000049 0.005366 0.013317 0.000141 0.937116 0.000465 0.000465 0.000002 0.000141 0.000095 0.015353 0.006430 0.009808 0.000002 0.000557
 0.004395 0.000141 0.000002 0.006060 0.000095 0.000049 0.005366 0.013317 0.000141 0.028025 0.000465 0.000465 0.000002 0.000141 0.000095 0.924444 0.006430 0.009808 0.000002 0.000557
 0.004395 0.000141 0.000002 0.006060 0.000095 0.000049 0.005366 0.013317 0.000141 0.028025 0.000465 0.000465 0.000002 0.000141 0.000095 0.924444 0.006430 0.009808 0.000002 0.000557

MOTIF 2-IYL STREME-2
letter-probability matrix: alength= 20 w= 3 nsites= 3 E= 4.0e+000
 0.004395 0.000141 0.000002 0.006060 0.000095 0.000049 0.005366 0.922408 0.000141 0.028025 0.000465 0.000465 0.000002 0.000141 0.000095 0.015353 0.006430 0.009808 0.000002 0.000557
 0.004395 0.000141 0.000002 0.006060 0.000095 0.000049 0.005366 0.013317 0.000141 0.028025 0.000465 0.000465 0.000002 0.000141 0.000095 0.015353 0.006430 0.009808 0.000002 0.909648
 0.004395 0.000141 0.000002 0.006060 0.000095 0.000049 0.005366 0.013317 0.000141 0.937116 0.000465 0.000465 0.000002 0.000141 0.000095 0.015353 0.006430 0.009808 0.000002 0.000557

MOTIF 3-LLA STREME-3
letter-probability matrix: alength= 20 w= 3 nsites= 6 E= 4.0e+000
 0.004395 0.000141 0.000002 0.006060 0.000095 0.000049 0.005366 0.013317 0.000141 0.937116 0.000465 0.000465 0.000002 0.000141 0.000095 0.015353 0.006430 0.009808 0.000002 0.000557
 0.004395 0.000141 0.000002 0.006060 0.000095 0.000049 0.005366 0.013317 0.000141 0.937116 0.000465 0.000465 0.000002 0.000141 0.000095 0.015353 0.006430 0.009808 0.000002 0.000557
 0.913486 0.000141 0.000002 0.006060 0.000095 0.000049 0.005366 0.013317 0.000141 0.028025 0.000465 0.000465 0.000002 0.000141 0.000095 0.015353 0.006430 0.009808 0.000002 0.000557

MOTIF 4-IAL STREME-4
letter-probability matrix: alength= 20 w= 3 nsites= 2 E= 4.0e+000
 0.004395 0.000141 0.000002 0.006060 0.000095 0.000049 0.005366 0.922408 0.000141 0.028025 0.000465 0.000465 0.000002 0.000141 0.000095 0.015353 0.006430 0.009808 0.000002 0.000557
 0.913486 0.000141 0.000002 0.006060 0.000095 0.000049 0.005366 0.013317 0.000141 0.028025 0.000465 0.000465 0.000002 0.000141 0.000095 0.015353 0.006430 0.009808 0.000002 0.000557
 0.004395 0.000141 0.000002 0.006060 0.000095 0.000049 0.005366 0.013317 0.000141 0.937116 0.000465 0.000465 0.000002 0.000141 0.000095 0.015353 0.006430 0.009808 0.000002 0.000557

********************************************************************************
Stopped because 3 consecutive motifs exceeded the p-value threshold (0.05).
********************************************************************************
COMMAND:	streme --protein --p ./Data/v1_cluster_windows_15mers/cluster_20928.fasta --minw 3 --maxw 15 --thresh 0.05 --oc ./Results/v1_Top500_Run_20250504_162200/streme_out_cluster_20928
********************************************************************************
CPU:		Hirokis-MacBook-Air.local
********************************************************************************
FINALTIME:	0.21 seconds
********************************************************************************
