********************************************************************************
STREME - Sensitive, Thorough, Rapid, Enriched Motif Elicitation
********************************************************************************
MEME version 5.5.7 (Release date: Wed Jun 19 13:59:04 2024 -0700)

For further information on how to interpret these results please access https://meme-suite.org/meme.
To get a copy of the MEME Suite software please access https://meme-suite.org.

********************************************************************************


********************************************************************************
REFERENCE
********************************************************************************
If you use this program in your research, please cite:

Timothy L. Bailey,
"STREME: accurate and versatile sequence motif discovery",
Bioinformatics, Mar. 24, 2021.
********************************************************************************


ALPHABET= ACDEFGHIKLMNPQRSTVWY

strands: +

Background letter frequencies
A 0.394 C 4.16e-05 D 0.0658 E 0.000874 F 4.16e-05 G 0.209 H 4.16e-05 I 4.16e-05 K 4.16e-05 L 4.16e-05 M 4.16e-05 N 4.16e-05 P 0.000874 Q 0.0425 R 0.0234 S 0.0733 T 0.0134 V 0.177 W 4.16e-05 Y 4.16e-05 

MOTIF 1-AVGAD STREME-1
letter-probability matrix: alength= 20 w= 5 nsites= 80 E= 4.7e-004
 0.576134 0.000000 0.000116 0.000002 0.000000 0.000368 0.000000 0.000000 0.000000 0.000000 0.000000 0.000000 0.000002 0.000075 0.000041 0.422929 0.000023 0.000311 0.000000 0.000000
 0.000693 0.000000 0.000116 0.000002 0.000000 0.000368 0.000000 0.000000 0.000000 0.000000 0.000000 0.000000 0.000002 0.000075 0.000041 0.000129 0.000023 0.998552 0.000000 0.000000
 0.000693 0.000000 0.000116 0.000002 0.000000 0.998609 0.000000 0.000000 0.000000 0.000000 0.000000 0.000000 0.000002 0.000075 0.000041 0.000129 0.000023 0.000311 0.000000 0.000000
 0.913216 0.000000 0.000116 0.000002 0.000000 0.000368 0.000000 0.000000 0.000000 0.000000 0.000000 0.000000 0.000002 0.000075 0.000041 0.049270 0.024408 0.012503 0.000000 0.000000
 0.000693 0.000000 0.973973 0.012194 0.000000 0.012560 0.000000 0.000000 0.000000 0.000000 0.000000 0.000000 0.000002 0.000075 0.000041 0.000129 0.000023 0.000311 0.000000 0.000000

MOTIF 2-AQAA STREME-2
letter-probability matrix: alength= 20 w= 4 nsites= 76 E= 4.7e-004
 0.998702 0.000000 0.000141 0.000002 0.000000 0.000448 0.000000 0.000000 0.000000 0.000000 0.000000 0.000000 0.000002 0.000091 0.000050 0.000157 0.000029 0.000378 0.000000 0.000000
 0.000844 0.000000 0.000141 0.000002 0.000000 0.000448 0.000000 0.000000 0.000000 0.000000 0.000000 0.000000 0.000002 0.569867 0.425336 0.002953 0.000029 0.000378 0.000000 0.000000
 0.743773 0.000000 0.000141 0.000002 0.000000 0.000448 0.000000 0.000000 0.000000 0.000000 0.000000 0.000000 0.000002 0.000091 0.000050 0.240240 0.014874 0.000378 0.000000 0.000000
 0.983856 0.000000 0.000141 0.000002 0.000000 0.000448 0.000000 0.000000 0.000000 0.000000 0.000000 0.000000 0.000002 0.000091 0.000050 0.000157 0.000029 0.015224 0.000000 0.000000

MOTIF 3-GAGAAV STREME-3
letter-probability matrix: alength= 20 w= 6 nsites= 74 E= 3.0e-002
 0.000815 0.000000 0.000136 0.000002 0.000000 0.984031 0.000000 0.000000 0.000000 0.000000 0.000000 0.000000 0.000002 0.000088 0.000048 0.014485 0.000028 0.000365 0.000000 0.000000
 0.781392 0.000000 0.000136 0.000002 0.000000 0.043872 0.000000 0.000000 0.000000 0.000000 0.000000 0.000000 0.000002 0.000088 0.014382 0.043298 0.058245 0.058583 0.000000 0.000000
 0.000815 0.000000 0.000136 0.000002 0.000000 0.998364 0.000000 0.000000 0.000000 0.000000 0.000000 0.000000 0.000002 0.000088 0.000048 0.000152 0.000028 0.000365 0.000000 0.000000
 0.571862 0.000000 0.014470 0.000002 0.000000 0.014766 0.000000 0.000000 0.000000 0.000000 0.000000 0.000000 0.000002 0.000088 0.000048 0.000152 0.000028 0.398582 0.000000 0.000000
 0.750247 0.000000 0.000136 0.000002 0.000000 0.072684 0.000000 0.000000 0.000000 0.000000 0.000000 0.000000 0.000002 0.000088 0.000048 0.147732 0.014361 0.014699 0.000000 0.000000
 0.006715 0.000000 0.000136 0.000002 0.000000 0.000432 0.000000 0.000000 0.000000 0.000000 0.000000 0.000000 0.000002 0.000088 0.000048 0.000152 0.000028 0.992396 0.000000 0.000000

MOTIF 4-AGTGVV STREME-4
letter-probability matrix: alength= 20 w= 6 nsites= 2 E= 6.0e+000
 0.944899 0.000004 0.005983 0.000079 0.000004 0.019000 0.000004 0.000004 0.000004 0.000004 0.000004 0.000004 0.000079 0.003864 0.002124 0.006664 0.001215 0.016054 0.000004 0.000004
 0.035808 0.000004 0.005983 0.000079 0.000004 0.928090 0.000004 0.000004 0.000004 0.000004 0.000004 0.000004 0.000079 0.003864 0.002124 0.006664 0.001215 0.016054 0.000004 0.000004
 0.035808 0.000004 0.005983 0.000079 0.000004 0.019000 0.000004 0.000004 0.000004 0.000004 0.000004 0.000004 0.000079 0.003864 0.002124 0.006664 0.910305 0.016054 0.000004 0.000004
 0.035808 0.000004 0.005983 0.000079 0.000004 0.928090 0.000004 0.000004 0.000004 0.000004 0.000004 0.000004 0.000079 0.003864 0.002124 0.006664 0.001215 0.016054 0.000004 0.000004
 0.035808 0.000004 0.005983 0.000079 0.000004 0.019000 0.000004 0.000004 0.000004 0.000004 0.000004 0.000004 0.000079 0.003864 0.002124 0.006664 0.001215 0.925145 0.000004 0.000004
 0.035808 0.000004 0.005983 0.000079 0.000004 0.019000 0.000004 0.000004 0.000004 0.000004 0.000004 0.000004 0.000079 0.003864 0.002124 0.006664 0.001215 0.925145 0.000004 0.000004

MOTIF 5-VAGGV STREME-5
letter-probability matrix: alength= 20 w= 5 nsites= 1 E= 6.0e+000
 0.049662 0.000005 0.008298 0.000110 0.000005 0.026350 0.000005 0.000005 0.000005 0.000005 0.000005 0.000005 0.000110 0.005360 0.002945 0.009243 0.001684 0.896185 0.000005 0.000005
 0.923582 0.000005 0.008298 0.000110 0.000005 0.026350 0.000005 0.000005 0.000005 0.000005 0.000005 0.000005 0.000110 0.005360 0.002945 0.009243 0.001684 0.022265 0.000005 0.000005
 0.049662 0.000005 0.008298 0.000110 0.000005 0.900270 0.000005 0.000005 0.000005 0.000005 0.000005 0.000005 0.000110 0.005360 0.002945 0.009243 0.001684 0.022265 0.000005 0.000005
 0.049662 0.000005 0.008298 0.000110 0.000005 0.900270 0.000005 0.000005 0.000005 0.000005 0.000005 0.000005 0.000110 0.005360 0.002945 0.009243 0.001684 0.022265 0.000005 0.000005
 0.049662 0.000005 0.008298 0.000110 0.000005 0.026350 0.000005 0.000005 0.000005 0.000005 0.000005 0.000005 0.000110 0.005360 0.002945 0.009243 0.001684 0.896185 0.000005 0.000005

MOTIF 6-VAGVGV STREME-6
letter-probability matrix: alength= 20 w= 6 nsites= 1 E= 6.0e+000
 0.035808 0.000004 0.005983 0.000079 0.000004 0.019000 0.000004 0.000004 0.000004 0.000004 0.000004 0.000004 0.000079 0.003864 0.002124 0.006664 0.001215 0.925145 0.000004 0.000004
 0.944899 0.000004 0.005983 0.000079 0.000004 0.019000 0.000004 0.000004 0.000004 0.000004 0.000004 0.000004 0.000079 0.003864 0.002124 0.006664 0.001215 0.016054 0.000004 0.000004
 0.035808 0.000004 0.005983 0.000079 0.000004 0.928090 0.000004 0.000004 0.000004 0.000004 0.000004 0.000004 0.000079 0.003864 0.002124 0.006664 0.001215 0.016054 0.000004 0.000004
 0.035808 0.000004 0.005983 0.000079 0.000004 0.019000 0.000004 0.000004 0.000004 0.000004 0.000004 0.000004 0.000079 0.003864 0.002124 0.006664 0.001215 0.925145 0.000004 0.000004
 0.035808 0.000004 0.005983 0.000079 0.000004 0.928090 0.000004 0.000004 0.000004 0.000004 0.000004 0.000004 0.000079 0.003864 0.002124 0.006664 0.001215 0.016054 0.000004 0.000004
 0.035808 0.000004 0.005983 0.000079 0.000004 0.019000 0.000004 0.000004 0.000004 0.000004 0.000004 0.000004 0.000079 0.003864 0.002124 0.006664 0.001215 0.925145 0.000004 0.000004

********************************************************************************
Stopped because 3 consecutive motifs exceeded the p-value threshold (0.05).
********************************************************************************
COMMAND:	streme --protein --p ./Data/v1_cluster_windows_15mers/cluster_5470.fasta --minw 3 --maxw 15 --thresh 0.05 --oc ./Results/v1_Top500_Run_20250504_162200/streme_out_cluster_5470
********************************************************************************
CPU:		Hirokis-MacBook-Air.local
********************************************************************************
FINALTIME:	0.21 seconds
********************************************************************************
