********************************************************************************
STREME - Sensitive, Thorough, Rapid, Enriched Motif Elicitation
********************************************************************************
MEME version 5.5.7 (Release date: Wed Jun 19 13:59:04 2024 -0700)

For further information on how to interpret these results please access https://meme-suite.org/meme.
To get a copy of the MEME Suite software please access https://meme-suite.org.

********************************************************************************


********************************************************************************
REFERENCE
********************************************************************************
If you use this program in your research, please cite:

Timothy L. Bailey,
"STREME: accurate and versatile sequence motif discovery",
Bioinformatics, Mar. 24, 2021.
********************************************************************************


ALPHABET= ACDEFGHIKLMNPQRSTVWY

strands: +

Background letter frequencies
A 0.2 C 5.64e-05 D 0.0667 E 5.64e-05 F 5.64e-05 G 0.393 H 5.64e-05 I 5.64e-05 K 5.64e-05 L 5.64e-05 M 5.64e-05 N 5.64e-05 P 0.0588 Q 5.64e-05 R 0.0712 S 0.137 T 5.64e-05 V 0.00231 W 5.64e-05 Y 0.0712 

MOTIF 1-GSGRDGSGSAA STREME-1
letter-probability matrix: alength= 20 w= 11 nsites= 59 E= 2.0e-002
 0.018165 0.000005 0.006060 0.000005 0.000005 0.944803 0.000005 0.000005 0.000005 0.000005 0.000005 0.000005 0.005341 0.000005 0.006470 0.012419 0.000005 0.000210 0.000005 0.006470
 0.018165 0.000005 0.006060 0.000005 0.000005 0.035712 0.000005 0.000005 0.000005 0.000005 0.000005 0.000005 0.005341 0.000005 0.006470 0.921510 0.000005 0.000210 0.000005 0.006470
 0.018165 0.000005 0.006060 0.000005 0.000005 0.944803 0.000005 0.000005 0.000005 0.000005 0.000005 0.000005 0.005341 0.000005 0.006470 0.012419 0.000005 0.000210 0.000005 0.006470
 0.018165 0.000005 0.006060 0.000005 0.000005 0.035712 0.000005 0.000005 0.000005 0.000005 0.000005 0.000005 0.005341 0.000005 0.915561 0.012419 0.000005 0.000210 0.000005 0.006470
 0.018165 0.000005 0.915151 0.000005 0.000005 0.035712 0.000005 0.000005 0.000005 0.000005 0.000005 0.000005 0.005341 0.000005 0.006470 0.012419 0.000005 0.000210 0.000005 0.006470
 0.018165 0.000005 0.006060 0.000005 0.000005 0.944803 0.000005 0.000005 0.000005 0.000005 0.000005 0.000005 0.005341 0.000005 0.006470 0.012419 0.000005 0.000210 0.000005 0.006470
 0.018165 0.000005 0.006060 0.000005 0.000005 0.035712 0.000005 0.000005 0.000005 0.000005 0.000005 0.000005 0.005341 0.000005 0.006470 0.921510 0.000005 0.000210 0.000005 0.006470
 0.018165 0.000005 0.006060 0.000005 0.000005 0.944803 0.000005 0.000005 0.000005 0.000005 0.000005 0.000005 0.005341 0.000005 0.006470 0.012419 0.000005 0.000210 0.000005 0.006470
 0.018165 0.000005 0.006060 0.000005 0.000005 0.035712 0.000005 0.000005 0.000005 0.000005 0.000005 0.000005 0.005341 0.000005 0.006470 0.921510 0.000005 0.000210 0.000005 0.006470
 0.927256 0.000005 0.006060 0.000005 0.000005 0.035712 0.000005 0.000005 0.000005 0.000005 0.000005 0.000005 0.005341 0.000005 0.006470 0.012419 0.000005 0.000210 0.000005 0.006470
 0.927256 0.000005 0.006060 0.000005 0.000005 0.035712 0.000005 0.000005 0.000005 0.000005 0.000005 0.000005 0.005341 0.000005 0.006470 0.012419 0.000005 0.000210 0.000005 0.006470

MOTIF 2-GPG STREME-2
letter-probability matrix: alength= 20 w= 3 nsites= 52 E= 2.0e-002
 0.018165 0.000005 0.006060 0.000005 0.000005 0.944803 0.000005 0.000005 0.000005 0.000005 0.000005 0.000005 0.005341 0.000005 0.006470 0.012419 0.000005 0.000210 0.000005 0.006470
 0.018165 0.000005 0.006060 0.000005 0.000005 0.035712 0.000005 0.000005 0.000005 0.000005 0.000005 0.000005 0.914432 0.000005 0.006470 0.012419 0.000005 0.000210 0.000005 0.006470
 0.018165 0.000005 0.006060 0.000005 0.000005 0.944803 0.000005 0.000005 0.000005 0.000005 0.000005 0.000005 0.005341 0.000005 0.006470 0.012419 0.000005 0.000210 0.000005 0.006470

MOTIF 3-AGRY STREME-3
letter-probability matrix: alength= 20 w= 4 nsites= 4 E= 5.0e+000
 0.927256 0.000005 0.006060 0.000005 0.000005 0.035712 0.000005 0.000005 0.000005 0.000005 0.000005 0.000005 0.005341 0.000005 0.006470 0.012419 0.000005 0.000210 0.000005 0.006470
 0.018165 0.000005 0.006060 0.000005 0.000005 0.944803 0.000005 0.000005 0.000005 0.000005 0.000005 0.000005 0.005341 0.000005 0.006470 0.012419 0.000005 0.000210 0.000005 0.006470
 0.018165 0.000005 0.006060 0.000005 0.000005 0.035712 0.000005 0.000005 0.000005 0.000005 0.000005 0.000005 0.005341 0.000005 0.915561 0.012419 0.000005 0.000210 0.000005 0.006470
 0.018165 0.000005 0.006060 0.000005 0.000005 0.035712 0.000005 0.000005 0.000005 0.000005 0.000005 0.000005 0.005341 0.000005 0.006470 0.012419 0.000005 0.000210 0.000005 0.915561

MOTIF 4-AAA STREME-4
letter-probability matrix: alength= 20 w= 3 nsites= 4 E= 5.0e+000
 0.927256 0.000005 0.006060 0.000005 0.000005 0.035712 0.000005 0.000005 0.000005 0.000005 0.000005 0.000005 0.005341 0.000005 0.006470 0.012419 0.000005 0.000210 0.000005 0.006470
 0.927256 0.000005 0.006060 0.000005 0.000005 0.035712 0.000005 0.000005 0.000005 0.000005 0.000005 0.000005 0.005341 0.000005 0.006470 0.012419 0.000005 0.000210 0.000005 0.006470
 0.927256 0.000005 0.006060 0.000005 0.000005 0.035712 0.000005 0.000005 0.000005 0.000005 0.000005 0.000005 0.005341 0.000005 0.006470 0.012419 0.000005 0.000210 0.000005 0.006470

MOTIF 5-GGY STREME-5
letter-probability matrix: alength= 20 w= 3 nsites= 3 E= 5.0e+000
 0.018165 0.000005 0.006060 0.000005 0.000005 0.944803 0.000005 0.000005 0.000005 0.000005 0.000005 0.000005 0.005341 0.000005 0.006470 0.012419 0.000005 0.000210 0.000005 0.006470
 0.018165 0.000005 0.006060 0.000005 0.000005 0.944803 0.000005 0.000005 0.000005 0.000005 0.000005 0.000005 0.005341 0.000005 0.006470 0.012419 0.000005 0.000210 0.000005 0.006470
 0.018165 0.000005 0.006060 0.000005 0.000005 0.035712 0.000005 0.000005 0.000005 0.000005 0.000005 0.000005 0.005341 0.000005 0.006470 0.012419 0.000005 0.000210 0.000005 0.915561

********************************************************************************
Stopped because 3 consecutive motifs exceeded the p-value threshold (0.05).
********************************************************************************
COMMAND:	streme --protein --p ./Data/v1_cluster_windows_15mers/cluster_9295.fasta --minw 3 --maxw 15 --thresh 0.05 --oc ./Results/v1_Top500_Run_20250504_162200/streme_out_cluster_9295
********************************************************************************
CPU:		Hirokis-MacBook-Air.local
********************************************************************************
FINALTIME:	0.14 seconds
********************************************************************************
