********************************************************************************
STREME - Sensitive, Thorough, Rapid, Enriched Motif Elicitation
********************************************************************************
MEME version 5.5.7 (Release date: Wed Jun 19 13:59:04 2024 -0700)

For further information on how to interpret these results please access https://meme-suite.org/meme.
To get a copy of the MEME Suite software please access https://meme-suite.org.

********************************************************************************


********************************************************************************
REFERENCE
********************************************************************************
If you use this program in your research, please cite:

Timothy L. Bailey,
"STREME: accurate and versatile sequence motif discovery",
Bioinformatics, Mar. 24, 2021.
********************************************************************************


ALPHABET= ACDEFGHIKLMNPQRSTVWY

strands: +

Background letter frequencies
A 0.101 C 3.92e-05 D 3.92e-05 E 3.92e-05 F 3.92e-05 G 0.00317 H 3.92e-05 I 0.00866 K 3.92e-05 L 0.0628 M 0.00317 N 0.0181 P 3.92e-05 Q 0.00239 R 0.129 S 0.48 T 0.0463 V 0.144 W 3.92e-05 Y 3.92e-05 

MOTIF 1-VSRLSSSSAVSRVSS STREME-1
letter-probability matrix: alength= 20 w= 15 nsites= 85 E= 7.8e-005
 0.013506 0.000000 0.000000 0.000000 0.000000 0.000006 0.000000 0.013329 0.000000 0.013433 0.000006 0.000035 0.000000 0.000005 0.000248 0.000923 0.053464 0.905045 0.000000 0.000000
 0.054209 0.000000 0.000000 0.000000 0.000000 0.000006 0.000000 0.000017 0.000000 0.000121 0.000006 0.053536 0.000000 0.000005 0.000248 0.864862 0.026713 0.000277 0.000000 0.000000
 0.000194 0.000000 0.000000 0.000000 0.000000 0.054021 0.000000 0.000017 0.000000 0.000121 0.000006 0.000035 0.000000 0.000005 0.931001 0.000923 0.013401 0.000277 0.000000 0.000000
 0.000194 0.000000 0.000000 0.000000 0.000000 0.000006 0.000000 0.013329 0.000000 0.944951 0.039943 0.000035 0.000000 0.000005 0.000248 0.000923 0.000089 0.000277 0.000000 0.000000
 0.000194 0.000000 0.000000 0.000000 0.000000 0.000006 0.000000 0.000017 0.000000 0.000121 0.000006 0.000035 0.000000 0.000005 0.000248 0.958940 0.040152 0.000277 0.000000 0.000000
 0.000194 0.000000 0.000000 0.000000 0.000000 0.000006 0.000000 0.000017 0.000000 0.000121 0.000006 0.000035 0.000000 0.000005 0.000248 0.985690 0.013401 0.000277 0.000000 0.000000
 0.160448 0.000000 0.000000 0.000000 0.000000 0.000006 0.000000 0.000017 0.000000 0.000121 0.000006 0.000035 0.000000 0.000005 0.000248 0.838749 0.000089 0.000277 0.000000 0.000000
 0.000194 0.000000 0.000000 0.000000 0.000000 0.000006 0.000000 0.000017 0.000000 0.000121 0.000006 0.000035 0.000000 0.000005 0.000248 0.999002 0.000089 0.000277 0.000000 0.000000
 0.998274 0.000000 0.000000 0.000000 0.000000 0.000006 0.000000 0.000017 0.000000 0.000121 0.000006 0.000035 0.000000 0.000005 0.000248 0.000923 0.000089 0.000277 0.000000 0.000000
 0.187838 0.000000 0.000000 0.000000 0.000000 0.000006 0.000000 0.000017 0.000000 0.000121 0.000006 0.013347 0.000000 0.000005 0.000248 0.094235 0.297263 0.406915 0.000000 0.000000
 0.000194 0.000000 0.000000 0.000000 0.000000 0.000006 0.000000 0.000017 0.000000 0.000121 0.000006 0.039971 0.000000 0.013317 0.000248 0.865499 0.080343 0.000277 0.000000 0.000000
 0.000194 0.000000 0.000000 0.000000 0.000000 0.000006 0.000000 0.000017 0.000000 0.000121 0.000006 0.000035 0.000000 0.000005 0.998328 0.000923 0.000089 0.000277 0.000000 0.000000
 0.000194 0.000000 0.000000 0.000000 0.000000 0.000006 0.000000 0.066704 0.000000 0.000121 0.000006 0.000035 0.000000 0.000005 0.000248 0.000923 0.000089 0.931669 0.000000 0.000000
 0.053569 0.000000 0.000000 0.000000 0.000000 0.000006 0.000000 0.000017 0.000000 0.000121 0.000006 0.000035 0.000000 0.026629 0.000248 0.905690 0.013401 0.000277 0.000000 0.000000
 0.000194 0.000000 0.000000 0.000000 0.000000 0.000006 0.000000 0.000017 0.000000 0.000121 0.000006 0.175800 0.000000 0.000005 0.000248 0.702794 0.120531 0.000277 0.000000 0.000000

********************************************************************************
Stopped because the next motif had no positive sites with scores > 0.
********************************************************************************
COMMAND:	streme --protein --p ./Data/v1_cluster_windows_15mers/cluster_14787.fasta --minw 3 --maxw 15 --thresh 0.05 --oc ./Results/v1_Top500_Run_20250504_162200/streme_out_cluster_14787
********************************************************************************
CPU:		Hirokis-MacBook-Air.local
********************************************************************************
FINALTIME:	0.17 seconds
********************************************************************************
