********************************************************************************
STREME - Sensitive, Thorough, Rapid, Enriched Motif Elicitation
********************************************************************************
MEME version 5.5.7 (Release date: Wed Jun 19 13:59:04 2024 -0700)

For further information on how to interpret these results please access https://meme-suite.org/meme.
To get a copy of the MEME Suite software please access https://meme-suite.org.

********************************************************************************


********************************************************************************
REFERENCE
********************************************************************************
If you use this program in your research, please cite:

Timothy L. Bailey,
"STREME: accurate and versatile sequence motif discovery",
Bioinformatics, Mar. 24, 2021.
********************************************************************************


ALPHABET= ACDEFGHIKLMNPQRSTVWY

strands: +

Background letter frequencies
A 0.15 C 4.76e-05 D 0.041 E 0.0628 F 4.76e-05 G 0.165 H 4.76e-05 I 0.0305 K 4.76e-05 L 0.119 M 0.0495 N 0.0486 P 4.76e-05 Q 0.114 R 0.0105 S 0.08 T 0.000999 V 0.128 W 4.76e-05 Y 4.76e-05 

MOTIF 1-EGLDNSMALVQQAVG STREME-1
letter-probability matrix: alength= 20 w= 15 nsites= 70 E= 2.9e-004
 0.145785 0.000000 0.031993 0.612795 0.000000 0.112025 0.000000 0.000070 0.000000 0.000274 0.000114 0.000112 0.000000 0.096329 0.000024 0.000184 0.000002 0.000293 0.000000 0.000000
 0.000346 0.000000 0.000094 0.000145 0.000000 0.998078 0.000000 0.000070 0.000000 0.000274 0.000114 0.000112 0.000000 0.000263 0.000024 0.000184 0.000002 0.000293 0.000000 0.000000
 0.000346 0.000000 0.000094 0.000145 0.000000 0.000379 0.000000 0.031969 0.000000 0.950125 0.000114 0.000112 0.000000 0.000263 0.000024 0.000184 0.000002 0.016243 0.000000 0.000000
 0.000346 0.000000 0.353420 0.321396 0.000000 0.323501 0.000000 0.000070 0.000000 0.000274 0.000114 0.000112 0.000000 0.000263 0.000024 0.000184 0.000002 0.000293 0.000000 0.000000
 0.000346 0.000000 0.226208 0.000145 0.000000 0.000379 0.000000 0.000070 0.000000 0.000274 0.000114 0.642790 0.000000 0.000263 0.000024 0.129091 0.000002 0.000293 0.000000 0.000000
 0.000346 0.000000 0.000094 0.000145 0.000000 0.000379 0.000000 0.000070 0.000000 0.000274 0.000114 0.000112 0.000000 0.000263 0.000024 0.997883 0.000002 0.000293 0.000000 0.000000
 0.000346 0.000000 0.000094 0.000145 0.000000 0.000379 0.000000 0.000070 0.000000 0.434483 0.563604 0.000112 0.000000 0.000263 0.000024 0.000184 0.000002 0.000293 0.000000 0.000000
 0.998045 0.000000 0.000094 0.000145 0.000000 0.000379 0.000000 0.000070 0.000000 0.000274 0.000114 0.000112 0.000000 0.000263 0.000024 0.000184 0.000002 0.000293 0.000000 0.000000
 0.032430 0.000000 0.000094 0.000145 0.000000 0.000379 0.000000 0.193334 0.000000 0.321525 0.193003 0.000112 0.000000 0.000263 0.000024 0.000184 0.015952 0.242555 0.000000 0.000000
 0.016295 0.000000 0.000094 0.000145 0.000000 0.000379 0.000000 0.000070 0.000000 0.000274 0.000114 0.000112 0.000000 0.000263 0.000024 0.000184 0.000002 0.982043 0.000000 0.000000
 0.000346 0.000000 0.000094 0.000145 0.000000 0.016328 0.000000 0.000070 0.000000 0.000274 0.000114 0.000112 0.000000 0.966063 0.015974 0.000184 0.000002 0.000293 0.000000 0.000000
 0.000346 0.000000 0.000094 0.000145 0.000000 0.193851 0.000000 0.000070 0.000000 0.000274 0.000114 0.128834 0.000000 0.627735 0.015974 0.032268 0.000002 0.000293 0.000000 0.000000
 0.982096 0.000000 0.000094 0.000145 0.000000 0.000379 0.000000 0.000070 0.000000 0.000274 0.000114 0.000112 0.000000 0.000263 0.000024 0.000184 0.000002 0.016243 0.000000 0.000000
 0.048753 0.000000 0.000094 0.000145 0.000000 0.000379 0.000000 0.257884 0.000000 0.032173 0.032013 0.000112 0.000000 0.000263 0.000024 0.000184 0.000002 0.627974 0.000000 0.000000
 0.064144 0.000000 0.000094 0.000145 0.000000 0.774417 0.000000 0.000070 0.000000 0.000274 0.000114 0.000112 0.000000 0.000263 0.143938 0.016133 0.000002 0.000293 0.000000 0.000000

********************************************************************************
Stopped because the next motif had no positive sites with scores > 0.
********************************************************************************
COMMAND:	streme --protein --p ./Data/v1_cluster_windows_15mers/cluster_9000.fasta --minw 3 --maxw 15 --thresh 0.05 --oc ./Results/v1_Top500_Run_20250504_162200/streme_out_cluster_9000
********************************************************************************
CPU:		Hirokis-MacBook-Air.local
********************************************************************************
FINALTIME:	0.21 seconds
********************************************************************************
