********************************************************************************
STREME - Sensitive, Thorough, Rapid, Enriched Motif Elicitation
********************************************************************************
MEME version 5.5.7 (Release date: Wed Jun 19 13:59:04 2024 -0700)

For further information on how to interpret these results please access https://meme-suite.org/meme.
To get a copy of the MEME Suite software please access https://meme-suite.org.

********************************************************************************


********************************************************************************
REFERENCE
********************************************************************************
If you use this program in your research, please cite:

Timothy L. Bailey,
"STREME: accurate and versatile sequence motif discovery",
Bioinformatics, Mar. 24, 2021.
********************************************************************************


ALPHABET= ACDEFGHIKLMNPQRSTVWY

strands: +

Background letter frequencies
A 0.068 C 0.00284 D 0.00146 E 0.00978 F 0.00284 G 0.0708 H 6.94e-05 I 0.0209 K 6.94e-05 L 0.0666 M 0.0486 N 0.0958 P 0.007 Q 0.068 R 0.00562 S 0.4 T 0.00284 V 0.121 W 6.94e-05 Y 0.00839 

MOTIF 1-SQVNASSSG STREME-1
letter-probability matrix: alength= 20 w= 9 nsites= 48 S= 1.6e-028
 0.019481 0.000008 0.000004 0.019319 0.000008 0.000197 0.000000 0.000058 0.000000 0.000185 0.000135 0.000267 0.000019 0.000189 0.000016 0.959745 0.000008 0.000336 0.000000 0.000023
 0.000189 0.000008 0.000004 0.000027 0.000008 0.000197 0.000000 0.000058 0.000000 0.000185 0.000135 0.000267 0.000019 0.978114 0.019308 0.001112 0.000008 0.000336 0.000000 0.000023
 0.000189 0.000008 0.000004 0.000027 0.000008 0.000197 0.000000 0.174569 0.000000 0.000185 0.000135 0.000267 0.000019 0.000189 0.000016 0.001112 0.000008 0.823042 0.000000 0.000023
 0.000189 0.000008 0.000004 0.000027 0.000008 0.000197 0.000000 0.000058 0.000000 0.000185 0.000135 0.997483 0.000019 0.000189 0.000016 0.001112 0.000008 0.000336 0.000000 0.000023
 0.841883 0.000008 0.000004 0.078088 0.000008 0.000197 0.000000 0.000058 0.000000 0.000185 0.000135 0.000267 0.000019 0.000189 0.000016 0.039990 0.038592 0.000336 0.000000 0.000023
 0.000189 0.000008 0.000004 0.000027 0.000008 0.000197 0.000000 0.000058 0.000000 0.000185 0.000135 0.097619 0.000019 0.000189 0.000016 0.900976 0.000008 0.000336 0.000000 0.000023
 0.019481 0.000008 0.000004 0.038906 0.000008 0.019489 0.000000 0.000058 0.000000 0.000185 0.000135 0.155789 0.000019 0.000189 0.000016 0.649003 0.000008 0.000336 0.000000 0.116364
 0.019481 0.000008 0.000004 0.000027 0.000008 0.000197 0.000000 0.019350 0.000000 0.019477 0.000135 0.019558 0.096773 0.000189 0.000016 0.824407 0.000008 0.000336 0.000000 0.000023
 0.000189 0.000008 0.000004 0.000027 0.000008 0.939538 0.000000 0.000058 0.000000 0.000185 0.000135 0.019558 0.000019 0.000189 0.000016 0.020404 0.000008 0.019628 0.000000 0.000023

MOTIF 2-SSVM STREME-2
letter-probability matrix: alength= 20 w= 4 nsites= 40 S= 1.4e-016
 0.000252 0.000011 0.000005 0.000036 0.000011 0.000263 0.000000 0.000077 0.000000 0.000247 0.000180 0.000355 0.000026 0.000252 0.000021 0.997774 0.000011 0.000448 0.000000 0.000031
 0.000252 0.000011 0.000005 0.000036 0.000011 0.000263 0.000000 0.000077 0.000000 0.000247 0.000180 0.000355 0.000026 0.000252 0.000021 0.997774 0.000011 0.000448 0.000000 0.000031
 0.000252 0.000011 0.000005 0.000036 0.000011 0.000263 0.000000 0.000077 0.000000 0.000247 0.000180 0.000355 0.000026 0.000252 0.000021 0.001481 0.000011 0.996740 0.000000 0.000031
 0.000252 0.000011 0.000005 0.000036 0.000011 0.000263 0.000000 0.025776 0.000000 0.000247 0.886101 0.000355 0.000026 0.000252 0.000021 0.001481 0.000011 0.085121 0.000000 0.000031

MOTIF 3-SLA STREME-3
letter-probability matrix: alength= 20 w= 3 nsites= 3 S= 1.2e-001
 0.006185 0.000258 0.000132 0.000889 0.000258 0.006437 0.000006 0.001897 0.000006 0.006059 0.004419 0.008707 0.000637 0.006185 0.000511 0.945412 0.000258 0.010973 0.000006 0.000763
 0.006185 0.000258 0.000132 0.000889 0.000258 0.006437 0.000006 0.001897 0.000006 0.915149 0.004419 0.008707 0.000637 0.006185 0.000511 0.036321 0.000258 0.010973 0.000006 0.000763
 0.915276 0.000258 0.000132 0.000889 0.000258 0.006437 0.000006 0.001897 0.000006 0.006059 0.004419 0.008707 0.000637 0.006185 0.000511 0.036321 0.000258 0.010973 0.000006 0.000763

MOTIF 4-GLSGC STREME-4
letter-probability matrix: alength= 20 w= 5 nsites= 2 S= 2.5e-001
 0.006185 0.000258 0.000132 0.000889 0.000258 0.915528 0.000006 0.001897 0.000006 0.006059 0.004419 0.008707 0.000637 0.006185 0.000511 0.036321 0.000258 0.010973 0.000006 0.000763
 0.006185 0.000258 0.000132 0.000889 0.000258 0.006437 0.000006 0.001897 0.000006 0.915149 0.004419 0.008707 0.000637 0.006185 0.000511 0.036321 0.000258 0.010973 0.000006 0.000763
 0.006185 0.000258 0.000132 0.000889 0.000258 0.006437 0.000006 0.001897 0.000006 0.006059 0.004419 0.008707 0.000637 0.006185 0.000511 0.945412 0.000258 0.010973 0.000006 0.000763
 0.006185 0.000258 0.000132 0.000889 0.000258 0.915528 0.000006 0.001897 0.000006 0.006059 0.004419 0.008707 0.000637 0.006185 0.000511 0.036321 0.000258 0.010973 0.000006 0.000763
 0.006185 0.909349 0.000132 0.000889 0.000258 0.006437 0.000006 0.001897 0.000006 0.006059 0.004419 0.008707 0.000637 0.006185 0.000511 0.036321 0.000258 0.010973 0.000006 0.000763

MOTIF 5-GSAV STREME-5
letter-probability matrix: alength= 20 w= 4 nsites= 1 S= 5.0e-001
 0.008578 0.000358 0.000184 0.001233 0.000358 0.882847 0.000009 0.002631 0.000009 0.008403 0.006129 0.012075 0.000883 0.008578 0.000708 0.050372 0.000358 0.015219 0.000009 0.001058
 0.008578 0.000358 0.000184 0.001233 0.000358 0.008927 0.000009 0.002631 0.000009 0.008403 0.006129 0.012075 0.000883 0.008578 0.000708 0.924292 0.000358 0.015219 0.000009 0.001058
 0.882498 0.000358 0.000184 0.001233 0.000358 0.008927 0.000009 0.002631 0.000009 0.008403 0.006129 0.012075 0.000883 0.008578 0.000708 0.050372 0.000358 0.015219 0.000009 0.001058
 0.008578 0.000358 0.000184 0.001233 0.000358 0.008927 0.000009 0.002631 0.000009 0.008403 0.006129 0.012075 0.000883 0.008578 0.000708 0.050372 0.000358 0.889139 0.000009 0.001058

********************************************************************************
Stopped because maximum number of motifs (5) reached.
********************************************************************************
COMMAND:	streme --protein --p ./Data/v1_cluster_windows_15mers/cluster_3568.fasta --minw 3 --maxw 15 --thresh 0.05 --oc ./Results/v1_Top500_Run_20250504_162200/streme_out_cluster_3568
********************************************************************************
CPU:		Hirokis-MacBook-Air.local
********************************************************************************
FINALTIME:	0.16 seconds
********************************************************************************
