********************************************************************************
STREME - Sensitive, Thorough, Rapid, Enriched Motif Elicitation
********************************************************************************
MEME version 5.5.7 (Release date: Wed Jun 19 13:59:04 2024 -0700)

For further information on how to interpret these results please access https://meme-suite.org/meme.
To get a copy of the MEME Suite software please access https://meme-suite.org.

********************************************************************************


********************************************************************************
REFERENCE
********************************************************************************
If you use this program in your research, please cite:

Timothy L. Bailey,
"STREME: accurate and versatile sequence motif discovery",
Bioinformatics, Mar. 24, 2021.
********************************************************************************


ALPHABET= ACDEFGHIKLMNPQRSTVWY

strands: +

Background letter frequencies
A 0.22 C 0.00316 D 0.0133 E 0.0149 F 0.00839 G 0.0939 H 0.00481 I 0.0357 K 0.00147 L 0.0704 M 0.0118 N 0.0467 P 0.0271 Q 0.0404 R 0.028 S 0.239 T 0.0355 V 0.0859 W 0.000161 Y 0.0198 

MOTIF 1-RLSS STREME-1
letter-probability matrix: alength= 20 w= 4 nsites= 2331 E= 7.8e-038
 0.068536 0.000000 0.000001 0.000001 0.000001 0.000009 0.000000 0.111052 0.000000 0.000007 0.002741 0.000004 0.000003 0.000004 0.803946 0.000022 0.000003 0.000008 0.000000 0.013661
 0.000020 0.000000 0.000001 0.000001 0.000001 0.000009 0.000000 0.089969 0.000000 0.626720 0.056243 0.000004 0.000003 0.000004 0.000003 0.000022 0.000003 0.226993 0.000000 0.000002
 0.000020 0.000000 0.000001 0.000001 0.000001 0.000009 0.000000 0.000003 0.000000 0.000007 0.000001 0.000004 0.000003 0.000004 0.000003 0.999929 0.000003 0.000008 0.000000 0.000002
 0.000020 0.000000 0.000001 0.000001 0.000001 0.000009 0.000000 0.000003 0.000000 0.000007 0.000001 0.091579 0.006528 0.008986 0.000003 0.870769 0.022081 0.000008 0.000000 0.000002

MOTIF 2-ALLEVVS STREME-2
letter-probability matrix: alength= 20 w= 7 nsites= 803 E= 2.4e-023
 0.753973 0.000001 0.000003 0.000003 0.000002 0.006885 0.000001 0.004127 0.000000 0.000014 0.000002 0.000009 0.000005 0.000008 0.000006 0.035756 0.089292 0.109910 0.000000 0.000004
 0.000044 0.000001 0.000003 0.000003 0.000002 0.000019 0.000001 0.000007 0.000000 0.999816 0.000002 0.000009 0.000005 0.000008 0.000006 0.000047 0.000007 0.000017 0.000000 0.000004
 0.004164 0.000001 0.000003 0.000003 0.000002 0.000019 0.000001 0.041220 0.000000 0.693461 0.086524 0.000009 0.149786 0.000008 0.000006 0.015154 0.002754 0.006883 0.000000 0.000004
 0.004164 0.000001 0.016483 0.836295 0.000002 0.049475 0.000001 0.000007 0.000000 0.000014 0.000002 0.037094 0.000005 0.000008 0.002752 0.053668 0.000007 0.000017 0.000000 0.000004
 0.000044 0.005494 0.000003 0.000003 0.001375 0.000019 0.000001 0.228392 0.000000 0.195397 0.026097 0.000009 0.000005 0.000008 0.000006 0.000047 0.005500 0.537597 0.000000 0.000004
 0.015150 0.000001 0.000003 0.000003 0.001375 0.000019 0.000001 0.335282 0.000000 0.068692 0.019229 0.000009 0.000005 0.000008 0.000006 0.009662 0.024730 0.525822 0.000000 0.000004
 0.144267 0.002747 0.000003 0.000003 0.000002 0.000019 0.000001 0.000007 0.000000 0.000014 0.000002 0.000009 0.000005 0.000008 0.000006 0.808933 0.039833 0.004137 0.000000 0.000004

MOTIF 3-SASAAAS STREME-3
letter-probability matrix: alength= 20 w= 7 nsites= 1115 E= 1.9e-019
 0.185609 0.000001 0.028304 0.000003 0.005898 0.017809 0.000001 0.001185 0.000000 0.010625 0.000002 0.000008 0.095724 0.096147 0.019769 0.285928 0.152098 0.100886 0.000000 0.000003
 0.871458 0.000001 0.000002 0.000003 0.000001 0.033479 0.000001 0.016233 0.000000 0.000012 0.000002 0.002366 0.000005 0.000007 0.000005 0.000041 0.007945 0.068437 0.000000 0.000003
 0.006007 0.000001 0.000002 0.000003 0.000001 0.000016 0.000001 0.000006 0.000000 0.000012 0.000002 0.000008 0.000005 0.080497 0.000005 0.794775 0.111565 0.007091 0.000000 0.000003
 0.750693 0.000001 0.000002 0.000003 0.000001 0.007092 0.000001 0.000006 0.000000 0.000012 0.008257 0.010621 0.000005 0.000007 0.000005 0.123775 0.017694 0.081823 0.000000 0.000003
 0.997509 0.000001 0.000002 0.000003 0.002360 0.000016 0.000001 0.000006 0.000000 0.000012 0.000002 0.000008 0.000005 0.000007 0.000005 0.000041 0.000006 0.000015 0.000000 0.000003
 0.968980 0.000001 0.000002 0.000003 0.000001 0.003553 0.000001 0.000006 0.000000 0.000012 0.000002 0.000008 0.000005 0.000007 0.000005 0.000041 0.000006 0.027365 0.000000 0.000003
 0.119109 0.000001 0.000002 0.000003 0.004718 0.000016 0.000001 0.000006 0.000000 0.000012 0.000002 0.004725 0.000005 0.008909 0.000005 0.847702 0.014768 0.000015 0.000000 0.000003

MOTIF 4-GQVN STREME-4
letter-probability matrix: alength= 20 w= 4 nsites= 660 E= 6.6e-015
 0.000062 0.000001 0.000004 0.000004 0.000002 0.999746 0.000001 0.000010 0.000000 0.000020 0.000003 0.000013 0.000008 0.000011 0.000008 0.000067 0.000010 0.000024 0.000000 0.000006
 0.057797 0.000001 0.000004 0.085458 0.000002 0.000026 0.000001 0.000010 0.000000 0.000020 0.000003 0.197827 0.064806 0.498387 0.000008 0.000067 0.000010 0.000024 0.000000 0.095548
 0.000062 0.000001 0.000004 0.000004 0.000002 0.000026 0.000001 0.183719 0.000000 0.000020 0.000003 0.000013 0.000008 0.000011 0.000008 0.000067 0.000010 0.816035 0.000000 0.000006
 0.000062 0.000001 0.170288 0.000004 0.000002 0.000026 0.000001 0.000010 0.000000 0.000020 0.000003 0.829449 0.000008 0.000011 0.000008 0.000067 0.000010 0.000024 0.000000 0.000006

MOTIF 5-YGAAGQSAQMV STREME-5
letter-probability matrix: alength= 20 w= 11 nsites= 422 E= 1.4e-012
 0.071859 0.000001 0.000005 0.000006 0.063803 0.002694 0.000002 0.007988 0.000001 0.114344 0.042537 0.005335 0.018618 0.000016 0.000011 0.148981 0.021280 0.031933 0.000000 0.470586
 0.058567 0.000001 0.023930 0.002664 0.000003 0.396177 0.000002 0.000014 0.000001 0.000027 0.000005 0.210038 0.000010 0.000016 0.007985 0.273923 0.005330 0.000033 0.000000 0.021274
 0.542461 0.000001 0.000005 0.005322 0.000003 0.085106 0.000002 0.000014 0.000001 0.008002 0.000005 0.053184 0.000010 0.000016 0.000011 0.268587 0.031913 0.005350 0.000000 0.000008
 0.571680 0.002659 0.000005 0.000006 0.000003 0.000036 0.000002 0.058498 0.000001 0.000027 0.000005 0.000018 0.000010 0.000016 0.000011 0.281907 0.029254 0.047881 0.000000 0.007982
 0.199482 0.000001 0.002663 0.000006 0.000003 0.510464 0.000002 0.000014 0.000001 0.000027 0.000005 0.000018 0.000010 0.000016 0.000011 0.287224 0.000014 0.000033 0.000000 0.000008
 0.005401 0.000001 0.093057 0.005322 0.000003 0.002694 0.000002 0.000014 0.000001 0.000027 0.010638 0.130276 0.005327 0.672646 0.018619 0.000091 0.000014 0.000033 0.000000 0.055834
 0.034646 0.000001 0.000005 0.000006 0.047872 0.000036 0.000002 0.000014 0.000001 0.000027 0.000005 0.000018 0.000010 0.000016 0.000011 0.545079 0.093054 0.000033 0.000000 0.279166
 0.834885 0.000001 0.002663 0.000006 0.000003 0.000036 0.000002 0.005330 0.000001 0.000027 0.000005 0.000018 0.000010 0.000016 0.000011 0.066547 0.090398 0.000033 0.000000 0.000008
 0.204778 0.000001 0.005322 0.000006 0.000003 0.021302 0.000002 0.000014 0.000001 0.000027 0.000005 0.021284 0.000010 0.414756 0.018619 0.297868 0.015963 0.000033 0.000000 0.000008
 0.053252 0.000001 0.000005 0.000006 0.010636 0.000036 0.000002 0.116985 0.000001 0.249939 0.366882 0.000018 0.000010 0.000016 0.018619 0.010724 0.018622 0.154240 0.000000 0.000008
 0.000084 0.000001 0.000005 0.000006 0.005320 0.000036 0.000002 0.045205 0.000001 0.034588 0.000005 0.000018 0.000010 0.000016 0.000011 0.000091 0.000014 0.914581 0.000000 0.000008

MOTIF 6-AVSSLVSS STREME-6
letter-probability matrix: alength= 20 w= 8 nsites= 519 E= 1.6e-011
 0.944946 0.000001 0.000004 0.000004 0.000002 0.000026 0.011345 0.000010 0.000000 0.000019 0.000003 0.000013 0.000007 0.000011 0.034051 0.000065 0.009463 0.000023 0.000000 0.000005
 0.315051 0.000001 0.000004 0.000004 0.000002 0.000026 0.000001 0.013244 0.000000 0.000019 0.001894 0.000013 0.000007 0.000011 0.000008 0.007628 0.000010 0.662072 0.000000 0.000005
 0.037884 0.000001 0.000004 0.000004 0.000002 0.003807 0.000001 0.000010 0.000000 0.003801 0.000003 0.000013 0.000007 0.024592 0.000008 0.914698 0.015136 0.000023 0.000000 0.000005
 0.125894 0.000001 0.000004 0.000004 0.000002 0.003807 0.000001 0.000010 0.000000 0.003801 0.000003 0.170246 0.000007 0.013247 0.000008 0.463539 0.217507 0.000023 0.000000 0.001896
 0.077595 0.000001 0.000004 0.000004 0.030253 0.000026 0.000001 0.005682 0.000000 0.833345 0.001894 0.000013 0.000007 0.011356 0.000008 0.030320 0.005681 0.003805 0.000000 0.000005
 0.351014 0.000001 0.000004 0.000004 0.000002 0.011370 0.000001 0.013244 0.000000 0.030272 0.000003 0.000013 0.000007 0.000011 0.000008 0.018973 0.000010 0.575057 0.000000 0.000005
 0.162698 0.000001 0.000004 0.000004 0.000002 0.003807 0.000001 0.000010 0.000000 0.003801 0.000003 0.001903 0.003789 0.030269 0.000008 0.770973 0.022698 0.000023 0.000000 0.000005
 0.037885 0.000001 0.000004 0.000004 0.000002 0.272404 0.000001 0.003791 0.000000 0.000019 0.000003 0.200496 0.000007 0.003792 0.041612 0.428596 0.003791 0.000023 0.000000 0.007568

MOTIF 7-VSASNPGLS STREME-7
letter-probability matrix: alength= 20 w= 9 nsites= 463 E= 2.1e-010
 0.000075 0.000001 0.000005 0.000005 0.000003 0.000032 0.000002 0.369513 0.000000 0.000024 0.000004 0.000016 0.000009 0.000014 0.000009 0.000081 0.000012 0.630189 0.000000 0.000007
 0.134175 0.002353 0.000005 0.000005 0.000003 0.094148 0.000002 0.002364 0.002353 0.000024 0.000004 0.011778 0.000009 0.030594 0.103514 0.609213 0.004716 0.000029 0.000000 0.004711
 0.828010 0.000001 0.000005 0.000005 0.000003 0.002384 0.000002 0.000012 0.000000 0.000024 0.000004 0.021188 0.000009 0.002366 0.011770 0.131817 0.000012 0.002381 0.000000 0.000007
 0.122410 0.000001 0.011766 0.007062 0.000003 0.047081 0.000002 0.007069 0.000000 0.000024 0.000004 0.068236 0.000009 0.002366 0.000009 0.719797 0.011773 0.000029 0.002352 0.000007
 0.074960 0.000001 0.002357 0.007062 0.000003 0.000032 0.063521 0.000012 0.000000 0.000024 0.000004 0.465998 0.000009 0.014127 0.000009 0.280053 0.072974 0.000029 0.000000 0.018824
 0.089076 0.000001 0.000005 0.000005 0.000003 0.000032 0.000002 0.000012 0.000000 0.002376 0.000004 0.002368 0.856567 0.002366 0.000009 0.037717 0.009421 0.000029 0.000000 0.000007
 0.000075 0.000001 0.004709 0.011766 0.000003 0.952645 0.000002 0.000012 0.000000 0.000024 0.000004 0.023541 0.000009 0.000014 0.000009 0.002433 0.004716 0.000029 0.000000 0.000007
 0.392605 0.000001 0.000005 0.000005 0.000003 0.000032 0.000002 0.007068 0.000000 0.531883 0.021174 0.000016 0.000009 0.000014 0.000009 0.009490 0.004716 0.032962 0.000000 0.000007
 0.007131 0.000001 0.000005 0.000005 0.000003 0.000032 0.000002 0.000012 0.000000 0.000024 0.000004 0.009426 0.007066 0.000014 0.000009 0.973867 0.002364 0.000029 0.000000 0.000007

MOTIF 8-GCDVL STREME-8
letter-probability matrix: alength= 20 w= 5 nsites= 301 E= 8.9e-010
 0.022800 0.000002 0.109650 0.177720 0.000005 0.534486 0.000003 0.000019 0.000001 0.000038 0.000006 0.034043 0.000015 0.052942 0.000015 0.064400 0.003799 0.000047 0.000000 0.000011
 0.000120 0.999456 0.000007 0.000008 0.000005 0.000051 0.000003 0.000019 0.000001 0.000038 0.000006 0.000025 0.000015 0.000022 0.000015 0.000130 0.000019 0.000047 0.000000 0.000011
 0.000120 0.000002 0.742374 0.257096 0.000005 0.000051 0.000003 0.000019 0.000001 0.000038 0.000006 0.000025 0.000015 0.000022 0.000015 0.000130 0.000019 0.000047 0.000000 0.000011
 0.022798 0.000002 0.000007 0.000008 0.000005 0.000051 0.000003 0.124781 0.000001 0.037838 0.000006 0.007585 0.000015 0.000022 0.000015 0.011470 0.003799 0.791584 0.000000 0.000011
 0.000120 0.000002 0.000007 0.000008 0.007564 0.007611 0.000003 0.049158 0.000001 0.825609 0.056717 0.000025 0.000015 0.000022 0.000015 0.000130 0.022697 0.007606 0.000000 0.022689

MOTIF 9-LVHILG STREME-9
letter-probability matrix: alength= 20 w= 6 nsites= 425 E= 2.6e-007
 0.007700 0.000001 0.000005 0.000005 0.015243 0.000034 0.000002 0.010171 0.000001 0.834552 0.086378 0.000017 0.000010 0.000015 0.000010 0.000087 0.000013 0.025428 0.000000 0.020327
 0.010239 0.000001 0.000005 0.000005 0.005082 0.002574 0.000002 0.114327 0.000001 0.081305 0.005084 0.000017 0.000010 0.000015 0.000010 0.000087 0.000013 0.781216 0.000000 0.000007
 0.028026 0.000001 0.000005 0.000005 0.000003 0.000034 0.816710 0.000013 0.000001 0.000026 0.000004 0.002557 0.000010 0.073693 0.000010 0.073770 0.000013 0.000031 0.000000 0.005087
 0.000081 0.000001 0.000005 0.000005 0.002543 0.000034 0.000002 0.681645 0.000001 0.063891 0.000004 0.000017 0.000010 0.000015 0.000010 0.000087 0.000013 0.251628 0.000000 0.000007
 0.000081 0.000001 0.000005 0.000005 0.000003 0.000034 0.000002 0.038108 0.000001 0.923465 0.005084 0.000017 0.000010 0.000015 0.000010 0.000087 0.000013 0.033051 0.000000 0.000007
 0.061053 0.000001 0.002544 0.000005 0.000003 0.592760 0.000002 0.000013 0.010160 0.000026 0.000004 0.076237 0.000010 0.000015 0.030493 0.226622 0.000013 0.000031 0.000000 0.000007

MOTIF 10-NAVSQ STREME-10
letter-probability matrix: alength= 20 w= 5 nsites= 572 E= 2.1e-006
 0.214705 0.000001 0.033994 0.027184 0.000003 0.031754 0.000002 0.000012 0.004530 0.000023 0.011329 0.441829 0.000009 0.091460 0.000009 0.114708 0.019355 0.000028 0.000000 0.009067
 0.489529 0.000001 0.000004 0.000005 0.000003 0.000031 0.000002 0.015865 0.000000 0.188274 0.040771 0.000015 0.000009 0.000013 0.000009 0.000078 0.036249 0.229135 0.000000 0.000006
 0.087073 0.000001 0.000004 0.000005 0.188057 0.000031 0.000002 0.027189 0.000000 0.000023 0.013593 0.000015 0.000009 0.000013 0.000009 0.000078 0.000012 0.677087 0.000000 0.006800
 0.189546 0.000001 0.004534 0.000005 0.000003 0.203187 0.000002 0.020396 0.000000 0.000023 0.000004 0.000015 0.000009 0.035961 0.000009 0.537200 0.009070 0.000028 0.000000 0.000006
 0.000072 0.000001 0.000004 0.000005 0.000003 0.000031 0.000002 0.000012 0.000000 0.000023 0.000004 0.000015 0.000009 0.999686 0.000009 0.000078 0.000012 0.000028 0.000000 0.000006

MOTIF 11-GPTNPAA STREME-11
letter-probability matrix: alength= 20 w= 7 nsites= 260 E= 8.2e-006
 0.000140 0.000002 0.000008 0.000009 0.000005 0.999425 0.000003 0.000023 0.000001 0.000045 0.000007 0.000030 0.000017 0.000026 0.000018 0.000151 0.000023 0.000054 0.000000 0.000013
 0.114583 0.000002 0.000008 0.000009 0.000005 0.000060 0.000003 0.000023 0.000001 0.004444 0.000007 0.000030 0.880540 0.000026 0.000018 0.000151 0.000023 0.000054 0.000000 0.000013
 0.074943 0.000002 0.000008 0.000009 0.000005 0.004459 0.000003 0.000023 0.000001 0.000045 0.000007 0.030828 0.000017 0.026424 0.000018 0.233405 0.616537 0.000054 0.000000 0.013211
 0.000140 0.000002 0.000008 0.000009 0.000005 0.092469 0.000003 0.000023 0.000001 0.000045 0.000007 0.484304 0.000017 0.000026 0.022017 0.400834 0.000023 0.000054 0.000000 0.000013
 0.105786 0.000002 0.000008 0.000009 0.000005 0.088067 0.000003 0.000023 0.000001 0.004444 0.004407 0.000030 0.453307 0.000026 0.000018 0.343774 0.000023 0.000054 0.000000 0.000013
 0.810290 0.000002 0.008808 0.004409 0.000005 0.114476 0.000003 0.000023 0.000001 0.000045 0.000007 0.000030 0.000017 0.000026 0.000018 0.026551 0.000023 0.035255 0.000000 0.000013
 0.942311 0.000002 0.000008 0.000009 0.000005 0.026457 0.000003 0.000023 0.000001 0.000045 0.000007 0.000030 0.000017 0.000026 0.000018 0.026549 0.000023 0.004454 0.000000 0.000013

MOTIF 12-YGPSA STREME-12
letter-probability matrix: alength= 20 w= 5 nsites= 296 E= 1.6e-004
 0.000139 0.000002 0.000008 0.000009 0.000005 0.000059 0.000003 0.000022 0.000001 0.000044 0.000007 0.000029 0.000017 0.000025 0.000018 0.000150 0.000022 0.000054 0.000000 0.999384
 0.000139 0.000002 0.000008 0.000009 0.000005 0.999430 0.000003 0.000022 0.000001 0.000044 0.000007 0.000029 0.000017 0.000025 0.000018 0.000150 0.000022 0.000054 0.000000 0.000012
 0.244932 0.000002 0.000008 0.000009 0.000005 0.000059 0.000003 0.000022 0.000001 0.000044 0.000007 0.000029 0.536776 0.176801 0.000018 0.000150 0.041066 0.000054 0.000000 0.000012
 0.158089 0.000002 0.004367 0.000009 0.000005 0.349140 0.000003 0.000022 0.000001 0.000044 0.000007 0.004388 0.000017 0.027991 0.013094 0.386059 0.004381 0.052367 0.000000 0.000012
 0.380208 0.000002 0.000008 0.000009 0.000005 0.167390 0.000003 0.000022 0.000001 0.000044 0.000007 0.021824 0.174519 0.053172 0.026174 0.060811 0.000022 0.052372 0.000000 0.063404

MOTIF 13-YANAIAS STREME-13
letter-probability matrix: alength= 20 w= 7 nsites= 164 E= 1.3e-003
 0.000232 0.000003 0.000014 0.000016 0.000009 0.000099 0.000005 0.036488 0.000002 0.306317 0.000012 0.029208 0.000028 0.000043 0.000029 0.000251 0.000037 0.051118 0.000000 0.576090
 0.904418 0.000003 0.000014 0.000016 0.000009 0.021967 0.000005 0.000037 0.000002 0.000074 0.000012 0.000049 0.000028 0.000043 0.000029 0.073145 0.000037 0.000090 0.000000 0.000021
 0.175188 0.000003 0.000014 0.000016 0.000009 0.000099 0.000005 0.000037 0.000002 0.000074 0.000012 0.736562 0.000028 0.000043 0.021906 0.065853 0.000037 0.000090 0.000000 0.000021
 0.926288 0.000003 0.000014 0.000016 0.000009 0.043835 0.000005 0.000037 0.000002 0.000074 0.000012 0.000049 0.000028 0.000043 0.000029 0.000251 0.000037 0.029246 0.000000 0.000021
 0.000232 0.000003 0.000014 0.000016 0.000009 0.000099 0.000005 0.641681 0.000002 0.138606 0.072915 0.000049 0.000028 0.000043 0.000029 0.000251 0.021905 0.124092 0.000000 0.000021
 0.532416 0.000003 0.000014 0.000016 0.000009 0.000099 0.000005 0.000037 0.000002 0.000074 0.000012 0.000049 0.000028 0.000043 0.000029 0.467015 0.000037 0.000090 0.000000 0.000021
 0.000232 0.000003 0.065618 0.123954 0.000009 0.007387 0.000005 0.000037 0.000002 0.000074 0.014590 0.087525 0.000028 0.036493 0.087532 0.532627 0.043773 0.000090 0.000000 0.000021

MOTIF 14-GAGAG STREME-14
letter-probability matrix: alength= 20 w= 5 nsites= 186 E= 1.7e-002
 0.000337 0.000005 0.000020 0.000023 0.000013 0.998616 0.000007 0.000054 0.000002 0.000107 0.000018 0.000071 0.000041 0.000062 0.000043 0.000364 0.000054 0.000131 0.000000 0.000030
 0.509071 0.000005 0.010609 0.000023 0.005936 0.000143 0.000007 0.000054 0.000002 0.111960 0.000018 0.000071 0.060170 0.076230 0.000043 0.114245 0.084779 0.000131 0.000000 0.026501
 0.000337 0.000005 0.000020 0.000023 0.000013 0.998616 0.000007 0.000054 0.000002 0.000107 0.000018 0.000071 0.000041 0.000062 0.000043 0.000364 0.000054 0.000131 0.000000 0.000030
 0.566920 0.000005 0.000020 0.000023 0.058259 0.000143 0.000007 0.000054 0.000002 0.010696 0.000018 0.000071 0.000041 0.024261 0.010631 0.000364 0.224309 0.017584 0.000000 0.086590
 0.000337 0.000005 0.000020 0.000023 0.000013 0.998616 0.000007 0.000054 0.000002 0.000107 0.000018 0.000071 0.000041 0.000062 0.000043 0.000364 0.000054 0.000131 0.000000 0.000030

MOTIF 15-SIGNSAA STREME-15
letter-probability matrix: alength= 20 w= 7 nsites= 91 E= 2.1e-002
 0.015106 0.000007 0.000028 0.000032 0.000018 0.410320 0.000010 0.000075 0.000003 0.000149 0.000025 0.014739 0.000057 0.044012 0.000059 0.515063 0.000075 0.000181 0.000000 0.000042
 0.029748 0.000007 0.000028 0.000032 0.000018 0.000198 0.000010 0.433337 0.000003 0.000149 0.000025 0.000099 0.000057 0.000085 0.000059 0.161583 0.000075 0.374446 0.000000 0.000042
 0.000465 0.000007 0.000028 0.000032 0.000018 0.998086 0.000010 0.000075 0.000003 0.000149 0.000025 0.000099 0.000057 0.000085 0.000059 0.000504 0.000075 0.000181 0.000000 0.000042
 0.146906 0.000007 0.000028 0.000032 0.000018 0.014839 0.000010 0.000075 0.000003 0.000149 0.000025 0.550489 0.000057 0.000085 0.000059 0.286920 0.000075 0.000181 0.000000 0.000042
 0.000465 0.000007 0.000028 0.000032 0.000018 0.000198 0.000010 0.000075 0.000003 0.000149 0.000025 0.000099 0.000057 0.000085 0.000059 0.998392 0.000075 0.000181 0.000000 0.000042
 0.998353 0.000007 0.000028 0.000032 0.000018 0.000198 0.000010 0.000075 0.000003 0.000149 0.000025 0.000099 0.000057 0.000085 0.000059 0.000504 0.000075 0.000181 0.000000 0.000042
 0.983712 0.000007 0.000028 0.000032 0.000018 0.000198 0.000010 0.000075 0.000003 0.000149 0.000025 0.014739 0.000057 0.000085 0.000059 0.000504 0.000075 0.000181 0.000000 0.000042

MOTIF 16-LVH STREME-16
letter-probability matrix: alength= 20 w= 3 nsites= 112 E= 2.1e-002
 0.020028 0.000287 0.001209 0.001356 0.000763 0.008533 0.000437 0.003241 0.000134 0.915488 0.001068 0.004249 0.002461 0.003675 0.002542 0.021682 0.003224 0.007806 0.000015 0.001803
 0.020028 0.000287 0.001209 0.001356 0.000763 0.008533 0.000437 0.003241 0.000134 0.006397 0.001068 0.004249 0.002461 0.003675 0.002542 0.021682 0.003224 0.916896 0.000015 0.001803
 0.020028 0.000287 0.001209 0.001356 0.000763 0.008533 0.909528 0.003241 0.000134 0.006397 0.001068 0.004249 0.002461 0.003675 0.002542 0.021682 0.003224 0.007806 0.000015 0.001803

MOTIF 17-GGVLNTA STREME-17
letter-probability matrix: alength= 20 w= 7 nsites= 127 E= 4.2e-002
 0.018443 0.000004 0.000017 0.000020 0.000011 0.953427 0.000006 0.000047 0.000002 0.000092 0.000015 0.027294 0.000035 0.000053 0.000037 0.000312 0.000046 0.000112 0.000000 0.000026
 0.027521 0.000004 0.000017 0.000020 0.000011 0.853570 0.000006 0.000047 0.000002 0.090870 0.000015 0.000061 0.000035 0.000053 0.000037 0.027545 0.000046 0.000112 0.000000 0.000026
 0.081987 0.000004 0.090796 0.000020 0.000011 0.000123 0.000006 0.000047 0.000002 0.000092 0.000015 0.072689 0.000035 0.000053 0.009113 0.136484 0.018201 0.417777 0.000000 0.172546
 0.027521 0.000004 0.009094 0.045412 0.390440 0.009200 0.000006 0.000047 0.000002 0.508498 0.000015 0.000061 0.000035 0.009130 0.000037 0.000312 0.000046 0.000112 0.000000 0.000026
 0.000288 0.000004 0.000017 0.000020 0.000011 0.009200 0.000006 0.000047 0.000002 0.000092 0.000015 0.989675 0.000035 0.000053 0.000037 0.000312 0.000046 0.000112 0.000000 0.000026
 0.263624 0.000004 0.000017 0.000020 0.000011 0.000123 0.000006 0.000047 0.000002 0.154414 0.000015 0.000061 0.000035 0.000053 0.000037 0.045697 0.308736 0.227071 0.000000 0.000026
 0.463291 0.000004 0.081719 0.000020 0.000011 0.172607 0.000006 0.000047 0.000002 0.000092 0.000015 0.281563 0.000035 0.000053 0.000037 0.000312 0.000046 0.000112 0.000000 0.000026

MOTIF 18-RLASP STREME-18
letter-probability matrix: alength= 20 w= 5 nsites= 66 E= 8.4e-002
 0.000603 0.000009 0.000036 0.000041 0.000023 0.000257 0.000013 0.000098 0.000004 0.000193 0.000032 0.000128 0.000074 0.000111 0.997338 0.000653 0.000097 0.000235 0.000000 0.000054
 0.000603 0.000009 0.000036 0.000041 0.000023 0.000257 0.000013 0.000098 0.000004 0.997454 0.000032 0.000128 0.000074 0.000111 0.000077 0.000653 0.000097 0.000235 0.000000 0.000054
 0.770035 0.000009 0.000036 0.000041 0.000023 0.057206 0.000013 0.000098 0.000004 0.152092 0.000032 0.000128 0.000074 0.019092 0.000077 0.000653 0.000097 0.000235 0.000000 0.000054
 0.000603 0.000009 0.000036 0.000041 0.000023 0.000257 0.000013 0.000098 0.000004 0.000193 0.000032 0.000128 0.000074 0.000111 0.000077 0.997915 0.000097 0.000235 0.000000 0.000054
 0.000603 0.000009 0.000036 0.000041 0.000023 0.000257 0.000013 0.000098 0.000004 0.000193 0.000032 0.000128 0.997336 0.000111 0.000077 0.000653 0.000097 0.000235 0.000000 0.000054

MOTIF 19-IASGGAAA STREME-19
letter-probability matrix: alength= 20 w= 8 nsites= 118 E= 1.7e-001
 0.000297 0.000004 0.000018 0.000020 0.055997 0.000126 0.000006 0.494739 0.000002 0.074746 0.056006 0.000063 0.000036 0.000054 0.000038 0.000321 0.000048 0.317451 0.000000 0.000027
 0.765664 0.000004 0.000018 0.000020 0.000011 0.000126 0.000006 0.000048 0.000002 0.000095 0.000016 0.000063 0.000036 0.000054 0.000038 0.074975 0.000048 0.158748 0.000000 0.000027
 0.000297 0.000004 0.000018 0.000020 0.000011 0.000126 0.000006 0.000048 0.000002 0.000095 0.000016 0.009394 0.000036 0.000054 0.000038 0.961649 0.028043 0.000116 0.000000 0.000027
 0.186998 0.000004 0.000018 0.000020 0.000011 0.644061 0.000006 0.000048 0.000002 0.168113 0.000016 0.000063 0.000036 0.000054 0.000038 0.000321 0.000048 0.000116 0.000000 0.000027
 0.000297 0.000004 0.000018 0.000020 0.000011 0.998780 0.000006 0.000048 0.000002 0.000095 0.000016 0.000063 0.000036 0.000054 0.000038 0.000321 0.000048 0.000116 0.000000 0.000027
 0.672319 0.000004 0.000018 0.000020 0.000011 0.000126 0.000006 0.000048 0.000002 0.000095 0.000016 0.000063 0.102678 0.000054 0.000038 0.018983 0.121390 0.084100 0.000000 0.000027
 0.588349 0.000004 0.000018 0.000020 0.000011 0.084108 0.000006 0.000048 0.000002 0.000095 0.000016 0.093379 0.000036 0.000054 0.000038 0.233624 0.000048 0.000116 0.000000 0.000027
 0.998950 0.000004 0.000018 0.000020 0.000011 0.000126 0.000006 0.000048 0.000002 0.000095 0.000016 0.000063 0.000036 0.000054 0.000038 0.000321 0.000048 0.000116 0.000000 0.000027

MOTIF 20-PAASS STREME-20
letter-probability matrix: alength= 20 w= 5 nsites= 134 E= 1.7e-001
 0.028712 0.000004 0.000019 0.000021 0.000012 0.000132 0.000007 0.000050 0.000002 0.000099 0.000017 0.000066 0.950686 0.000057 0.019580 0.000336 0.000050 0.000121 0.000000 0.000028
 0.595649 0.000004 0.004073 0.237699 0.000012 0.000579 0.000007 0.000050 0.000002 0.000099 0.000017 0.000066 0.000038 0.156489 0.000039 0.002051 0.000050 0.003047 0.000000 0.000028
 0.998901 0.000004 0.000019 0.000021 0.000012 0.000132 0.000007 0.000050 0.000002 0.000099 0.000017 0.000066 0.000038 0.000057 0.000039 0.000336 0.000050 0.000121 0.000000 0.000028
 0.023908 0.000004 0.000019 0.000021 0.009782 0.000132 0.000007 0.000050 0.000002 0.000099 0.000017 0.000066 0.000038 0.000057 0.000039 0.965559 0.000050 0.000121 0.000000 0.000028
 0.000311 0.000004 0.000019 0.000021 0.000012 0.009902 0.000007 0.000050 0.000002 0.000099 0.000017 0.000066 0.000038 0.000057 0.000039 0.930523 0.000050 0.000121 0.000000 0.058662

MOTIF 21-TIS STREME-21
letter-probability matrix: alength= 20 w= 3 nsites= 96 E= 2.8e-001
 0.020028 0.000287 0.001209 0.001356 0.000763 0.008533 0.000437 0.003241 0.000134 0.006397 0.001068 0.004249 0.002461 0.003675 0.002542 0.021682 0.912315 0.007806 0.000015 0.001803
 0.020028 0.000287 0.001209 0.001356 0.000763 0.008533 0.000437 0.912332 0.000134 0.006397 0.001068 0.004249 0.002461 0.003675 0.002542 0.021682 0.003224 0.007806 0.000015 0.001803
 0.020028 0.000287 0.001209 0.001356 0.000763 0.008533 0.000437 0.003241 0.000134 0.006397 0.001068 0.004249 0.002461 0.003675 0.002542 0.930773 0.003224 0.007806 0.000015 0.001803

MOTIF 22-LSNVI STREME-22
letter-probability matrix: alength= 20 w= 5 nsites= 76 E= 3.4e-001
 0.000495 0.000007 0.000030 0.000034 0.000019 0.000211 0.000011 0.000080 0.000003 0.997910 0.000026 0.000105 0.000061 0.000091 0.000063 0.000536 0.000080 0.000193 0.000000 0.000045
 0.047240 0.000007 0.000030 0.000034 0.000019 0.046956 0.000011 0.000080 0.000003 0.000158 0.000026 0.000105 0.062390 0.000091 0.000063 0.842469 0.000080 0.000193 0.000000 0.000045
 0.000495 0.000007 0.000030 0.000034 0.000019 0.000211 0.000011 0.000080 0.000003 0.000158 0.000026 0.997857 0.000061 0.000091 0.000063 0.000536 0.000080 0.000193 0.000000 0.000045
 0.156364 0.000007 0.000030 0.000034 0.000019 0.000211 0.000011 0.093583 0.000003 0.000158 0.015607 0.000105 0.000061 0.000091 0.000063 0.000536 0.218338 0.514735 0.000000 0.000045
 0.000495 0.000007 0.000030 0.000034 0.000019 0.000211 0.000011 0.997832 0.000003 0.000158 0.000026 0.000105 0.000061 0.000091 0.000063 0.000536 0.000080 0.000193 0.000000 0.000045

MOTIF 23-GQQGAAASAAAA STREME-23
letter-probability matrix: alength= 20 w= 12 nsites= 72 E= 3.4e-001
 0.000495 0.000007 0.000030 0.000034 0.000019 0.842064 0.000011 0.000080 0.000003 0.000158 0.000026 0.000105 0.015650 0.000091 0.000063 0.000536 0.000080 0.140502 0.000000 0.000045
 0.078445 0.000007 0.000030 0.000034 0.000019 0.311999 0.000011 0.000080 0.000003 0.000158 0.000026 0.000105 0.000061 0.608104 0.000063 0.000536 0.000080 0.000193 0.000000 0.000045
 0.000495 0.000007 0.077978 0.000034 0.000019 0.171695 0.000011 0.000080 0.000003 0.078111 0.000026 0.046876 0.000061 0.592507 0.000063 0.031715 0.000080 0.000193 0.000000 0.000045
 0.000495 0.000007 0.000030 0.015622 0.000019 0.623810 0.000011 0.000080 0.000003 0.000158 0.000026 0.062463 0.000061 0.000091 0.000063 0.218794 0.000080 0.078142 0.000000 0.000045
 0.561737 0.000007 0.000030 0.000034 0.000019 0.078155 0.000011 0.000080 0.000003 0.000158 0.000026 0.000105 0.000061 0.015680 0.000063 0.281159 0.015668 0.046959 0.000000 0.000045
 0.779998 0.000007 0.000030 0.000034 0.000019 0.062567 0.000011 0.015669 0.000003 0.000158 0.000026 0.000105 0.000061 0.000091 0.000063 0.125251 0.000080 0.015782 0.000000 0.000045
 0.577320 0.000007 0.000030 0.015622 0.000019 0.140522 0.000011 0.000080 0.000003 0.000158 0.000026 0.000105 0.000061 0.000091 0.078015 0.187611 0.000080 0.000193 0.000000 0.000045
 0.359062 0.000007 0.000030 0.000034 0.000019 0.000211 0.000011 0.000080 0.000003 0.000158 0.000026 0.031284 0.000061 0.000091 0.000063 0.515003 0.093618 0.000193 0.000000 0.000045
 0.483772 0.000007 0.000030 0.000034 0.000019 0.000211 0.000011 0.000080 0.000003 0.000158 0.000026 0.000105 0.015650 0.000091 0.000063 0.343517 0.093621 0.062557 0.000000 0.000045
 0.499368 0.000007 0.000030 0.000034 0.000019 0.000211 0.000011 0.000080 0.000003 0.000158 0.000026 0.000105 0.000061 0.000091 0.000063 0.452644 0.046850 0.000193 0.000000 0.000045
 0.702041 0.000007 0.000030 0.000034 0.000019 0.000211 0.000011 0.000080 0.000003 0.000158 0.000026 0.000105 0.000061 0.000091 0.000063 0.234387 0.062435 0.000193 0.000000 0.000045
 0.779989 0.000007 0.000030 0.000034 0.000019 0.000211 0.000011 0.000080 0.000003 0.015747 0.000026 0.000105 0.000061 0.000091 0.000063 0.156438 0.000080 0.046961 0.000000 0.000045

MOTIF 24-YGAASQYAQM STREME-24
letter-probability matrix: alength= 20 w= 10 nsites= 62 E= 3.4e-001
 0.000598 0.000009 0.000036 0.000041 0.037654 0.019070 0.000013 0.000097 0.000004 0.000191 0.000032 0.000127 0.018889 0.000110 0.000076 0.000647 0.000096 0.019048 0.000000 0.903262
 0.057046 0.000009 0.112932 0.000041 0.000023 0.771749 0.000013 0.000097 0.000004 0.000191 0.000032 0.000127 0.000073 0.000110 0.000076 0.057095 0.000096 0.000233 0.000000 0.000054
 0.997884 0.000009 0.000036 0.000041 0.000023 0.000255 0.000013 0.000097 0.000004 0.000191 0.000032 0.000127 0.000073 0.000110 0.000076 0.000647 0.000096 0.000233 0.000000 0.000054
 0.452218 0.018824 0.000036 0.000041 0.000023 0.037886 0.000013 0.000097 0.000004 0.000191 0.000032 0.000127 0.000073 0.000110 0.000076 0.395788 0.094175 0.000233 0.000000 0.000054
 0.057044 0.000009 0.000036 0.000041 0.000023 0.113149 0.000013 0.000097 0.000004 0.000191 0.000032 0.000127 0.000073 0.000110 0.000076 0.828593 0.000096 0.000233 0.000000 0.000054
 0.000598 0.000009 0.000036 0.000041 0.000023 0.019070 0.000013 0.000097 0.000004 0.000191 0.000032 0.000127 0.037706 0.846869 0.000076 0.094726 0.000096 0.000233 0.000000 0.000054
 0.000598 0.000009 0.018851 0.000041 0.150584 0.037887 0.000013 0.000097 0.000004 0.000191 0.000032 0.000127 0.000073 0.000110 0.000076 0.188812 0.244700 0.000233 0.000000 0.357562
 0.753282 0.000009 0.018851 0.000041 0.000023 0.000255 0.000013 0.000097 0.000004 0.000191 0.000032 0.000127 0.000073 0.000110 0.000076 0.113540 0.112990 0.000233 0.000000 0.000054
 0.019413 0.000009 0.000036 0.000041 0.000023 0.075516 0.000013 0.000097 0.000004 0.000191 0.000032 0.018942 0.000073 0.658717 0.056522 0.094724 0.056544 0.019048 0.000000 0.000054
 0.075861 0.000009 0.000036 0.000041 0.000023 0.056701 0.000013 0.056543 0.000004 0.150718 0.357539 0.000127 0.000073 0.000110 0.000076 0.019463 0.000096 0.282514 0.000000 0.000054

MOTIF 25-GAINE STREME-25
letter-probability matrix: alength= 20 w= 5 nsites= 50 E= 3.4e-001
 0.000754 0.000011 0.000045 0.000051 0.000029 0.996900 0.000016 0.000122 0.000005 0.000241 0.000040 0.000160 0.000093 0.000138 0.000096 0.000816 0.000121 0.000294 0.000001 0.000068
 0.855045 0.000011 0.000045 0.000051 0.000029 0.000321 0.000016 0.000122 0.000005 0.000241 0.000040 0.000160 0.000093 0.000138 0.000096 0.048242 0.000121 0.095155 0.000001 0.000068
 0.000754 0.000011 0.000045 0.000051 0.000029 0.000321 0.000016 0.996701 0.000005 0.000241 0.000040 0.000160 0.000093 0.000138 0.000096 0.000816 0.000121 0.000294 0.000001 0.000068
 0.000754 0.000011 0.071188 0.000051 0.000029 0.000321 0.000016 0.000122 0.000005 0.000241 0.000040 0.664639 0.000093 0.000138 0.000096 0.000816 0.261079 0.000294 0.000001 0.000068
 0.000754 0.000011 0.000045 0.996630 0.000029 0.000321 0.000016 0.000122 0.000005 0.000241 0.000040 0.000160 0.000093 0.000138 0.000096 0.000816 0.000121 0.000294 0.000001 0.000068

MOTIF 26-VSGALN STREME-26
letter-probability matrix: alength= 20 w= 6 nsites= 41 E= 3.4e-001
 0.020028 0.000287 0.001209 0.001356 0.000763 0.008533 0.000437 0.003241 0.000134 0.006397 0.001068 0.004249 0.002461 0.003675 0.002542 0.021682 0.003224 0.916896 0.000015 0.001803
 0.020028 0.000287 0.001209 0.001356 0.000763 0.008533 0.000437 0.003241 0.000134 0.006397 0.001068 0.004249 0.002461 0.003675 0.002542 0.930773 0.003224 0.007806 0.000015 0.001803
 0.020028 0.000287 0.001209 0.001356 0.000763 0.917624 0.000437 0.003241 0.000134 0.006397 0.001068 0.004249 0.002461 0.003675 0.002542 0.021682 0.003224 0.007806 0.000015 0.001803
 0.929118 0.000287 0.001209 0.001356 0.000763 0.008533 0.000437 0.003241 0.000134 0.006397 0.001068 0.004249 0.002461 0.003675 0.002542 0.021682 0.003224 0.007806 0.000015 0.001803
 0.020028 0.000287 0.001209 0.001356 0.000763 0.008533 0.000437 0.003241 0.000134 0.915488 0.001068 0.004249 0.002461 0.003675 0.002542 0.021682 0.003224 0.007806 0.000015 0.001803
 0.020028 0.000287 0.001209 0.001356 0.000763 0.008533 0.000437 0.003241 0.000134 0.006397 0.001068 0.913340 0.002461 0.003675 0.002542 0.021682 0.003224 0.007806 0.000015 0.001803

MOTIF 27-ATSRL STREME-27
letter-probability matrix: alength= 20 w= 5 nsites= 95 E= 4.6e-001
 0.536365 0.000006 0.000026 0.000029 0.000016 0.000180 0.000009 0.000069 0.000003 0.000135 0.000023 0.000090 0.000052 0.000078 0.000054 0.027101 0.435562 0.000165 0.000000 0.000038
 0.379889 0.000006 0.000026 0.000029 0.000016 0.000180 0.000009 0.000069 0.000003 0.000135 0.000023 0.000090 0.000052 0.000078 0.000054 0.013779 0.592039 0.013486 0.000000 0.000038
 0.160310 0.000006 0.000026 0.000029 0.000016 0.000180 0.000009 0.000069 0.000003 0.000135 0.000023 0.000090 0.000052 0.000078 0.000054 0.812007 0.000068 0.000165 0.000000 0.026681
 0.000423 0.000006 0.000026 0.000029 0.000016 0.000180 0.000009 0.000069 0.000003 0.000135 0.000023 0.000090 0.000052 0.000078 0.998132 0.000458 0.000068 0.000165 0.000000 0.000038
 0.000423 0.000006 0.000026 0.000029 0.000016 0.000180 0.000009 0.000069 0.000003 0.590339 0.000023 0.000090 0.000052 0.000078 0.000054 0.000458 0.000068 0.408039 0.000000 0.000038

MOTIF 28-LPGVI STREME-28
letter-probability matrix: alength= 20 w= 5 nsites= 58 E= 6.8e-001
 0.000904 0.000013 0.000055 0.000061 0.000034 0.000385 0.000020 0.057040 0.000006 0.939291 0.000048 0.000192 0.000111 0.000166 0.000115 0.000979 0.000146 0.000352 0.000001 0.000081
 0.171619 0.000013 0.000055 0.000061 0.000034 0.000385 0.000020 0.000146 0.000006 0.000289 0.000048 0.000192 0.626115 0.000166 0.000115 0.200156 0.000146 0.000352 0.000001 0.000081
 0.029350 0.000013 0.028500 0.000061 0.000034 0.797145 0.000020 0.000146 0.000006 0.000289 0.000048 0.000192 0.000111 0.000166 0.028560 0.114778 0.000146 0.000352 0.000001 0.000081
 0.000904 0.000013 0.000055 0.000061 0.000034 0.000385 0.000020 0.028592 0.000006 0.000289 0.000048 0.000192 0.000111 0.000166 0.000115 0.000979 0.000146 0.967803 0.000001 0.000081
 0.000904 0.000013 0.000055 0.000061 0.000034 0.000385 0.000020 0.996042 0.000006 0.000289 0.000048 0.000192 0.000111 0.000166 0.000115 0.000979 0.000146 0.000352 0.000001 0.000081

MOTIF 29-TLVSSGGAN STREME-29
letter-probability matrix: alength= 20 w= 9 nsites= 48 E= 6.8e-001
 0.000840 0.000012 0.000051 0.000057 0.000032 0.000358 0.000018 0.000136 0.000006 0.000268 0.000045 0.079493 0.000103 0.000154 0.026545 0.388988 0.502490 0.000327 0.000001 0.000076
 0.000840 0.000012 0.000051 0.000057 0.026470 0.000358 0.000018 0.000136 0.000006 0.970016 0.000045 0.000178 0.000103 0.000154 0.000107 0.000910 0.000135 0.000327 0.000001 0.000076
 0.318120 0.000012 0.000051 0.000057 0.000032 0.000358 0.000018 0.000136 0.000006 0.079583 0.000045 0.000178 0.000103 0.000154 0.000107 0.000910 0.000135 0.599919 0.000001 0.000076
 0.053717 0.000012 0.000051 0.000057 0.000032 0.000358 0.000018 0.000136 0.000006 0.000268 0.000045 0.000178 0.000103 0.000154 0.000107 0.944219 0.000135 0.000327 0.000001 0.000076
 0.133037 0.000012 0.000051 0.000057 0.000032 0.053234 0.000018 0.000136 0.000006 0.000268 0.000045 0.132369 0.000103 0.000154 0.000107 0.626955 0.053012 0.000327 0.000001 0.000076
 0.000840 0.000012 0.000051 0.000057 0.000032 0.996544 0.000018 0.000136 0.000006 0.000268 0.000045 0.000178 0.000103 0.000154 0.000107 0.000910 0.000135 0.000327 0.000001 0.000076
 0.080155 0.000012 0.000051 0.000057 0.000032 0.423398 0.000018 0.026574 0.000006 0.000268 0.000045 0.000178 0.388181 0.026592 0.000107 0.000910 0.026573 0.026766 0.000001 0.000076
 0.864832 0.000012 0.000051 0.000057 0.000032 0.000358 0.000018 0.000136 0.000006 0.000268 0.000045 0.000178 0.000103 0.000154 0.000107 0.053786 0.079453 0.000327 0.000001 0.000076
 0.000840 0.000012 0.132252 0.000057 0.000032 0.000358 0.000018 0.000136 0.000006 0.000268 0.000045 0.687603 0.000103 0.000154 0.000107 0.177469 0.000135 0.000327 0.000001 0.000076

MOTIF 30-LGAAADAASY STREME-30
letter-probability matrix: alength= 20 w= 10 nsites= 40 E= 6.8e-001
 0.001020 0.000015 0.000062 0.000069 0.000039 0.064632 0.000022 0.000165 0.000007 0.931498 0.000054 0.000216 0.000125 0.000187 0.000129 0.001104 0.000164 0.000398 0.000001 0.000092
 0.001020 0.000015 0.000062 0.000069 0.000039 0.642655 0.000022 0.000165 0.000007 0.000326 0.000054 0.353365 0.000125 0.000187 0.000129 0.001104 0.000164 0.000398 0.000001 0.000092
 0.964291 0.000015 0.000062 0.000069 0.000039 0.000435 0.000022 0.000165 0.000007 0.032424 0.000054 0.000216 0.000125 0.000187 0.000129 0.001104 0.000164 0.000398 0.000001 0.000092
 0.514841 0.000015 0.000062 0.000069 0.000039 0.096733 0.000022 0.000165 0.000007 0.000326 0.000054 0.000216 0.000125 0.000187 0.000129 0.257957 0.000164 0.032496 0.000001 0.096390
 0.675339 0.000015 0.000062 0.000069 0.000039 0.032533 0.000022 0.000165 0.000007 0.000326 0.000054 0.000216 0.000125 0.000187 0.000129 0.290056 0.000164 0.000398 0.000001 0.000092
 0.001020 0.000015 0.931231 0.000069 0.000039 0.000435 0.000022 0.000165 0.000007 0.000326 0.000054 0.000216 0.000125 0.000187 0.000129 0.065305 0.000164 0.000398 0.000001 0.000092
 0.611139 0.000015 0.000062 0.000069 0.000039 0.000435 0.000022 0.000165 0.000007 0.000326 0.000054 0.000216 0.000125 0.000187 0.000129 0.065305 0.000164 0.000398 0.000001 0.321142
 0.771694 0.000015 0.000062 0.000069 0.000039 0.000435 0.000022 0.000165 0.000007 0.000326 0.000054 0.000216 0.000125 0.000187 0.000129 0.129502 0.000164 0.096696 0.000001 0.000092
 0.257818 0.000015 0.000062 0.000069 0.000039 0.000435 0.000022 0.000165 0.000007 0.000326 0.000054 0.000216 0.000125 0.000187 0.000129 0.739676 0.000164 0.000398 0.000001 0.000092
 0.001020 0.000015 0.000062 0.000069 0.000039 0.000435 0.000022 0.032264 0.000007 0.064523 0.224809 0.000216 0.000125 0.000187 0.000129 0.001104 0.000164 0.000398 0.000001 0.674411

MOTIF 31-GLD STREME-31
letter-probability matrix: alength= 20 w= 3 nsites= 105 E= 8.3e-001
 0.020028 0.000287 0.001209 0.001356 0.000763 0.917624 0.000437 0.003241 0.000134 0.006397 0.001068 0.004249 0.002461 0.003675 0.002542 0.021682 0.003224 0.007806 0.000015 0.001803
 0.020028 0.000287 0.001209 0.001356 0.000763 0.008533 0.000437 0.003241 0.000134 0.915488 0.001068 0.004249 0.002461 0.003675 0.002542 0.021682 0.003224 0.007806 0.000015 0.001803
 0.020028 0.000287 0.910300 0.001356 0.000763 0.008533 0.000437 0.003241 0.000134 0.006397 0.001068 0.004249 0.002461 0.003675 0.002542 0.021682 0.003224 0.007806 0.000015 0.001803

MOTIF 32-NVISNVAASVSASN STREME-32
letter-probability matrix: alength= 20 w= 14 nsites= 71 E= 1.4e+000
 0.000495 0.000007 0.015619 0.000034 0.000019 0.000211 0.000011 0.000080 0.000003 0.000158 0.000026 0.701649 0.000061 0.000091 0.000063 0.281154 0.000080 0.000193 0.000000 0.000045
 0.125213 0.000007 0.000030 0.000034 0.000019 0.000211 0.000011 0.093617 0.000003 0.015748 0.000026 0.000105 0.000061 0.202759 0.000063 0.016126 0.078028 0.467894 0.000000 0.000045
 0.000495 0.000007 0.000030 0.000034 0.015608 0.000211 0.000011 0.717215 0.000003 0.249596 0.000026 0.000105 0.000061 0.000091 0.000063 0.000536 0.000080 0.015782 0.000000 0.000045
 0.109624 0.000007 0.000030 0.000034 0.000019 0.078159 0.000011 0.000080 0.000003 0.000158 0.000026 0.000105 0.000061 0.000091 0.000063 0.811211 0.000080 0.000193 0.000000 0.000045
 0.000495 0.000007 0.046799 0.000034 0.000019 0.187289 0.000011 0.000080 0.000003 0.000158 0.000026 0.421033 0.000061 0.015680 0.000063 0.312334 0.015669 0.000193 0.000000 0.000045
 0.016085 0.000007 0.000030 0.000034 0.000019 0.000211 0.000011 0.171567 0.000003 0.187234 0.233873 0.000105 0.000061 0.000091 0.000063 0.016126 0.015669 0.358766 0.000000 0.000045
 0.624099 0.000007 0.000030 0.000034 0.000019 0.000211 0.000011 0.000080 0.000003 0.000158 0.015616 0.000105 0.000061 0.000091 0.000063 0.281147 0.000080 0.031372 0.000000 0.046814
 0.717629 0.000007 0.000030 0.000034 0.000019 0.015800 0.000011 0.000080 0.000003 0.000158 0.000026 0.000105 0.000061 0.000091 0.000063 0.265565 0.000080 0.000193 0.000000 0.000045
 0.327884 0.000007 0.000030 0.000034 0.000019 0.000211 0.015600 0.015669 0.000003 0.000158 0.000026 0.000105 0.000061 0.218349 0.000063 0.421462 0.000080 0.000193 0.000000 0.000045
 0.000495 0.000007 0.000030 0.000034 0.000019 0.000211 0.000011 0.374234 0.000003 0.000158 0.031207 0.000105 0.000061 0.000091 0.000063 0.016126 0.000080 0.577021 0.000000 0.000045
 0.343469 0.000007 0.000030 0.000034 0.000019 0.046980 0.000011 0.000080 0.015593 0.000158 0.000026 0.000105 0.000061 0.015680 0.046832 0.530596 0.000080 0.000193 0.000000 0.000045
 0.577325 0.000007 0.000030 0.015623 0.000019 0.000211 0.000011 0.000080 0.000003 0.000158 0.000026 0.000105 0.000061 0.249527 0.062422 0.094074 0.000080 0.000193 0.000000 0.000045
 0.312292 0.000007 0.000030 0.000034 0.000019 0.046980 0.000011 0.000080 0.000003 0.000158 0.000026 0.078053 0.000061 0.000091 0.000063 0.561774 0.000080 0.000193 0.000000 0.000045
 0.000495 0.000007 0.000030 0.000034 0.000019 0.000211 0.077957 0.000080 0.000003 0.015748 0.000026 0.779601 0.000061 0.000091 0.000063 0.109666 0.000080 0.000193 0.000000 0.015634

MOTIF 33-SSMATTAAQS STREME-33
letter-probability matrix: alength= 20 w= 10 nsites= 71 E= 1.4e+000
 0.000495 0.000007 0.000030 0.000034 0.000019 0.000211 0.000011 0.000080 0.000003 0.000158 0.000026 0.062461 0.000061 0.000091 0.000063 0.904754 0.031257 0.000193 0.000000 0.000045
 0.031673 0.000007 0.000030 0.000034 0.000019 0.031388 0.000011 0.000080 0.000003 0.000158 0.000026 0.000105 0.000061 0.000091 0.000063 0.748858 0.187154 0.000193 0.000000 0.000045
 0.000495 0.000007 0.000030 0.000034 0.218271 0.000211 0.000011 0.000080 0.000003 0.000158 0.779526 0.000105 0.000061 0.000091 0.000063 0.000536 0.000080 0.000193 0.000000 0.000045
 0.826772 0.000007 0.000030 0.000034 0.000019 0.000211 0.000011 0.000080 0.000003 0.000158 0.000026 0.000105 0.000061 0.000091 0.000063 0.000536 0.000080 0.156080 0.000000 0.015633
 0.125205 0.000007 0.000030 0.140379 0.000019 0.000211 0.000011 0.000080 0.000003 0.000158 0.000026 0.000105 0.000061 0.000091 0.000063 0.218785 0.514527 0.000193 0.000000 0.000045
 0.156382 0.000007 0.000030 0.000034 0.000019 0.000211 0.077956 0.140425 0.000003 0.000158 0.000026 0.062466 0.000061 0.187174 0.000063 0.109656 0.265089 0.000193 0.000000 0.000045
 0.780007 0.000007 0.000030 0.000034 0.000019 0.000211 0.000011 0.171555 0.000003 0.000158 0.031204 0.000105 0.015649 0.000091 0.000063 0.000536 0.000080 0.000193 0.000000 0.000045
 0.998247 0.000007 0.000030 0.000034 0.000019 0.000211 0.000011 0.000080 0.000003 0.000158 0.000026 0.000105 0.000061 0.000091 0.000063 0.000536 0.000080 0.000193 0.000000 0.000045
 0.000495 0.000007 0.000030 0.000034 0.015607 0.000211 0.000011 0.000080 0.109126 0.000158 0.000026 0.062460 0.000061 0.374226 0.265090 0.172059 0.000080 0.000193 0.000000 0.000045
 0.062850 0.000007 0.000030 0.140379 0.000019 0.062566 0.000011 0.000080 0.000003 0.000158 0.000026 0.031282 0.000061 0.000091 0.000063 0.639699 0.062436 0.000193 0.000000 0.000045

MOTIF 34-FVRAM STREME-34
letter-probability matrix: alength= 20 w= 5 nsites= 46 E= 1.4e+000
 0.000772 0.000011 0.000047 0.000052 0.899312 0.000329 0.000017 0.000125 0.000005 0.000247 0.000041 0.000164 0.000095 0.000142 0.000098 0.098048 0.000124 0.000301 0.000001 0.000070
 0.195196 0.000011 0.000047 0.000052 0.000029 0.000329 0.000017 0.218839 0.000005 0.000247 0.000041 0.000164 0.000095 0.000142 0.000098 0.000836 0.000124 0.583658 0.000001 0.000070
 0.000772 0.000011 0.000047 0.000052 0.000029 0.000329 0.000017 0.000125 0.243030 0.000247 0.000041 0.048765 0.000095 0.267475 0.340421 0.098048 0.000124 0.000301 0.000001 0.000070
 0.486918 0.000011 0.000047 0.000052 0.000029 0.000329 0.000017 0.000125 0.000005 0.000247 0.000041 0.000164 0.000095 0.000142 0.000098 0.413973 0.097336 0.000301 0.000001 0.000070
 0.000772 0.000011 0.000047 0.000052 0.024329 0.000329 0.000017 0.000125 0.000005 0.000247 0.972236 0.000164 0.000095 0.000142 0.000098 0.000836 0.000124 0.000301 0.000001 0.000070

MOTIF 35-NVGAIASGGA STREME-35
letter-probability matrix: alength= 20 w= 10 nsites= 40 E= 1.4e+000
 0.000959 0.000014 0.000058 0.000065 0.000037 0.000409 0.000021 0.000155 0.000006 0.000306 0.000051 0.814827 0.000118 0.000176 0.000122 0.182062 0.000154 0.000374 0.000001 0.000086
 0.061298 0.000014 0.000058 0.000065 0.000037 0.000409 0.000021 0.181185 0.000006 0.030476 0.000051 0.000203 0.000118 0.000176 0.000122 0.001038 0.000154 0.724482 0.000001 0.000086
 0.393183 0.000014 0.000058 0.000065 0.000037 0.513323 0.000021 0.000155 0.000006 0.000306 0.000051 0.030373 0.000118 0.030346 0.000122 0.031208 0.000154 0.000374 0.000001 0.000086
 0.906094 0.000014 0.000058 0.000065 0.000037 0.000409 0.000021 0.000155 0.000006 0.000306 0.000051 0.000203 0.000118 0.000176 0.000122 0.001038 0.090666 0.000374 0.000001 0.000086
 0.000959 0.000014 0.000058 0.000065 0.150891 0.000409 0.000021 0.513067 0.000006 0.181328 0.060393 0.000203 0.000118 0.000176 0.000122 0.001038 0.000154 0.090892 0.000001 0.000086
 0.875922 0.000014 0.000058 0.000065 0.000037 0.000409 0.000021 0.000155 0.000006 0.000306 0.000051 0.000203 0.000118 0.000176 0.000122 0.001038 0.000154 0.121058 0.000001 0.000086
 0.000959 0.000014 0.000058 0.000065 0.000037 0.000409 0.000021 0.000155 0.000006 0.000306 0.000051 0.000203 0.000118 0.000176 0.000122 0.966516 0.030324 0.000374 0.000001 0.000086
 0.151810 0.000014 0.000058 0.000065 0.000037 0.845204 0.000021 0.000155 0.000006 0.000306 0.000051 0.000203 0.000118 0.000176 0.000122 0.001038 0.000154 0.000374 0.000001 0.000086
 0.000959 0.000014 0.000058 0.000065 0.000037 0.965886 0.000021 0.000155 0.000006 0.030476 0.000051 0.000203 0.000118 0.000176 0.000122 0.001038 0.000154 0.000374 0.000001 0.000086
 0.513862 0.000014 0.000058 0.000065 0.000037 0.000409 0.000021 0.000155 0.000006 0.000306 0.000051 0.000203 0.060460 0.000176 0.000122 0.061380 0.151020 0.211568 0.000001 0.000086

MOTIF 36-AISSP STREME-36
letter-probability matrix: alength= 20 w= 5 nsites= 52 E= 1.4e+000
 0.929118 0.000287 0.001209 0.001356 0.000763 0.008533 0.000437 0.003241 0.000134 0.006397 0.001068 0.004249 0.002461 0.003675 0.002542 0.021682 0.003224 0.007806 0.000015 0.001803
 0.020028 0.000287 0.001209 0.001356 0.000763 0.008533 0.000437 0.912332 0.000134 0.006397 0.001068 0.004249 0.002461 0.003675 0.002542 0.021682 0.003224 0.007806 0.000015 0.001803
 0.020028 0.000287 0.001209 0.001356 0.000763 0.008533 0.000437 0.003241 0.000134 0.006397 0.001068 0.004249 0.002461 0.003675 0.002542 0.930773 0.003224 0.007806 0.000015 0.001803
 0.020028 0.000287 0.001209 0.001356 0.000763 0.008533 0.000437 0.003241 0.000134 0.006397 0.001068 0.004249 0.002461 0.003675 0.002542 0.930773 0.003224 0.007806 0.000015 0.001803
 0.020028 0.000287 0.001209 0.001356 0.000763 0.008533 0.000437 0.003241 0.000134 0.006397 0.001068 0.004249 0.911552 0.003675 0.002542 0.021682 0.003224 0.007806 0.000015 0.001803

MOTIF 37-ASSRI STREME-37
letter-probability matrix: alength= 20 w= 5 nsites= 38 E= 1.4e+000
 0.995974 0.000016 0.000069 0.000077 0.000043 0.000485 0.000025 0.000184 0.000008 0.000363 0.000061 0.000241 0.000140 0.000209 0.000144 0.001232 0.000183 0.000443 0.000001 0.000102
 0.072727 0.000016 0.000069 0.000077 0.000043 0.000485 0.000025 0.035977 0.000008 0.000363 0.000061 0.000241 0.000140 0.000209 0.000144 0.694844 0.086636 0.107832 0.000001 0.000102
 0.001138 0.000016 0.000069 0.000077 0.000043 0.000485 0.000025 0.000184 0.000008 0.000363 0.000061 0.000241 0.000140 0.000209 0.000144 0.996068 0.000183 0.000443 0.000001 0.000102
 0.001138 0.000016 0.000069 0.000077 0.000043 0.000485 0.000025 0.000184 0.000008 0.000363 0.000061 0.000241 0.000140 0.000209 0.994981 0.001232 0.000183 0.000443 0.000001 0.000102
 0.001138 0.000016 0.000069 0.000077 0.000043 0.000485 0.000025 0.995020 0.000008 0.000363 0.000061 0.000241 0.000140 0.000209 0.000144 0.001232 0.000183 0.000443 0.000001 0.000102

MOTIF 38-AIGNVL STREME-38
letter-probability matrix: alength= 20 w= 6 nsites= 30 E= 1.4e+000
 0.995527 0.000018 0.000076 0.000086 0.000048 0.000538 0.000028 0.000205 0.000008 0.000404 0.000067 0.000268 0.000155 0.000232 0.000160 0.001368 0.000203 0.000493 0.000001 0.000114
 0.001264 0.000018 0.000076 0.000086 0.000048 0.000538 0.000028 0.676270 0.000008 0.318602 0.000067 0.000268 0.000155 0.000232 0.000160 0.001368 0.000203 0.000493 0.000001 0.000114
 0.001264 0.000018 0.000076 0.000086 0.000048 0.994802 0.000028 0.000205 0.000008 0.000404 0.000067 0.000268 0.000155 0.000232 0.000160 0.001368 0.000203 0.000493 0.000001 0.000114
 0.001264 0.000018 0.000076 0.000086 0.000048 0.000538 0.000028 0.000205 0.000008 0.000404 0.000067 0.915005 0.000155 0.000232 0.000160 0.080895 0.000203 0.000493 0.000001 0.000114
 0.001264 0.000018 0.000076 0.000086 0.000048 0.000538 0.000028 0.000205 0.000008 0.000404 0.000067 0.000268 0.000155 0.000232 0.000160 0.001368 0.000203 0.994756 0.000001 0.000114
 0.001264 0.000018 0.000076 0.000086 0.000048 0.199383 0.000028 0.000205 0.000008 0.636754 0.000067 0.000268 0.000155 0.000232 0.000160 0.160437 0.000203 0.000493 0.000001 0.000114

MOTIF 39-VSVATSV STREME-39
letter-probability matrix: alength= 20 w= 7 nsites= 27 E= 1.4e+000
 0.020028 0.000287 0.001209 0.001356 0.000763 0.008533 0.000437 0.003241 0.000134 0.006397 0.001068 0.004249 0.002461 0.003675 0.002542 0.021682 0.003224 0.916896 0.000015 0.001803
 0.020028 0.000287 0.001209 0.001356 0.000763 0.008533 0.000437 0.003241 0.000134 0.006397 0.001068 0.004249 0.002461 0.003675 0.002542 0.930773 0.003224 0.007806 0.000015 0.001803
 0.020028 0.000287 0.001209 0.001356 0.000763 0.008533 0.000437 0.003241 0.000134 0.006397 0.001068 0.004249 0.002461 0.003675 0.002542 0.021682 0.003224 0.916896 0.000015 0.001803
 0.929118 0.000287 0.001209 0.001356 0.000763 0.008533 0.000437 0.003241 0.000134 0.006397 0.001068 0.004249 0.002461 0.003675 0.002542 0.021682 0.003224 0.007806 0.000015 0.001803
 0.020028 0.000287 0.001209 0.001356 0.000763 0.008533 0.000437 0.003241 0.000134 0.006397 0.001068 0.004249 0.002461 0.003675 0.002542 0.021682 0.912315 0.007806 0.000015 0.001803
 0.020028 0.000287 0.001209 0.001356 0.000763 0.008533 0.000437 0.003241 0.000134 0.006397 0.001068 0.004249 0.002461 0.003675 0.002542 0.930773 0.003224 0.007806 0.000015 0.001803
 0.020028 0.000287 0.001209 0.001356 0.000763 0.008533 0.000437 0.003241 0.000134 0.006397 0.001068 0.004249 0.002461 0.003675 0.002542 0.021682 0.003224 0.916896 0.000015 0.001803

MOTIF 40-GADA STREME-40
letter-probability matrix: alength= 20 w= 4 nsites= 42 E= 1.4e+000
 0.020028 0.000287 0.001209 0.001356 0.000763 0.917624 0.000437 0.003241 0.000134 0.006397 0.001068 0.004249 0.002461 0.003675 0.002542 0.021682 0.003224 0.007806 0.000015 0.001803
 0.929118 0.000287 0.001209 0.001356 0.000763 0.008533 0.000437 0.003241 0.000134 0.006397 0.001068 0.004249 0.002461 0.003675 0.002542 0.021682 0.003224 0.007806 0.000015 0.001803
 0.020028 0.000287 0.910300 0.001356 0.000763 0.008533 0.000437 0.003241 0.000134 0.006397 0.001068 0.004249 0.002461 0.003675 0.002542 0.021682 0.003224 0.007806 0.000015 0.001803
 0.929118 0.000287 0.001209 0.001356 0.000763 0.008533 0.000437 0.003241 0.000134 0.006397 0.001068 0.004249 0.002461 0.003675 0.002542 0.021682 0.003224 0.007806 0.000015 0.001803

MOTIF 41-ALVQ STREME-41
letter-probability matrix: alength= 20 w= 4 nsites= 34 E= 1.5e+000
 0.929118 0.000287 0.001209 0.001356 0.000763 0.008533 0.000437 0.003241 0.000134 0.006397 0.001068 0.004249 0.002461 0.003675 0.002542 0.021682 0.003224 0.007806 0.000015 0.001803
 0.020028 0.000287 0.001209 0.001356 0.000763 0.008533 0.000437 0.003241 0.000134 0.915488 0.001068 0.004249 0.002461 0.003675 0.002542 0.021682 0.003224 0.007806 0.000015 0.001803
 0.020028 0.000287 0.001209 0.001356 0.000763 0.008533 0.000437 0.003241 0.000134 0.006397 0.001068 0.004249 0.002461 0.003675 0.002542 0.021682 0.003224 0.916896 0.000015 0.001803
 0.020028 0.000287 0.001209 0.001356 0.000763 0.008533 0.000437 0.003241 0.000134 0.006397 0.001068 0.004249 0.002461 0.912766 0.002542 0.021682 0.003224 0.007806 0.000015 0.001803

MOTIF 42-AAGQSA STREME-42
letter-probability matrix: alength= 20 w= 6 nsites= 59 E= 2.7e+000
 0.787985 0.000010 0.041971 0.000045 0.000025 0.063183 0.000015 0.000108 0.000004 0.000213 0.000036 0.000141 0.000082 0.000122 0.000085 0.084584 0.000107 0.021224 0.000000 0.000060
 0.955711 0.000010 0.000040 0.000045 0.000025 0.000284 0.000015 0.042038 0.000004 0.000213 0.000036 0.000141 0.000082 0.000122 0.000085 0.000721 0.000107 0.000260 0.000000 0.000060
 0.168437 0.000010 0.000040 0.000045 0.000025 0.671348 0.000015 0.000108 0.000004 0.000213 0.000036 0.000141 0.000082 0.000122 0.000085 0.158862 0.000107 0.000260 0.000000 0.000060
 0.000666 0.000010 0.000040 0.000045 0.000025 0.000284 0.000015 0.000108 0.000004 0.000213 0.000036 0.000141 0.000082 0.997098 0.000085 0.000721 0.000107 0.000260 0.000000 0.000060
 0.000666 0.000010 0.000040 0.000045 0.000025 0.000284 0.000015 0.000108 0.000004 0.000213 0.000036 0.000141 0.000082 0.000122 0.000085 0.976733 0.021072 0.000260 0.000000 0.000060
 0.808949 0.000010 0.000040 0.000045 0.000025 0.063183 0.000015 0.000108 0.000004 0.000213 0.000036 0.000141 0.000082 0.000122 0.000085 0.000721 0.125901 0.000260 0.000000 0.000060

MOTIF 43-VASAVA STREME-43
letter-probability matrix: alength= 20 w= 6 nsites= 52 E= 2.7e+000
 0.000775 0.000011 0.000047 0.000053 0.000030 0.000330 0.000017 0.000125 0.000005 0.000248 0.000041 0.000165 0.000095 0.000142 0.000098 0.000840 0.000125 0.996782 0.000001 0.000070
 0.944985 0.000011 0.000047 0.000053 0.000030 0.000330 0.000017 0.000125 0.000005 0.000248 0.000041 0.000165 0.000095 0.000142 0.000098 0.053110 0.000125 0.000302 0.000001 0.000070
 0.000775 0.000011 0.097654 0.000053 0.000030 0.000330 0.000017 0.000125 0.048804 0.000248 0.000041 0.073367 0.000095 0.138729 0.000098 0.639124 0.000125 0.000302 0.000001 0.000070
 0.924053 0.000011 0.000047 0.000053 0.000030 0.000330 0.000017 0.000125 0.000005 0.000248 0.000041 0.000165 0.000095 0.000142 0.000098 0.074042 0.000125 0.000302 0.000001 0.000070
 0.000775 0.000011 0.000047 0.000053 0.000030 0.000330 0.000017 0.000125 0.000005 0.000248 0.000041 0.000165 0.000095 0.000142 0.000098 0.000840 0.000125 0.996782 0.000001 0.000070
 0.508841 0.000011 0.000047 0.000053 0.000030 0.000330 0.000017 0.000125 0.000005 0.000248 0.000041 0.000165 0.000095 0.000142 0.000098 0.489254 0.000125 0.000302 0.000001 0.000070

MOTIF 44-GQSV STREME-44
letter-probability matrix: alength= 20 w= 4 nsites= 72 E= 7.5e+000
 0.020028 0.000287 0.001209 0.001356 0.000763 0.917624 0.000437 0.003241 0.000134 0.006397 0.001068 0.004249 0.002461 0.003675 0.002542 0.021682 0.003224 0.007806 0.000015 0.001803
 0.020028 0.000287 0.001209 0.001356 0.000763 0.008533 0.000437 0.003241 0.000134 0.006397 0.001068 0.004249 0.002461 0.912766 0.002542 0.021682 0.003224 0.007806 0.000015 0.001803
 0.020028 0.000287 0.001209 0.001356 0.000763 0.008533 0.000437 0.003241 0.000134 0.006397 0.001068 0.004249 0.002461 0.003675 0.002542 0.930773 0.003224 0.007806 0.000015 0.001803
 0.020028 0.000287 0.001209 0.001356 0.000763 0.008533 0.000437 0.003241 0.000134 0.006397 0.001068 0.004249 0.002461 0.003675 0.002542 0.021682 0.003224 0.916896 0.000015 0.001803

********************************************************************************
Stopped because 3 consecutive motifs exceeded the p-value threshold (0.05).
********************************************************************************
COMMAND:	streme --protein --p ./Data/v0_cluster_windows_15mers/cluster_11.fasta --minw 3 --maxw 15 --thresh 0.05 --oc ./Results/v0_Parallel_Run_20250503_171149/streme_out_cluster_11
********************************************************************************
CPU:		Hirokis-MacBook-Air.local
********************************************************************************
FINALTIME:	442.20 seconds
********************************************************************************
