********************************************************************************
STREME - Sensitive, Thorough, Rapid, Enriched Motif Elicitation
********************************************************************************
MEME version 5.5.7 (Release date: Wed Jun 19 13:59:04 2024 -0700)

For further information on how to interpret these results please access https://meme-suite.org/meme.
To get a copy of the MEME Suite software please access https://meme-suite.org.

********************************************************************************


********************************************************************************
REFERENCE
********************************************************************************
If you use this program in your research, please cite:

Timothy L. Bailey,
"STREME: accurate and versatile sequence motif discovery",
Bioinformatics, Mar. 24, 2021.
********************************************************************************


ALPHABET= ACDEFGHIKLMNPQRSTVWY

strands: +

Background letter frequencies
A 0.152 C 7.4e-05 D 0.00451 E 7.4e-05 F 0.00155 G 0.00747 H 7.4e-05 I 0.00451 K 7.4e-05 L 0.0637 M 0.00303 N 0.0178 P 0.00451 Q 0.00303 R 0.127 S 0.417 T 0.0178 V 0.175 W 7.4e-05 Y 7.4e-05 

MOTIF 1-RLSSSSAVSRVSSAV STREME-1
letter-probability matrix: alength= 20 w= 15 nsites= 45 S= 9.6e-027
 0.013856 0.000007 0.000410 0.000007 0.000141 0.000679 0.000007 0.000410 0.000007 0.005790 0.000276 0.001621 0.000410 0.000276 0.920665 0.037931 0.001621 0.015874 0.000007 0.000007
 0.013856 0.000007 0.000410 0.000007 0.000141 0.000679 0.000007 0.000410 0.000007 0.914881 0.000276 0.001621 0.000410 0.000276 0.011574 0.037931 0.001621 0.015874 0.000007 0.000007
 0.013856 0.000007 0.000410 0.000007 0.000141 0.000679 0.000007 0.000410 0.000007 0.005790 0.000276 0.001621 0.000410 0.000276 0.011574 0.947022 0.001621 0.015874 0.000007 0.000007
 0.013856 0.000007 0.000410 0.000007 0.000141 0.000679 0.000007 0.000410 0.000007 0.005790 0.000276 0.001621 0.000410 0.000276 0.011574 0.947022 0.001621 0.015874 0.000007 0.000007
 0.013856 0.000007 0.000410 0.000007 0.000141 0.000679 0.000007 0.000410 0.000007 0.005790 0.000276 0.001621 0.000410 0.000276 0.011574 0.947022 0.001621 0.015874 0.000007 0.000007
 0.013856 0.000007 0.000410 0.000007 0.000141 0.000679 0.000007 0.000410 0.000007 0.005790 0.000276 0.001621 0.000410 0.000276 0.011574 0.947022 0.001621 0.015874 0.000007 0.000007
 0.922947 0.000007 0.000410 0.000007 0.000141 0.000679 0.000007 0.000410 0.000007 0.005790 0.000276 0.001621 0.000410 0.000276 0.011574 0.037931 0.001621 0.015874 0.000007 0.000007
 0.013856 0.000007 0.000410 0.000007 0.000141 0.000679 0.000007 0.000410 0.000007 0.005790 0.000276 0.001621 0.000410 0.000276 0.011574 0.037931 0.001621 0.924965 0.000007 0.000007
 0.013856 0.000007 0.000410 0.000007 0.000141 0.000679 0.000007 0.000410 0.000007 0.005790 0.000276 0.001621 0.000410 0.000276 0.011574 0.947022 0.001621 0.015874 0.000007 0.000007
 0.013856 0.000007 0.000410 0.000007 0.000141 0.000679 0.000007 0.000410 0.000007 0.005790 0.000276 0.001621 0.000410 0.000276 0.920665 0.037931 0.001621 0.015874 0.000007 0.000007
 0.013856 0.000007 0.000410 0.000007 0.000141 0.000679 0.000007 0.000410 0.000007 0.005790 0.000276 0.001621 0.000410 0.000276 0.011574 0.037931 0.001621 0.924965 0.000007 0.000007
 0.013856 0.000007 0.000410 0.000007 0.000141 0.000679 0.000007 0.000410 0.000007 0.005790 0.000276 0.001621 0.000410 0.000276 0.011574 0.947022 0.001621 0.015874 0.000007 0.000007
 0.013856 0.000007 0.000410 0.000007 0.000141 0.000679 0.000007 0.000410 0.000007 0.005790 0.000276 0.001621 0.000410 0.000276 0.011574 0.947022 0.001621 0.015874 0.000007 0.000007
 0.922947 0.000007 0.000410 0.000007 0.000141 0.000679 0.000007 0.000410 0.000007 0.005790 0.000276 0.001621 0.000410 0.000276 0.011574 0.037931 0.001621 0.015874 0.000007 0.000007
 0.013856 0.000007 0.000410 0.000007 0.000141 0.000679 0.000007 0.000410 0.000007 0.005790 0.000276 0.001621 0.000410 0.000276 0.011574 0.037931 0.001621 0.924965 0.000007 0.000007

********************************************************************************
Stopped because the next motif had no positive sites with scores > 0.
********************************************************************************
COMMAND:	streme --protein --p ./Data/v1_cluster_windows_15mers/cluster_11512.fasta --minw 3 --maxw 15 --thresh 0.05 --oc ./Results/v1_Top500_Run_20250504_162200/streme_out_cluster_11512
********************************************************************************
CPU:		Hirokis-MacBook-Air.local
********************************************************************************
FINALTIME:	0.13 seconds
********************************************************************************
