********************************************************************************
STREME - Sensitive, Thorough, Rapid, Enriched Motif Elicitation
********************************************************************************
MEME version 5.5.7 (Release date: Wed Jun 19 13:59:04 2024 -0700)

For further information on how to interpret these results please access https://meme-suite.org/meme.
To get a copy of the MEME Suite software please access https://meme-suite.org.

********************************************************************************


********************************************************************************
REFERENCE
********************************************************************************
If you use this program in your research, please cite:

Timothy L. Bailey,
"STREME: accurate and versatile sequence motif discovery",
Bioinformatics, Mar. 24, 2021.
********************************************************************************


ALPHABET= ACDEFGHIKLMNPQRSTVWY

strands: +

Background letter frequencies
A 0.165 C 6.66e-05 D 0.00939 E 0.00939 F 0.00273 G 0.453 H 6.66e-05 I 0.00406 K 6.66e-05 L 6.66e-05 M 6.66e-05 N 0.0014 P 0.068 Q 0.0334 R 0.0307 S 0.145 T 0.00539 V 0.00273 W 6.66e-05 Y 0.0693 

MOTIF 1-GGQGGYGPGGSGAAA STREME-1
letter-probability matrix: alength= 20 w= 15 nsites= 50 E= 1.2e-002
 0.015018 0.000006 0.000853 0.000853 0.000248 0.950253 0.000006 0.000369 0.000006 0.000006 0.000006 0.000127 0.006180 0.003033 0.002790 0.013200 0.000490 0.000248 0.000006 0.006301
 0.015018 0.000006 0.000853 0.000853 0.000248 0.950253 0.000006 0.000369 0.000006 0.000006 0.000006 0.000127 0.006180 0.003033 0.002790 0.013200 0.000490 0.000248 0.000006 0.006301
 0.015018 0.000006 0.000853 0.000853 0.000248 0.041163 0.000006 0.000369 0.000006 0.000006 0.000006 0.000127 0.006180 0.912124 0.002790 0.013200 0.000490 0.000248 0.000006 0.006301
 0.015018 0.000006 0.000853 0.000853 0.000248 0.950253 0.000006 0.000369 0.000006 0.000006 0.000006 0.000127 0.006180 0.003033 0.002790 0.013200 0.000490 0.000248 0.000006 0.006301
 0.015018 0.000006 0.000853 0.000853 0.000248 0.950253 0.000006 0.000369 0.000006 0.000006 0.000006 0.000127 0.006180 0.003033 0.002790 0.013200 0.000490 0.000248 0.000006 0.006301
 0.015018 0.000006 0.000853 0.000853 0.000248 0.041163 0.000006 0.000369 0.000006 0.000006 0.000006 0.000127 0.006180 0.003033 0.002790 0.013200 0.000490 0.000248 0.000006 0.915392
 0.015018 0.000006 0.000853 0.000853 0.000248 0.950253 0.000006 0.000369 0.000006 0.000006 0.000006 0.000127 0.006180 0.003033 0.002790 0.013200 0.000490 0.000248 0.000006 0.006301
 0.015018 0.000006 0.000853 0.000853 0.000248 0.041163 0.000006 0.000369 0.000006 0.000006 0.000006 0.000127 0.915271 0.003033 0.002790 0.013200 0.000490 0.000248 0.000006 0.006301
 0.015018 0.000006 0.000853 0.000853 0.000248 0.950253 0.000006 0.000369 0.000006 0.000006 0.000006 0.000127 0.006180 0.003033 0.002790 0.013200 0.000490 0.000248 0.000006 0.006301
 0.015018 0.000006 0.000853 0.000853 0.000248 0.950253 0.000006 0.000369 0.000006 0.000006 0.000006 0.000127 0.006180 0.003033 0.002790 0.013200 0.000490 0.000248 0.000006 0.006301
 0.015018 0.000006 0.000853 0.000853 0.000248 0.041163 0.000006 0.000369 0.000006 0.000006 0.000006 0.000127 0.006180 0.003033 0.002790 0.922291 0.000490 0.000248 0.000006 0.006301
 0.015018 0.000006 0.000853 0.000853 0.000248 0.950253 0.000006 0.000369 0.000006 0.000006 0.000006 0.000127 0.006180 0.003033 0.002790 0.013200 0.000490 0.000248 0.000006 0.006301
 0.924109 0.000006 0.000853 0.000853 0.000248 0.041163 0.000006 0.000369 0.000006 0.000006 0.000006 0.000127 0.006180 0.003033 0.002790 0.013200 0.000490 0.000248 0.000006 0.006301
 0.924109 0.000006 0.000853 0.000853 0.000248 0.041163 0.000006 0.000369 0.000006 0.000006 0.000006 0.000127 0.006180 0.003033 0.002790 0.013200 0.000490 0.000248 0.000006 0.006301
 0.924109 0.000006 0.000853 0.000853 0.000248 0.041163 0.000006 0.000369 0.000006 0.000006 0.000006 0.000127 0.006180 0.003033 0.002790 0.013200 0.000490 0.000248 0.000006 0.006301

MOTIF 2-YGE STREME-2
letter-probability matrix: alength= 20 w= 3 nsites= 2 E= 1.5e+000
 0.015018 0.000006 0.000853 0.000853 0.000248 0.041163 0.000006 0.000369 0.000006 0.000006 0.000006 0.000127 0.006180 0.003033 0.002790 0.013200 0.000490 0.000248 0.000006 0.915392
 0.015018 0.000006 0.000853 0.000853 0.000248 0.950253 0.000006 0.000369 0.000006 0.000006 0.000006 0.000127 0.006180 0.003033 0.002790 0.013200 0.000490 0.000248 0.000006 0.006301
 0.015018 0.000006 0.000853 0.909944 0.000248 0.041163 0.000006 0.000369 0.000006 0.000006 0.000006 0.000127 0.006180 0.003033 0.002790 0.013200 0.000490 0.000248 0.000006 0.006301

MOTIF 3-SSS STREME-3
letter-probability matrix: alength= 20 w= 3 nsites= 1 E= 3.0e+000
 0.015018 0.000006 0.000853 0.000853 0.000248 0.041163 0.000006 0.000369 0.000006 0.000006 0.000006 0.000127 0.006180 0.003033 0.002790 0.922291 0.000490 0.000248 0.000006 0.006301
 0.015018 0.000006 0.000853 0.000853 0.000248 0.041163 0.000006 0.000369 0.000006 0.000006 0.000006 0.000127 0.006180 0.003033 0.002790 0.922291 0.000490 0.000248 0.000006 0.006301
 0.015018 0.000006 0.000853 0.000853 0.000248 0.041163 0.000006 0.000369 0.000006 0.000006 0.000006 0.000127 0.006180 0.003033 0.002790 0.922291 0.000490 0.000248 0.000006 0.006301

********************************************************************************
Stopped because the next motif had no positive sites with scores > 0.
********************************************************************************
COMMAND:	streme --protein --p ./Data/v1_cluster_windows_15mers/cluster_13279.fasta --minw 3 --maxw 15 --thresh 0.05 --oc ./Results/v1_Top500_Run_20250504_162200/streme_out_cluster_13279
********************************************************************************
CPU:		Hirokis-MacBook-Air.local
********************************************************************************
FINALTIME:	0.15 seconds
********************************************************************************
