********************************************************************************
STREME - Sensitive, Thorough, Rapid, Enriched Motif Elicitation
********************************************************************************
MEME version 5.5.7 (Release date: Wed Jun 19 13:59:04 2024 -0700)

For further information on how to interpret these results please access https://meme-suite.org/meme.
To get a copy of the MEME Suite software please access https://meme-suite.org.

********************************************************************************


********************************************************************************
REFERENCE
********************************************************************************
If you use this program in your research, please cite:

Timothy L. Bailey,
"STREME: accurate and versatile sequence motif discovery",
Bioinformatics, Mar. 24, 2021.
********************************************************************************


ALPHABET= ACDEFGHIKLMNPQRSTVWY

strands: +

Background letter frequencies
A 0.114 C 6.17e-05 D 6.17e-05 E 6.17e-05 F 6.17e-05 G 0.0334 H 0.0691 I 0.0272 K 0.0013 L 0.0851 M 6.17e-05 N 0.0494 P 0.00499 Q 0.0013 R 0.0654 S 0.347 T 0.0839 V 0.118 W 6.17e-05 Y 6.17e-05 

MOTIF 1-ASSRVSSHVSTLVSN STREME-1
letter-probability matrix: alength= 20 w= 15 nsites= 53 E= 1.2e-002
 0.615647 0.000000 0.000000 0.000000 0.000000 0.000102 0.000210 0.000083 0.000004 0.000259 0.000000 0.000150 0.000015 0.000004 0.000199 0.233756 0.149208 0.000360 0.000000 0.000000
 0.085050 0.000000 0.000000 0.000000 0.000000 0.382387 0.064459 0.000083 0.000004 0.000259 0.000000 0.000150 0.042210 0.000004 0.000199 0.403481 0.021353 0.000360 0.000000 0.000000
 0.382315 0.000000 0.000000 0.000000 0.000000 0.000102 0.000210 0.000083 0.000004 0.000259 0.000000 0.169875 0.000015 0.000004 0.000199 0.446316 0.000255 0.000360 0.000000 0.000000
 0.000345 0.000000 0.000000 0.000000 0.000000 0.000102 0.000210 0.000083 0.000004 0.000259 0.000000 0.000150 0.000015 0.000004 0.976058 0.022152 0.000255 0.000360 0.000000 0.000000
 0.000345 0.000000 0.000000 0.000000 0.000000 0.000102 0.000210 0.318445 0.000004 0.000259 0.000000 0.000150 0.000015 0.000004 0.000199 0.001055 0.000255 0.678954 0.000000 0.000000
 0.063953 0.000000 0.000000 0.000000 0.000000 0.000102 0.000210 0.000083 0.000004 0.000259 0.000000 0.000150 0.000015 0.000004 0.000199 0.892209 0.042450 0.000360 0.000000 0.000000
 0.000345 0.000000 0.000000 0.000000 0.000000 0.000102 0.000210 0.000083 0.000004 0.000259 0.000000 0.000150 0.000015 0.000004 0.000199 0.976914 0.021353 0.000360 0.000000 0.000000
 0.000345 0.000000 0.000000 0.000000 0.000000 0.000102 0.997167 0.000083 0.000004 0.000259 0.000000 0.000150 0.000015 0.000004 0.000199 0.001055 0.000255 0.000360 0.000000 0.000000
 0.212590 0.000000 0.000000 0.000000 0.000000 0.000102 0.000210 0.000083 0.000004 0.000259 0.000000 0.000150 0.000015 0.000004 0.000199 0.022152 0.148568 0.615662 0.000000 0.000000
 0.042856 0.000000 0.000000 0.000000 0.000000 0.000102 0.000210 0.000083 0.000004 0.000259 0.000000 0.000150 0.000015 0.000004 0.000199 0.594313 0.361443 0.000360 0.000000 0.000000
 0.042540 0.000000 0.000000 0.000000 0.000000 0.000102 0.000210 0.021180 0.000004 0.000259 0.000000 0.148147 0.000015 0.000004 0.000199 0.319732 0.467245 0.000360 0.000000 0.000000
 0.000345 0.000000 0.000000 0.000000 0.000000 0.000102 0.000210 0.000083 0.000004 0.997215 0.000000 0.000150 0.000015 0.000004 0.000199 0.001055 0.000255 0.000360 0.000000 0.000000
 0.148658 0.000000 0.000000 0.000000 0.000000 0.000102 0.000210 0.021180 0.000004 0.318622 0.000000 0.000150 0.000015 0.000004 0.000199 0.001055 0.000255 0.509545 0.000000 0.000000
 0.106148 0.000000 0.000000 0.000000 0.000000 0.000102 0.000210 0.000083 0.000004 0.000259 0.000000 0.000150 0.000015 0.000004 0.000199 0.849699 0.042765 0.000360 0.000000 0.000000
 0.000345 0.000000 0.000000 0.000000 0.000000 0.148414 0.000210 0.000083 0.000004 0.000259 0.000000 0.466825 0.000015 0.000004 0.000199 0.383024 0.000255 0.000360 0.000000 0.000000

MOTIF 2-AAN STREME-2
letter-probability matrix: alength= 20 w= 3 nsites= 1 E= 3.0e+000
 0.888231 0.000008 0.000008 0.000008 0.000008 0.004205 0.008714 0.003428 0.000163 0.010735 0.000008 0.006226 0.000630 0.000163 0.008248 0.043691 0.010580 0.014929 0.000008 0.000008
 0.888231 0.000008 0.000008 0.000008 0.000008 0.004205 0.008714 0.003428 0.000163 0.010735 0.000008 0.006226 0.000630 0.000163 0.008248 0.043691 0.010580 0.014929 0.000008 0.000008
 0.014311 0.000008 0.000008 0.000008 0.000008 0.004205 0.008714 0.003428 0.000163 0.010735 0.000008 0.880146 0.000630 0.000163 0.008248 0.043691 0.010580 0.014929 0.000008 0.000008

MOTIF 3-RISSV STREME-3
letter-probability matrix: alength= 20 w= 5 nsites= 1 E= 3.0e+000
 0.014311 0.000008 0.000008 0.000008 0.000008 0.004205 0.008714 0.003428 0.000163 0.010735 0.000008 0.006226 0.000630 0.000163 0.882168 0.043691 0.010580 0.014929 0.000008 0.000008
 0.014311 0.000008 0.000008 0.000008 0.000008 0.004205 0.008714 0.877348 0.000163 0.010735 0.000008 0.006226 0.000630 0.000163 0.008248 0.043691 0.010580 0.014929 0.000008 0.000008
 0.014311 0.000008 0.000008 0.000008 0.000008 0.004205 0.008714 0.003428 0.000163 0.010735 0.000008 0.006226 0.000630 0.000163 0.008248 0.917611 0.010580 0.014929 0.000008 0.000008
 0.014311 0.000008 0.000008 0.000008 0.000008 0.004205 0.008714 0.003428 0.000163 0.010735 0.000008 0.006226 0.000630 0.000163 0.008248 0.917611 0.010580 0.014929 0.000008 0.000008
 0.014311 0.000008 0.000008 0.000008 0.000008 0.004205 0.008714 0.003428 0.000163 0.010735 0.000008 0.006226 0.000630 0.000163 0.008248 0.043691 0.010580 0.888849 0.000008 0.000008

********************************************************************************
Stopped because the next motif had no positive sites with scores > 0.
********************************************************************************
COMMAND:	streme --protein --p ./Data/v1_cluster_windows_15mers/cluster_2823.fasta --minw 3 --maxw 15 --thresh 0.05 --oc ./Results/v1_Top500_Run_20250504_162200/streme_out_cluster_2823
********************************************************************************
CPU:		Hirokis-MacBook-Air.local
********************************************************************************
FINALTIME:	0.20 seconds
********************************************************************************
