********************************************************************************
STREME - Sensitive, Thorough, Rapid, Enriched Motif Elicitation
********************************************************************************
MEME version 5.5.7 (Release date: Wed Jun 19 13:59:04 2024 -0700)

For further information on how to interpret these results please access https://meme-suite.org/meme.
To get a copy of the MEME Suite software please access https://meme-suite.org.

********************************************************************************


********************************************************************************
REFERENCE
********************************************************************************
If you use this program in your research, please cite:

Timothy L. Bailey,
"STREME: accurate and versatile sequence motif discovery",
Bioinformatics, Mar. 24, 2021.
********************************************************************************


ALPHABET= ACDEFGHIKLMNPQRSTVWY

strands: +

Background letter frequencies
A 0.209 C 7.92e-05 D 0.046 E 0.0207 F 0.00166 G 7.92e-05 H 7.92e-05 I 0.0112 K 7.92e-05 L 0.0682 M 0.00483 N 7.92e-05 P 7.92e-05 Q 7.92e-05 R 0.133 S 0.463 T 0.0286 V 0.0128 W 7.92e-05 Y 7.92e-05 

MOTIF 1-SAAASRLSSSESSSR STREME-1
letter-probability matrix: alength= 20 w= 15 nsites= 42 S= 6.0e-025
 0.019027 0.000007 0.004185 0.001880 0.000151 0.000007 0.000007 0.001015 0.000007 0.006203 0.000439 0.000007 0.000007 0.000007 0.012109 0.951164 0.002601 0.001160 0.000007 0.000007
 0.928118 0.000007 0.004185 0.001880 0.000151 0.000007 0.000007 0.001015 0.000007 0.006203 0.000439 0.000007 0.000007 0.000007 0.012109 0.042073 0.002601 0.001160 0.000007 0.000007
 0.928118 0.000007 0.004185 0.001880 0.000151 0.000007 0.000007 0.001015 0.000007 0.006203 0.000439 0.000007 0.000007 0.000007 0.012109 0.042073 0.002601 0.001160 0.000007 0.000007
 0.928118 0.000007 0.004185 0.001880 0.000151 0.000007 0.000007 0.001015 0.000007 0.006203 0.000439 0.000007 0.000007 0.000007 0.012109 0.042073 0.002601 0.001160 0.000007 0.000007
 0.019027 0.000007 0.004185 0.001880 0.000151 0.000007 0.000007 0.001015 0.000007 0.006203 0.000439 0.000007 0.000007 0.000007 0.012109 0.951164 0.002601 0.001160 0.000007 0.000007
 0.019027 0.000007 0.004185 0.001880 0.000151 0.000007 0.000007 0.001015 0.000007 0.006203 0.000439 0.000007 0.000007 0.000007 0.921200 0.042073 0.002601 0.001160 0.000007 0.000007
 0.019027 0.000007 0.004185 0.001880 0.000151 0.000007 0.000007 0.001015 0.000007 0.915294 0.000439 0.000007 0.000007 0.000007 0.012109 0.042073 0.002601 0.001160 0.000007 0.000007
 0.019027 0.000007 0.004185 0.001880 0.000151 0.000007 0.000007 0.001015 0.000007 0.006203 0.000439 0.000007 0.000007 0.000007 0.012109 0.951164 0.002601 0.001160 0.000007 0.000007
 0.019027 0.000007 0.004185 0.001880 0.000151 0.000007 0.000007 0.001015 0.000007 0.006203 0.000439 0.000007 0.000007 0.000007 0.012109 0.951164 0.002601 0.001160 0.000007 0.000007
 0.019027 0.000007 0.004185 0.001880 0.000151 0.000007 0.000007 0.001015 0.000007 0.006203 0.000439 0.000007 0.000007 0.000007 0.012109 0.951164 0.002601 0.001160 0.000007 0.000007
 0.019027 0.000007 0.004185 0.910971 0.000151 0.000007 0.000007 0.001015 0.000007 0.006203 0.000439 0.000007 0.000007 0.000007 0.012109 0.042073 0.002601 0.001160 0.000007 0.000007
 0.019027 0.000007 0.004185 0.001880 0.000151 0.000007 0.000007 0.001015 0.000007 0.006203 0.000439 0.000007 0.000007 0.000007 0.012109 0.951164 0.002601 0.001160 0.000007 0.000007
 0.019027 0.000007 0.004185 0.001880 0.000151 0.000007 0.000007 0.001015 0.000007 0.006203 0.000439 0.000007 0.000007 0.000007 0.012109 0.951164 0.002601 0.001160 0.000007 0.000007
 0.019027 0.000007 0.004185 0.001880 0.000151 0.000007 0.000007 0.001015 0.000007 0.006203 0.000439 0.000007 0.000007 0.000007 0.012109 0.951164 0.002601 0.001160 0.000007 0.000007
 0.019027 0.000007 0.004185 0.001880 0.000151 0.000007 0.000007 0.001015 0.000007 0.006203 0.000439 0.000007 0.000007 0.000007 0.921200 0.042073 0.002601 0.001160 0.000007 0.000007

MOTIF 2-VDA STREME-2
letter-probability matrix: alength= 20 w= 3 nsites= 3 S= 1.2e-001
 0.019027 0.000007 0.004185 0.001880 0.000151 0.000007 0.000007 0.001015 0.000007 0.006203 0.000439 0.000007 0.000007 0.000007 0.012109 0.042073 0.002601 0.910251 0.000007 0.000007
 0.019027 0.000007 0.913276 0.001880 0.000151 0.000007 0.000007 0.001015 0.000007 0.006203 0.000439 0.000007 0.000007 0.000007 0.012109 0.042073 0.002601 0.001160 0.000007 0.000007
 0.928118 0.000007 0.004185 0.001880 0.000151 0.000007 0.000007 0.001015 0.000007 0.006203 0.000439 0.000007 0.000007 0.000007 0.012109 0.042073 0.002601 0.001160 0.000007 0.000007

********************************************************************************
Stopped because the next motif had no positive sites with scores > 0.
********************************************************************************
COMMAND:	streme --protein --p ./Data/v1_cluster_windows_15mers/cluster_18485.fasta --minw 3 --maxw 15 --thresh 0.05 --oc ./Results/v1_Top500_Run_20250504_162200/streme_out_cluster_18485
********************************************************************************
CPU:		Hirokis-MacBook-Air.local
********************************************************************************
FINALTIME:	0.14 seconds
********************************************************************************
