********************************************************************************
STREME - Sensitive, Thorough, Rapid, Enriched Motif Elicitation
********************************************************************************
MEME version 5.5.7 (Release date: Wed Jun 19 13:59:04 2024 -0700)

For further information on how to interpret these results please access https://meme-suite.org/meme.
To get a copy of the MEME Suite software please access https://meme-suite.org.

********************************************************************************


********************************************************************************
REFERENCE
********************************************************************************
If you use this program in your research, please cite:

Timothy L. Bailey,
"STREME: accurate and versatile sequence motif discovery",
Bioinformatics, Mar. 24, 2021.
********************************************************************************


ALPHABET= ACDEFGHIKLMNPQRSTVWY

strands: +

Background letter frequencies
A 0.723 C 2.35e-05 D 0.039 E 0.000493 F 2.35e-05 G 0.133 H 2.35e-05 I 2.35e-05 K 2.35e-05 L 2.35e-05 M 2.35e-05 N 2.35e-05 P 2.35e-05 Q 2.35e-05 R 0.0132 S 0.0836 T 2.35e-05 V 2.35e-05 W 2.35e-05 Y 0.008 

MOTIF 1-AAAAAAAAA STREME-1
letter-probability matrix: alength= 20 w= 9 nsites= 140 E= 2.9e-005
 0.974792 0.000002 0.003543 0.000045 0.000002 0.012073 0.000002 0.000002 0.000002 0.000002 0.000002 0.000002 0.000002 0.000002 0.001196 0.007596 0.000002 0.000002 0.000002 0.000727
 0.974792 0.000002 0.003543 0.000045 0.000002 0.012073 0.000002 0.000002 0.000002 0.000002 0.000002 0.000002 0.000002 0.000002 0.001196 0.007596 0.000002 0.000002 0.000002 0.000727
 0.974792 0.000002 0.003543 0.000045 0.000002 0.012073 0.000002 0.000002 0.000002 0.000002 0.000002 0.000002 0.000002 0.000002 0.001196 0.007596 0.000002 0.000002 0.000002 0.000727
 0.974792 0.000002 0.003543 0.000045 0.000002 0.012073 0.000002 0.000002 0.000002 0.000002 0.000002 0.000002 0.000002 0.000002 0.001196 0.007596 0.000002 0.000002 0.000002 0.000727
 0.974792 0.000002 0.003543 0.000045 0.000002 0.012073 0.000002 0.000002 0.000002 0.000002 0.000002 0.000002 0.000002 0.000002 0.001196 0.007596 0.000002 0.000002 0.000002 0.000727
 0.974792 0.000002 0.003543 0.000045 0.000002 0.012073 0.000002 0.000002 0.000002 0.000002 0.000002 0.000002 0.000002 0.000002 0.001196 0.007596 0.000002 0.000002 0.000002 0.000727
 0.974792 0.000002 0.003543 0.000045 0.000002 0.012073 0.000002 0.000002 0.000002 0.000002 0.000002 0.000002 0.000002 0.000002 0.001196 0.007596 0.000002 0.000002 0.000002 0.000727
 0.974792 0.000002 0.003543 0.000045 0.000002 0.012073 0.000002 0.000002 0.000002 0.000002 0.000002 0.000002 0.000002 0.000002 0.001196 0.007596 0.000002 0.000002 0.000002 0.000727
 0.974792 0.000002 0.003543 0.000045 0.000002 0.012073 0.000002 0.000002 0.000002 0.000002 0.000002 0.000002 0.000002 0.000002 0.001196 0.007596 0.000002 0.000002 0.000002 0.000727

MOTIF 2-GGS STREME-2
letter-probability matrix: alength= 20 w= 3 nsites= 91 E= 2.9e-001
 0.001351 0.000000 0.000073 0.000001 0.000000 0.809943 0.000000 0.000000 0.000000 0.000000 0.000000 0.000000 0.000000 0.000000 0.000025 0.000156 0.000000 0.000000 0.000000 0.188451
 0.001351 0.000000 0.344911 0.000001 0.000000 0.379338 0.000000 0.000000 0.000000 0.000000 0.000000 0.000000 0.000000 0.000000 0.000025 0.274360 0.000000 0.000000 0.000000 0.000015
 0.001351 0.000000 0.000073 0.000001 0.000000 0.000248 0.000000 0.000000 0.000000 0.000000 0.000000 0.000000 0.000000 0.000000 0.000025 0.998287 0.000000 0.000000 0.000000 0.000015

MOTIF 3-DSD STREME-3
letter-probability matrix: alength= 20 w= 3 nsites= 15 E= 2.9e-001
 0.009237 0.000000 0.987717 0.000006 0.000000 0.001697 0.000000 0.000000 0.000000 0.000000 0.000000 0.000000 0.000000 0.000000 0.000168 0.001068 0.000000 0.000000 0.000000 0.000102
 0.009237 0.000000 0.000498 0.000006 0.000000 0.001697 0.000000 0.000000 0.000000 0.000000 0.000000 0.000000 0.000000 0.000000 0.000168 0.988287 0.000000 0.000000 0.000000 0.000102
 0.009237 0.000000 0.539688 0.000006 0.000000 0.449726 0.000000 0.000000 0.000000 0.000000 0.000000 0.000000 0.000000 0.000000 0.000168 0.001068 0.000000 0.000000 0.000000 0.000102

MOTIF 4-GRG STREME-4
letter-probability matrix: alength= 20 w= 3 nsites= 13 E= 3.0e+000
 0.065701 0.000002 0.003543 0.000045 0.000002 0.921164 0.000002 0.000002 0.000002 0.000002 0.000002 0.000002 0.000002 0.000002 0.001196 0.007596 0.000002 0.000002 0.000002 0.000727
 0.065701 0.000002 0.003543 0.000045 0.000002 0.012073 0.000002 0.000002 0.000002 0.000002 0.000002 0.000002 0.000002 0.000002 0.910287 0.007596 0.000002 0.000002 0.000002 0.000727
 0.065701 0.000002 0.003543 0.000045 0.000002 0.921164 0.000002 0.000002 0.000002 0.000002 0.000002 0.000002 0.000002 0.000002 0.001196 0.007596 0.000002 0.000002 0.000002 0.000727

MOTIF 5-SGS STREME-5
letter-probability matrix: alength= 20 w= 3 nsites= 4 E= 3.0e+000
 0.065701 0.000002 0.003543 0.000045 0.000002 0.012073 0.000002 0.000002 0.000002 0.000002 0.000002 0.000002 0.000002 0.000002 0.001196 0.916687 0.000002 0.000002 0.000002 0.000727
 0.065701 0.000002 0.003543 0.000045 0.000002 0.921164 0.000002 0.000002 0.000002 0.000002 0.000002 0.000002 0.000002 0.000002 0.001196 0.007596 0.000002 0.000002 0.000002 0.000727
 0.065701 0.000002 0.003543 0.000045 0.000002 0.012073 0.000002 0.000002 0.000002 0.000002 0.000002 0.000002 0.000002 0.000002 0.001196 0.916687 0.000002 0.000002 0.000002 0.000727

MOTIF 6-GAASAAAAAAAA STREME-6
letter-probability matrix: alength= 20 w= 12 nsites= 1 E= 6.0e+000
 0.091120 0.000003 0.004913 0.000062 0.000003 0.890664 0.000003 0.000003 0.000003 0.000003 0.000003 0.000003 0.000003 0.000003 0.001659 0.010534 0.000003 0.000003 0.000003 0.001009
 0.965040 0.000003 0.004913 0.000062 0.000003 0.016744 0.000003 0.000003 0.000003 0.000003 0.000003 0.000003 0.000003 0.000003 0.001659 0.010534 0.000003 0.000003 0.000003 0.001009
 0.965040 0.000003 0.004913 0.000062 0.000003 0.016744 0.000003 0.000003 0.000003 0.000003 0.000003 0.000003 0.000003 0.000003 0.001659 0.010534 0.000003 0.000003 0.000003 0.001009
 0.091120 0.000003 0.004913 0.000062 0.000003 0.016744 0.000003 0.000003 0.000003 0.000003 0.000003 0.000003 0.000003 0.000003 0.001659 0.884454 0.000003 0.000003 0.000003 0.001009
 0.965040 0.000003 0.004913 0.000062 0.000003 0.016744 0.000003 0.000003 0.000003 0.000003 0.000003 0.000003 0.000003 0.000003 0.001659 0.010534 0.000003 0.000003 0.000003 0.001009
 0.965040 0.000003 0.004913 0.000062 0.000003 0.016744 0.000003 0.000003 0.000003 0.000003 0.000003 0.000003 0.000003 0.000003 0.001659 0.010534 0.000003 0.000003 0.000003 0.001009
 0.965040 0.000003 0.004913 0.000062 0.000003 0.016744 0.000003 0.000003 0.000003 0.000003 0.000003 0.000003 0.000003 0.000003 0.001659 0.010534 0.000003 0.000003 0.000003 0.001009
 0.965040 0.000003 0.004913 0.000062 0.000003 0.016744 0.000003 0.000003 0.000003 0.000003 0.000003 0.000003 0.000003 0.000003 0.001659 0.010534 0.000003 0.000003 0.000003 0.001009
 0.965040 0.000003 0.004913 0.000062 0.000003 0.016744 0.000003 0.000003 0.000003 0.000003 0.000003 0.000003 0.000003 0.000003 0.001659 0.010534 0.000003 0.000003 0.000003 0.001009
 0.965040 0.000003 0.004913 0.000062 0.000003 0.016744 0.000003 0.000003 0.000003 0.000003 0.000003 0.000003 0.000003 0.000003 0.001659 0.010534 0.000003 0.000003 0.000003 0.001009
 0.965040 0.000003 0.004913 0.000062 0.000003 0.016744 0.000003 0.000003 0.000003 0.000003 0.000003 0.000003 0.000003 0.000003 0.001659 0.010534 0.000003 0.000003 0.000003 0.001009
 0.965040 0.000003 0.004913 0.000062 0.000003 0.016744 0.000003 0.000003 0.000003 0.000003 0.000003 0.000003 0.000003 0.000003 0.001659 0.010534 0.000003 0.000003 0.000003 0.001009

********************************************************************************
Stopped because 3 consecutive motifs exceeded the p-value threshold (0.05).
********************************************************************************
COMMAND:	streme --protein --p ./Data/v1_cluster_windows_15mers/cluster_19275.fasta --minw 3 --maxw 15 --thresh 0.05 --oc ./Results/v1_Top500_Run_20250504_162200/streme_out_cluster_19275
********************************************************************************
CPU:		Hirokis-MacBook-Air.local
********************************************************************************
FINALTIME:	0.24 seconds
********************************************************************************
