********************************************************************************
STREME - Sensitive, Thorough, Rapid, Enriched Motif Elicitation
********************************************************************************
MEME version 5.5.7 (Release date: Wed Jun 19 13:59:04 2024 -0700)

For further information on how to interpret these results please access https://meme-suite.org/meme.
To get a copy of the MEME Suite software please access https://meme-suite.org.

********************************************************************************


********************************************************************************
REFERENCE
********************************************************************************
If you use this program in your research, please cite:

Timothy L. Bailey,
"STREME: accurate and versatile sequence motif discovery",
Bioinformatics, Mar. 24, 2021.
********************************************************************************


ALPHABET= ACDEFGHIKLMNPQRSTVWY

strands: +

Background letter frequencies
A 0.0635 C 7.92e-05 D 0.00325 E 7.92e-05 F 7.92e-05 G 0.366 H 7.92e-05 I 7.92e-05 K 7.92e-05 L 7.92e-05 M 7.92e-05 N 0.00166 P 0.0349 Q 0.0983 R 7.92e-05 S 0.296 T 0.132 V 7.92e-05 W 7.92e-05 Y 0.00325 

MOTIF 1-SGTSSG STREME-1
letter-probability matrix: alength= 20 w= 6 nsites= 42 S= 6.0e-025
 0.000148 0.000000 0.000008 0.000000 0.000000 0.000855 0.000000 0.000000 0.000000 0.000000 0.000000 0.000004 0.000082 0.000230 0.000000 0.998357 0.000307 0.000000 0.000000 0.000008
 0.000148 0.000000 0.000008 0.000000 0.000000 0.998520 0.000000 0.000000 0.000000 0.000000 0.000000 0.000004 0.000082 0.000230 0.000000 0.000692 0.000307 0.000000 0.000000 0.000008
 0.000148 0.000000 0.000008 0.000000 0.000000 0.000855 0.000000 0.000000 0.000000 0.000000 0.000000 0.000004 0.000082 0.000230 0.000000 0.000692 0.997972 0.000000 0.000000 0.000008
 0.000148 0.000000 0.000008 0.000000 0.000000 0.394504 0.000000 0.000000 0.000000 0.000000 0.000000 0.000004 0.000082 0.000230 0.000000 0.604708 0.000307 0.000000 0.000000 0.000008
 0.000148 0.000000 0.000008 0.000000 0.000000 0.000855 0.000000 0.000000 0.000000 0.000000 0.000000 0.000004 0.000082 0.426539 0.000000 0.572048 0.000307 0.000000 0.000000 0.000008
 0.000148 0.000000 0.000008 0.000000 0.000000 0.998520 0.000000 0.000000 0.000000 0.000000 0.000000 0.000004 0.000082 0.000230 0.000000 0.000692 0.000307 0.000000 0.000000 0.000008

MOTIF 2-GPSSGS STREME-2
letter-probability matrix: alength= 20 w= 6 nsites= 20 S= 4.8e-008
 0.005770 0.000007 0.000295 0.000007 0.000007 0.942382 0.000007 0.000007 0.000007 0.000007 0.000007 0.000151 0.003176 0.008940 0.000007 0.026946 0.011964 0.000007 0.000007 0.000295
 0.005770 0.000007 0.000295 0.000007 0.000007 0.033291 0.000007 0.000007 0.000007 0.000007 0.000007 0.000151 0.912267 0.008940 0.000007 0.026946 0.011964 0.000007 0.000007 0.000295
 0.005770 0.000007 0.000295 0.000007 0.000007 0.033291 0.000007 0.000007 0.000007 0.000007 0.000007 0.000151 0.003176 0.008940 0.000007 0.936037 0.011964 0.000007 0.000007 0.000295
 0.005770 0.000007 0.000295 0.000007 0.000007 0.033291 0.000007 0.000007 0.000007 0.000007 0.000007 0.000151 0.003176 0.008940 0.000007 0.936037 0.011964 0.000007 0.000007 0.000295
 0.005770 0.000007 0.000295 0.000007 0.000007 0.942382 0.000007 0.000007 0.000007 0.000007 0.000007 0.000151 0.003176 0.008940 0.000007 0.026946 0.011964 0.000007 0.000007 0.000295
 0.005770 0.000007 0.000295 0.000007 0.000007 0.033291 0.000007 0.000007 0.000007 0.000007 0.000007 0.000151 0.003176 0.008940 0.000007 0.936037 0.011964 0.000007 0.000007 0.000295

MOTIF 3-QAG STREME-3
letter-probability matrix: alength= 20 w= 3 nsites= 19 S= 1.2e-005
 0.005770 0.000007 0.000295 0.000007 0.000007 0.033291 0.000007 0.000007 0.000007 0.000007 0.000007 0.000151 0.003176 0.918031 0.000007 0.026946 0.011964 0.000007 0.000007 0.000295
 0.914861 0.000007 0.000295 0.000007 0.000007 0.033291 0.000007 0.000007 0.000007 0.000007 0.000007 0.000151 0.003176 0.008940 0.000007 0.026946 0.011964 0.000007 0.000007 0.000295
 0.005770 0.000007 0.000295 0.000007 0.000007 0.942382 0.000007 0.000007 0.000007 0.000007 0.000007 0.000151 0.003176 0.008940 0.000007 0.026946 0.011964 0.000007 0.000007 0.000295

MOTIF 4-TGQ STREME-4
letter-probability matrix: alength= 20 w= 3 nsites= 18 S= 1.4e-004
 0.005770 0.000007 0.000295 0.000007 0.000007 0.033291 0.000007 0.000007 0.000007 0.000007 0.000007 0.000151 0.003176 0.008940 0.000007 0.026946 0.921055 0.000007 0.000007 0.000295
 0.005770 0.000007 0.000295 0.000007 0.000007 0.942382 0.000007 0.000007 0.000007 0.000007 0.000007 0.000151 0.003176 0.008940 0.000007 0.026946 0.011964 0.000007 0.000007 0.000295
 0.005770 0.000007 0.000295 0.000007 0.000007 0.033291 0.000007 0.000007 0.000007 0.000007 0.000007 0.000151 0.003176 0.918031 0.000007 0.026946 0.011964 0.000007 0.000007 0.000295

MOTIF 5-GYGPG STREME-5
letter-probability matrix: alength= 20 w= 5 nsites= 2 S= 2.5e-001
 0.005770 0.000007 0.000295 0.000007 0.000007 0.942382 0.000007 0.000007 0.000007 0.000007 0.000007 0.000151 0.003176 0.008940 0.000007 0.026946 0.011964 0.000007 0.000007 0.000295
 0.005770 0.000007 0.000295 0.000007 0.000007 0.033291 0.000007 0.000007 0.000007 0.000007 0.000007 0.000151 0.003176 0.008940 0.000007 0.026946 0.011964 0.000007 0.000007 0.909386
 0.005770 0.000007 0.000295 0.000007 0.000007 0.942382 0.000007 0.000007 0.000007 0.000007 0.000007 0.000151 0.003176 0.008940 0.000007 0.026946 0.011964 0.000007 0.000007 0.000295
 0.005770 0.000007 0.000295 0.000007 0.000007 0.033291 0.000007 0.000007 0.000007 0.000007 0.000007 0.000151 0.912267 0.008940 0.000007 0.026946 0.011964 0.000007 0.000007 0.000295
 0.005770 0.000007 0.000295 0.000007 0.000007 0.942382 0.000007 0.000007 0.000007 0.000007 0.000007 0.000151 0.003176 0.008940 0.000007 0.026946 0.011964 0.000007 0.000007 0.000295

********************************************************************************
Stopped because maximum number of motifs (5) reached.
********************************************************************************
COMMAND:	streme --protein --p ./Data/v1_cluster_windows_15mers/cluster_20237.fasta --minw 3 --maxw 15 --thresh 0.05 --oc ./Results/v1_Top500_Run_20250504_162200/streme_out_cluster_20237
********************************************************************************
CPU:		Hirokis-MacBook-Air.local
********************************************************************************
FINALTIME:	0.21 seconds
********************************************************************************
