********************************************************************************
STREME - Sensitive, Thorough, Rapid, Enriched Motif Elicitation
********************************************************************************
MEME version 5.5.7 (Release date: Wed Jun 19 13:59:04 2024 -0700)

For further information on how to interpret these results please access https://meme-suite.org/meme.
To get a copy of the MEME Suite software please access https://meme-suite.org.

********************************************************************************


********************************************************************************
REFERENCE
********************************************************************************
If you use this program in your research, please cite:

Timothy L. Bailey,
"STREME: accurate and versatile sequence motif discovery",
Bioinformatics, Mar. 24, 2021.
********************************************************************************


ALPHABET= ACDEFGHIKLMNPQRSTVWY

strands: +

Background letter frequencies
A 0.526 C 3e-05 D 0.00183 E 0.00183 F 3e-05 G 0.0721 H 3e-05 I 0.00123 K 3e-05 L 0.0246 M 3e-05 N 3e-05 P 0.0415 Q 0.00183 R 3e-05 S 0.295 T 0.0108 V 0.015 W 3e-05 Y 0.00843 

MOTIF 1-SAAAAAA STREME-1
letter-probability matrix: alength= 20 w= 7 nsites= 111 E= 2.6e-003
 0.000813 0.000000 0.000003 0.000003 0.000000 0.000111 0.000000 0.000002 0.000000 0.000038 0.000000 0.000000 0.000064 0.000003 0.000000 0.998910 0.000017 0.000023 0.000000 0.000013
 0.999267 0.000000 0.000003 0.000003 0.000000 0.000111 0.000000 0.000002 0.000000 0.000038 0.000000 0.000000 0.000064 0.000003 0.000000 0.000456 0.000017 0.000023 0.000000 0.000013
 0.942951 0.000000 0.000003 0.000003 0.000000 0.000111 0.000000 0.000002 0.000000 0.000038 0.000000 0.000000 0.000064 0.000003 0.000000 0.056772 0.000017 0.000023 0.000000 0.000013
 0.999267 0.000000 0.000003 0.000003 0.000000 0.000111 0.000000 0.000002 0.000000 0.000038 0.000000 0.000000 0.000064 0.000003 0.000000 0.000456 0.000017 0.000023 0.000000 0.000013
 0.506302 0.000000 0.000003 0.000003 0.000000 0.000111 0.000000 0.000002 0.000000 0.000038 0.000000 0.000000 0.000064 0.000003 0.000000 0.493420 0.000017 0.000023 0.000000 0.000013
 0.999267 0.000000 0.000003 0.000003 0.000000 0.000111 0.000000 0.000002 0.000000 0.000038 0.000000 0.000000 0.000064 0.000003 0.000000 0.000456 0.000017 0.000023 0.000000 0.000013
 0.964287 0.000000 0.000003 0.000003 0.000000 0.000111 0.000000 0.000002 0.000000 0.000038 0.000000 0.000000 0.000064 0.000003 0.000000 0.035436 0.000017 0.000023 0.000000 0.000013

MOTIF 2-ASSGL STREME-2
letter-probability matrix: alength= 20 w= 5 nsites= 34 E= 2.3e-001
 0.956895 0.000003 0.000166 0.000166 0.000003 0.006551 0.000003 0.000112 0.000003 0.002240 0.000003 0.000003 0.003768 0.000166 0.000003 0.026793 0.000985 0.001367 0.000003 0.000767
 0.047804 0.000003 0.000166 0.000166 0.000003 0.006551 0.000003 0.000112 0.000003 0.002240 0.000003 0.000003 0.003768 0.000166 0.000003 0.935884 0.000985 0.001367 0.000003 0.000767
 0.047804 0.000003 0.000166 0.000166 0.000003 0.006551 0.000003 0.000112 0.000003 0.002240 0.000003 0.000003 0.003768 0.000166 0.000003 0.935884 0.000985 0.001367 0.000003 0.000767
 0.047804 0.000003 0.000166 0.000166 0.000003 0.915642 0.000003 0.000112 0.000003 0.002240 0.000003 0.000003 0.003768 0.000166 0.000003 0.026793 0.000985 0.001367 0.000003 0.000767
 0.047804 0.000003 0.000166 0.000166 0.000003 0.006551 0.000003 0.000112 0.000003 0.911331 0.000003 0.000003 0.003768 0.000166 0.000003 0.026793 0.000985 0.001367 0.000003 0.000767

MOTIF 3-GPSS STREME-3
letter-probability matrix: alength= 20 w= 4 nsites= 24 E= 5.4e-001
 0.003392 0.000000 0.000012 0.000012 0.000000 0.994014 0.000000 0.000008 0.000000 0.000159 0.000000 0.000000 0.000267 0.000012 0.000000 0.001901 0.000070 0.000097 0.000000 0.000054
 0.003392 0.000000 0.000012 0.000012 0.000000 0.000465 0.000000 0.000008 0.000000 0.000159 0.000000 0.000000 0.993816 0.000012 0.000000 0.001901 0.000070 0.000097 0.000000 0.000054
 0.003392 0.000000 0.000012 0.000012 0.000000 0.000465 0.000000 0.000008 0.000000 0.044876 0.000000 0.000000 0.000267 0.000012 0.000000 0.860974 0.089829 0.000097 0.000000 0.000054
 0.003392 0.000000 0.000012 0.000012 0.000000 0.000465 0.000000 0.000008 0.000000 0.000159 0.000000 0.000000 0.000267 0.000012 0.000000 0.995450 0.000070 0.000097 0.000000 0.000054

MOTIF 4-SSVA STREME-4
letter-probability matrix: alength= 20 w= 4 nsites= 8 E= 5.0e+000
 0.015194 0.000001 0.000053 0.000053 0.000001 0.002082 0.000001 0.000036 0.000001 0.402730 0.000001 0.000001 0.001198 0.000053 0.000001 0.577603 0.000313 0.000435 0.000001 0.000244
 0.015194 0.000001 0.000053 0.000053 0.000001 0.002082 0.000001 0.000036 0.000001 0.000712 0.000001 0.000001 0.001198 0.000053 0.000001 0.979621 0.000313 0.000435 0.000001 0.000244
 0.015194 0.000001 0.000053 0.000053 0.000001 0.002082 0.000001 0.000036 0.000001 0.000712 0.000001 0.000001 0.001198 0.000053 0.000001 0.008516 0.000313 0.971540 0.000001 0.000244
 0.986300 0.000001 0.000053 0.000053 0.000001 0.002082 0.000001 0.000036 0.000001 0.000712 0.000001 0.000001 0.001198 0.000053 0.000001 0.008516 0.000313 0.000435 0.000001 0.000244

MOTIF 5-SSG STREME-5
letter-probability matrix: alength= 20 w= 3 nsites= 19 E= 5.0e+000
 0.047804 0.000003 0.000166 0.000166 0.000003 0.006551 0.000003 0.000112 0.000003 0.002240 0.000003 0.000003 0.003768 0.000166 0.000003 0.935884 0.000985 0.001367 0.000003 0.000767
 0.047804 0.000003 0.000166 0.000166 0.000003 0.006551 0.000003 0.000112 0.000003 0.002240 0.000003 0.000003 0.003768 0.000166 0.000003 0.935884 0.000985 0.001367 0.000003 0.000767
 0.047804 0.000003 0.000166 0.000166 0.000003 0.915642 0.000003 0.000112 0.000003 0.002240 0.000003 0.000003 0.003768 0.000166 0.000003 0.026793 0.000985 0.001367 0.000003 0.000767

********************************************************************************
Stopped because 3 consecutive motifs exceeded the p-value threshold (0.05).
********************************************************************************
COMMAND:	streme --protein --p ./Data/v1_cluster_windows_15mers/cluster_12571.fasta --minw 3 --maxw 15 --thresh 0.05 --oc ./Results/v1_Top500_Run_20250504_162200/streme_out_cluster_12571
********************************************************************************
CPU:		Hirokis-MacBook-Air.local
********************************************************************************
FINALTIME:	0.24 seconds
********************************************************************************
