********************************************************************************
STREME - Sensitive, Thorough, Rapid, Enriched Motif Elicitation
********************************************************************************
MEME version 5.5.7 (Release date: Wed Jun 19 13:59:04 2024 -0700)

For further information on how to interpret these results please access https://meme-suite.org/meme.
To get a copy of the MEME Suite software please access https://meme-suite.org.

********************************************************************************


********************************************************************************
REFERENCE
********************************************************************************
If you use this program in your research, please cite:

Timothy L. Bailey,
"STREME: accurate and versatile sequence motif discovery",
Bioinformatics, Mar. 24, 2021.
********************************************************************************


ALPHABET= ACDEFGHIKLMNPQRSTVWY

strands: +

Background letter frequencies
A 0.00475 C 2.95e-05 D 0.00239 E 0.00887 F 2.95e-05 G 0.251 H 2.95e-05 I 2.95e-05 K 0.000619 L 0.00416 M 2.95e-05 N 2.95e-05 P 0.161 Q 0.171 R 0.000619 S 0.26 T 0.00593 V 0.00357 W 2.95e-05 Y 0.126 

MOTIF 1-PGQSGYPGQ STREME-1
letter-probability matrix: alength= 20 w= 9 nsites= 113 E= 4.3e-006
 0.016328 0.000000 0.000003 0.000010 0.000000 0.000294 0.000000 0.000000 0.000001 0.049388 0.000000 0.000000 0.925177 0.000201 0.000001 0.000305 0.008139 0.000004 0.000000 0.000148
 0.000006 0.000000 0.000003 0.000010 0.000000 0.990988 0.000000 0.000000 0.000001 0.000005 0.000000 0.000000 0.000189 0.000201 0.008133 0.000305 0.000007 0.000004 0.000000 0.000148
 0.000006 0.000000 0.000003 0.000010 0.000000 0.000294 0.000000 0.000000 0.008133 0.000005 0.000000 0.000000 0.008321 0.982762 0.000001 0.000305 0.000007 0.000004 0.000000 0.000148
 0.000006 0.000000 0.000003 0.000010 0.000000 0.000294 0.000000 0.000000 0.000001 0.000005 0.000000 0.000000 0.008321 0.000201 0.000001 0.990999 0.000007 0.000004 0.000000 0.000148
 0.024578 0.000000 0.024575 0.128505 0.000000 0.771801 0.000000 0.000000 0.000001 0.000005 0.000000 0.000000 0.000189 0.000201 0.000001 0.000305 0.000007 0.049686 0.000000 0.000148
 0.000006 0.000000 0.000003 0.000010 0.000000 0.000294 0.000000 0.000000 0.000001 0.000005 0.000000 0.000000 0.000189 0.000201 0.000001 0.000305 0.000007 0.000004 0.000000 0.998975
 0.000006 0.000000 0.000003 0.000010 0.000000 0.000294 0.000000 0.000000 0.000001 0.000005 0.000000 0.000000 0.990883 0.000201 0.000001 0.008438 0.000007 0.000004 0.000000 0.000148
 0.000006 0.000000 0.000003 0.000010 0.000000 0.999121 0.000000 0.000000 0.000001 0.000005 0.000000 0.000000 0.000189 0.000201 0.000001 0.000305 0.000007 0.000004 0.000000 0.000148
 0.000006 0.000000 0.000003 0.000010 0.000000 0.000294 0.000000 0.000000 0.000001 0.000005 0.000000 0.000000 0.000189 0.999027 0.000001 0.000305 0.000007 0.000004 0.000000 0.000148

MOTIF 2-GYSSS STREME-2
letter-probability matrix: alength= 20 w= 5 nsites= 107 E= 3.3e-004
 0.000005 0.000000 0.000003 0.000009 0.000000 0.984506 0.000000 0.000000 0.000001 0.000004 0.000000 0.000000 0.000170 0.000181 0.000001 0.000275 0.014708 0.000004 0.000000 0.000133
 0.000005 0.000000 0.000003 0.000009 0.000000 0.000265 0.000000 0.000000 0.000001 0.000004 0.000000 0.000000 0.000170 0.000181 0.000001 0.060380 0.000006 0.000004 0.000000 0.938972
 0.014707 0.000000 0.000003 0.000009 0.000000 0.000265 0.000000 0.000000 0.000001 0.000004 0.000000 0.000000 0.000170 0.000181 0.000001 0.984516 0.000006 0.000004 0.000000 0.000133
 0.000005 0.000000 0.000003 0.000009 0.000000 0.000265 0.000000 0.000000 0.000001 0.000004 0.000000 0.000000 0.000170 0.022313 0.000001 0.977086 0.000006 0.000004 0.000000 0.000133
 0.000005 0.000000 0.000003 0.000009 0.000000 0.000265 0.000000 0.000000 0.000001 0.000004 0.000000 0.000000 0.000170 0.000181 0.000001 0.999218 0.000006 0.000004 0.000000 0.000133

MOTIF 3-QGQQTG STREME-3
letter-probability matrix: alength= 20 w= 6 nsites= 5 E= 1.5e+000
 0.000431 0.000003 0.000217 0.000807 0.000003 0.022782 0.000003 0.000003 0.000056 0.000378 0.000003 0.000003 0.014636 0.924636 0.000056 0.023645 0.000539 0.000324 0.000003 0.011473
 0.000431 0.000003 0.000217 0.000807 0.000003 0.931873 0.000003 0.000003 0.000056 0.000378 0.000003 0.000003 0.014636 0.015545 0.000056 0.023645 0.000539 0.000324 0.000003 0.011473
 0.000431 0.000003 0.000217 0.000807 0.000003 0.022782 0.000003 0.000003 0.000056 0.000378 0.000003 0.000003 0.014636 0.924636 0.000056 0.023645 0.000539 0.000324 0.000003 0.011473
 0.000431 0.000003 0.000217 0.000807 0.000003 0.022782 0.000003 0.000003 0.000056 0.000378 0.000003 0.000003 0.014636 0.924636 0.000056 0.023645 0.000539 0.000324 0.000003 0.011473
 0.000431 0.000003 0.000217 0.000807 0.000003 0.022782 0.000003 0.000003 0.000056 0.000378 0.000003 0.000003 0.014636 0.015545 0.000056 0.023645 0.909630 0.000324 0.000003 0.011473
 0.000431 0.000003 0.000217 0.000807 0.000003 0.931873 0.000003 0.000003 0.000056 0.000378 0.000003 0.000003 0.014636 0.015545 0.000056 0.023645 0.000539 0.000324 0.000003 0.011473

********************************************************************************
Stopped because the next motif had no positive sites with scores > 0.
********************************************************************************
COMMAND:	streme --protein --p ./Data/v1_cluster_windows_15mers/cluster_20685.fasta --minw 3 --maxw 15 --thresh 0.05 --oc ./Results/v1_Top500_Run_20250504_162200/streme_out_cluster_20685
********************************************************************************
CPU:		Hirokis-MacBook-Air.local
********************************************************************************
FINALTIME:	0.18 seconds
********************************************************************************
