********************************************************************************
STREME - Sensitive, Thorough, Rapid, Enriched Motif Elicitation
********************************************************************************
MEME version 5.5.7 (Release date: Wed Jun 19 13:59:04 2024 -0700)

For further information on how to interpret these results please access https://meme-suite.org/meme.
To get a copy of the MEME Suite software please access https://meme-suite.org.

********************************************************************************


********************************************************************************
REFERENCE
********************************************************************************
If you use this program in your research, please cite:

Timothy L. Bailey,
"STREME: accurate and versatile sequence motif discovery",
Bioinformatics, Mar. 24, 2021.
********************************************************************************


ALPHABET= ACDEFGHIKLMNPQRSTVWY

strands: +

Background letter frequencies
A 0.083 C 6.42e-06 D 0.000906 E 0.00052 F 0.000263 G 0.588 H 6.42e-06 I 0.000649 K 6.42e-06 L 0.052 M 0.000777 N 0.000392 P 0.000263 Q 0.126 R 0.0036 S 0.0708 T 0.00052 V 0.00155 W 6.42e-06 Y 0.0707 

MOTIF 1-GGLGSQGAGQGG STREME-1
letter-probability matrix: alength= 20 w= 12 nsites= 518 E= 6.5e-028
 0.003990 0.000000 0.000000 0.000000 0.000000 0.986004 0.000000 0.001982 0.000000 0.000015 0.000000 0.000000 0.000000 0.002018 0.000001 0.002002 0.000000 0.000000 0.000000 0.003987
 0.000024 0.000000 0.001982 0.000000 0.000000 0.989971 0.000000 0.000000 0.000000 0.000015 0.000000 0.000000 0.000000 0.000036 0.003967 0.000020 0.000000 0.003964 0.000000 0.000020
 0.000024 0.000000 0.000000 0.000000 0.003963 0.000168 0.000000 0.000000 0.000000 0.784355 0.005954 0.000000 0.000000 0.060766 0.000001 0.005968 0.000000 0.000000 0.000000 0.138799
 0.000024 0.000000 0.000000 0.000000 0.000000 0.993934 0.000000 0.000000 0.000000 0.000015 0.000000 0.000000 0.000000 0.000036 0.000001 0.005968 0.000000 0.000000 0.000000 0.000020
 0.000024 0.000000 0.000000 0.000000 0.000000 0.000168 0.000000 0.000000 0.000000 0.000015 0.000000 0.000000 0.000000 0.000036 0.000001 0.999734 0.000000 0.000000 0.000000 0.000020
 0.000024 0.000000 0.000000 0.001982 0.000000 0.000168 0.000000 0.000000 0.000000 0.000015 0.000000 0.000000 0.000000 0.997768 0.000001 0.000020 0.000000 0.000000 0.000000 0.000020
 0.000024 0.000000 0.000000 0.000000 0.000000 0.991946 0.000000 0.000000 0.000000 0.001997 0.000000 0.000000 0.000000 0.000036 0.005955 0.000020 0.000000 0.000000 0.000000 0.000020
 0.924224 0.000000 0.000000 0.000000 0.000000 0.047907 0.000000 0.000000 0.000000 0.001997 0.000000 0.000000 0.001982 0.000036 0.000001 0.017886 0.003964 0.001982 0.000000 0.000020
 0.002005 0.000000 0.001982 0.000000 0.000000 0.946192 0.000000 0.000000 0.000000 0.000015 0.000000 0.000000 0.000000 0.009954 0.009928 0.000020 0.000000 0.000000 0.000000 0.029903
 0.007969 0.000000 0.000000 0.001982 0.000000 0.331893 0.000000 0.003967 0.000000 0.000015 0.000000 0.001982 0.000000 0.624314 0.025855 0.000020 0.000000 0.001982 0.000000 0.000020
 0.311904 0.000000 0.000000 0.000000 0.000000 0.672127 0.000000 0.000000 0.000000 0.000015 0.000000 0.000000 0.001982 0.000036 0.000001 0.007965 0.001982 0.003967 0.000000 0.000020
 0.000024 0.000000 0.001982 0.000000 0.000000 0.936131 0.000000 0.000000 0.000000 0.000015 0.000000 0.000000 0.000000 0.007981 0.000001 0.002002 0.000000 0.005955 0.000000 0.045909

MOTIF 2-GGY STREME-2
letter-probability matrix: alength= 20 w= 3 nsites= 409 E= 2.2e-007
 0.007544 0.000001 0.000082 0.000047 0.000024 0.962583 0.000001 0.000059 0.000001 0.004729 0.000071 0.000036 0.000024 0.011427 0.000328 0.006434 0.000047 0.000141 0.000001 0.006423
 0.007544 0.000001 0.000082 0.000047 0.000024 0.962583 0.000001 0.000059 0.000001 0.004729 0.000071 0.000036 0.000024 0.011427 0.000328 0.006434 0.000047 0.000141 0.000001 0.006423
 0.007544 0.000001 0.000082 0.000047 0.000024 0.053492 0.000001 0.000059 0.000001 0.004729 0.000071 0.000036 0.000024 0.011427 0.000328 0.006434 0.000047 0.000141 0.000001 0.915514

MOTIF 3-GDQ STREME-3
letter-probability matrix: alength= 20 w= 3 nsites= 4 E= 5.0e+000
 0.007544 0.000001 0.000082 0.000047 0.000024 0.962583 0.000001 0.000059 0.000001 0.004729 0.000071 0.000036 0.000024 0.011427 0.000328 0.006434 0.000047 0.000141 0.000001 0.006423
 0.007544 0.000001 0.909173 0.000047 0.000024 0.053492 0.000001 0.000059 0.000001 0.004729 0.000071 0.000036 0.000024 0.011427 0.000328 0.006434 0.000047 0.000141 0.000001 0.006423
 0.007544 0.000001 0.000082 0.000047 0.000024 0.053492 0.000001 0.000059 0.000001 0.004729 0.000071 0.000036 0.000024 0.920518 0.000328 0.006434 0.000047 0.000141 0.000001 0.006423

MOTIF 4-GRYA STREME-4
letter-probability matrix: alength= 20 w= 4 nsites= 1 E= 5.0e+000
 0.010462 0.000001 0.000114 0.000066 0.000033 0.948106 0.000001 0.000082 0.000001 0.006559 0.000098 0.000049 0.000033 0.015848 0.000454 0.008923 0.000066 0.000195 0.000001 0.008908
 0.010462 0.000001 0.000114 0.000066 0.000033 0.074186 0.000001 0.000082 0.000001 0.006559 0.000098 0.000049 0.000033 0.015848 0.874374 0.008923 0.000066 0.000195 0.000001 0.008908
 0.010462 0.000001 0.000114 0.000066 0.000033 0.074186 0.000001 0.000082 0.000001 0.006559 0.000098 0.000049 0.000033 0.015848 0.000454 0.008923 0.000066 0.000195 0.000001 0.882828
 0.884382 0.000001 0.000114 0.000066 0.000033 0.074186 0.000001 0.000082 0.000001 0.006559 0.000098 0.000049 0.000033 0.015848 0.000454 0.008923 0.000066 0.000195 0.000001 0.008908

MOTIF 5-GYGS STREME-5
letter-probability matrix: alength= 20 w= 4 nsites= 4 E= 5.0e+000
 0.007544 0.000001 0.000082 0.000047 0.000024 0.962583 0.000001 0.000059 0.000001 0.004729 0.000071 0.000036 0.000024 0.011427 0.000328 0.006434 0.000047 0.000141 0.000001 0.006423
 0.007544 0.000001 0.000082 0.000047 0.000024 0.053492 0.000001 0.000059 0.000001 0.004729 0.000071 0.000036 0.000024 0.011427 0.000328 0.006434 0.000047 0.000141 0.000001 0.915514
 0.007544 0.000001 0.000082 0.000047 0.000024 0.962583 0.000001 0.000059 0.000001 0.004729 0.000071 0.000036 0.000024 0.011427 0.000328 0.006434 0.000047 0.000141 0.000001 0.006423
 0.007544 0.000001 0.000082 0.000047 0.000024 0.053492 0.000001 0.000059 0.000001 0.004729 0.000071 0.000036 0.000024 0.011427 0.000328 0.915525 0.000047 0.000141 0.000001 0.006423

********************************************************************************
Stopped because 3 consecutive motifs exceeded the p-value threshold (0.05).
********************************************************************************
COMMAND:	streme --protein --p ./Data/v1_cluster_windows_15mers/cluster_14654.fasta --minw 3 --maxw 15 --thresh 0.05 --oc ./Results/v1_Top500_Run_20250504_162200/streme_out_cluster_14654
********************************************************************************
CPU:		Hirokis-MacBook-Air.local
********************************************************************************
FINALTIME:	0.52 seconds
********************************************************************************
