********************************************************************************
STREME - Sensitive, Thorough, Rapid, Enriched Motif Elicitation
********************************************************************************
MEME version 5.5.7 (Release date: Wed Jun 19 13:59:04 2024 -0700)

For further information on how to interpret these results please access https://meme-suite.org/meme.
To get a copy of the MEME Suite software please access https://meme-suite.org.

********************************************************************************


********************************************************************************
REFERENCE
********************************************************************************
If you use this program in your research, please cite:

Timothy L. Bailey,
"STREME: accurate and versatile sequence motif discovery",
Bioinformatics, Mar. 24, 2021.
********************************************************************************


ALPHABET= ACDEFGHIKLMNPQRSTVWY

strands: +

Background letter frequencies
A 0.741 C 7.08e-05 D 7.08e-05 E 7.08e-05 F 0.00857 G 0.0114 H 7.08e-05 I 7.08e-05 K 7.08e-05 L 7.08e-05 M 7.08e-05 N 7.08e-05 P 7.08e-05 Q 0.00432 R 7.08e-05 S 0.231 T 0.0029 V 7.08e-05 W 7.08e-05 Y 7.08e-05 

MOTIF 1-SSSS STREME-1
letter-probability matrix: alength= 20 w= 4 nsites= 22 S= 9.4e-009
 0.078713 0.000000 0.000000 0.000000 0.000043 0.000057 0.000000 0.000000 0.000000 0.000000 0.000000 0.000000 0.000000 0.000022 0.000000 0.851567 0.069594 0.000000 0.000000 0.000000
 0.031019 0.000000 0.000000 0.000000 0.000043 0.000057 0.000000 0.000000 0.000000 0.000000 0.000000 0.000000 0.000000 0.000022 0.000000 0.968841 0.000014 0.000000 0.000000 0.000000
 0.004351 0.000000 0.000000 0.000000 0.215612 0.000057 0.000000 0.000000 0.000000 0.000000 0.000000 0.000000 0.000000 0.000022 0.000000 0.779939 0.000014 0.000000 0.000000 0.000000
 0.070697 0.000000 0.000000 0.000000 0.000043 0.000057 0.000000 0.000000 0.000000 0.000000 0.000000 0.000000 0.000000 0.000022 0.000000 0.929163 0.000014 0.000000 0.000000 0.000000

MOTIF 2-AAAAAAAAA STREME-2
letter-probability matrix: alength= 20 w= 9 nsites= 34 S= 1.8e-007
 0.976446 0.000006 0.000006 0.000006 0.000779 0.001036 0.000006 0.000006 0.000006 0.000006 0.000006 0.000006 0.000006 0.000393 0.000006 0.020991 0.000264 0.000006 0.000006 0.000006
 0.976446 0.000006 0.000006 0.000006 0.000779 0.001036 0.000006 0.000006 0.000006 0.000006 0.000006 0.000006 0.000006 0.000393 0.000006 0.020991 0.000264 0.000006 0.000006 0.000006
 0.976446 0.000006 0.000006 0.000006 0.000779 0.001036 0.000006 0.000006 0.000006 0.000006 0.000006 0.000006 0.000006 0.000393 0.000006 0.020991 0.000264 0.000006 0.000006 0.000006
 0.976446 0.000006 0.000006 0.000006 0.000779 0.001036 0.000006 0.000006 0.000006 0.000006 0.000006 0.000006 0.000006 0.000393 0.000006 0.020991 0.000264 0.000006 0.000006 0.000006
 0.976446 0.000006 0.000006 0.000006 0.000779 0.001036 0.000006 0.000006 0.000006 0.000006 0.000006 0.000006 0.000006 0.000393 0.000006 0.020991 0.000264 0.000006 0.000006 0.000006
 0.976446 0.000006 0.000006 0.000006 0.000779 0.001036 0.000006 0.000006 0.000006 0.000006 0.000006 0.000006 0.000006 0.000393 0.000006 0.020991 0.000264 0.000006 0.000006 0.000006
 0.976446 0.000006 0.000006 0.000006 0.000779 0.001036 0.000006 0.000006 0.000006 0.000006 0.000006 0.000006 0.000006 0.000393 0.000006 0.020991 0.000264 0.000006 0.000006 0.000006
 0.976446 0.000006 0.000006 0.000006 0.000779 0.001036 0.000006 0.000006 0.000006 0.000006 0.000006 0.000006 0.000006 0.000393 0.000006 0.020991 0.000264 0.000006 0.000006 0.000006
 0.976446 0.000006 0.000006 0.000006 0.000779 0.001036 0.000006 0.000006 0.000006 0.000006 0.000006 0.000006 0.000006 0.000393 0.000006 0.020991 0.000264 0.000006 0.000006 0.000006

MOTIF 3-SAASAAAAAA STREME-3
letter-probability matrix: alength= 20 w= 10 nsites= 8 S= 1.5e-002
 0.017148 0.000002 0.000002 0.000002 0.000198 0.000264 0.000002 0.000002 0.000002 0.000002 0.000002 0.000002 0.000002 0.000100 0.000002 0.982199 0.000067 0.000002 0.000002 0.000002
 0.994003 0.000002 0.000002 0.000002 0.000198 0.000264 0.000002 0.000002 0.000002 0.000002 0.000002 0.000002 0.000002 0.000100 0.000002 0.005344 0.000067 0.000002 0.000002 0.000002
 0.994003 0.000002 0.000002 0.000002 0.000198 0.000264 0.000002 0.000002 0.000002 0.000002 0.000002 0.000002 0.000002 0.000100 0.000002 0.005344 0.000067 0.000002 0.000002 0.000002
 0.017148 0.000002 0.000002 0.000002 0.000198 0.000264 0.000002 0.000002 0.000002 0.000002 0.000002 0.000002 0.000002 0.000100 0.000002 0.982199 0.000067 0.000002 0.000002 0.000002
 0.994003 0.000002 0.000002 0.000002 0.000198 0.000264 0.000002 0.000002 0.000002 0.000002 0.000002 0.000002 0.000002 0.000100 0.000002 0.005344 0.000067 0.000002 0.000002 0.000002
 0.994003 0.000002 0.000002 0.000002 0.000198 0.000264 0.000002 0.000002 0.000002 0.000002 0.000002 0.000002 0.000002 0.000100 0.000002 0.005344 0.000067 0.000002 0.000002 0.000002
 0.833575 0.000002 0.000002 0.000002 0.000198 0.160692 0.000002 0.000002 0.000002 0.000002 0.000002 0.000002 0.000002 0.000100 0.000002 0.005344 0.000067 0.000002 0.000002 0.000002
 0.994003 0.000002 0.000002 0.000002 0.000198 0.000264 0.000002 0.000002 0.000002 0.000002 0.000002 0.000002 0.000002 0.000100 0.000002 0.005344 0.000067 0.000002 0.000002 0.000002
 0.833575 0.000002 0.000002 0.000002 0.000198 0.000264 0.000002 0.000002 0.000002 0.000002 0.000002 0.000002 0.000002 0.000100 0.000002 0.165772 0.000067 0.000002 0.000002 0.000002
 0.833575 0.000002 0.000002 0.000002 0.000198 0.160692 0.000002 0.000002 0.000002 0.000002 0.000002 0.000002 0.000002 0.000100 0.000002 0.005344 0.000067 0.000002 0.000002 0.000002

MOTIF 4-AAGAAG STREME-4
letter-probability matrix: alength= 20 w= 6 nsites= 3 S= 1.2e-001
 0.976446 0.000006 0.000006 0.000006 0.000779 0.001036 0.000006 0.000006 0.000006 0.000006 0.000006 0.000006 0.000006 0.000393 0.000006 0.020991 0.000264 0.000006 0.000006 0.000006
 0.976446 0.000006 0.000006 0.000006 0.000779 0.001036 0.000006 0.000006 0.000006 0.000006 0.000006 0.000006 0.000006 0.000393 0.000006 0.020991 0.000264 0.000006 0.000006 0.000006
 0.067356 0.000006 0.000006 0.000006 0.000779 0.910127 0.000006 0.000006 0.000006 0.000006 0.000006 0.000006 0.000006 0.000393 0.000006 0.020991 0.000264 0.000006 0.000006 0.000006
 0.976446 0.000006 0.000006 0.000006 0.000779 0.001036 0.000006 0.000006 0.000006 0.000006 0.000006 0.000006 0.000006 0.000393 0.000006 0.020991 0.000264 0.000006 0.000006 0.000006
 0.976446 0.000006 0.000006 0.000006 0.000779 0.001036 0.000006 0.000006 0.000006 0.000006 0.000006 0.000006 0.000006 0.000393 0.000006 0.020991 0.000264 0.000006 0.000006 0.000006
 0.067356 0.000006 0.000006 0.000006 0.000779 0.910127 0.000006 0.000006 0.000006 0.000006 0.000006 0.000006 0.000006 0.000393 0.000006 0.020991 0.000264 0.000006 0.000006 0.000006

MOTIF 5-SASSS STREME-5
letter-probability matrix: alength= 20 w= 5 nsites= 3 S= 1.2e-001
 0.067356 0.000006 0.000006 0.000006 0.000779 0.001036 0.000006 0.000006 0.000006 0.000006 0.000006 0.000006 0.000006 0.000393 0.000006 0.930082 0.000264 0.000006 0.000006 0.000006
 0.976446 0.000006 0.000006 0.000006 0.000779 0.001036 0.000006 0.000006 0.000006 0.000006 0.000006 0.000006 0.000006 0.000393 0.000006 0.020991 0.000264 0.000006 0.000006 0.000006
 0.067356 0.000006 0.000006 0.000006 0.000779 0.001036 0.000006 0.000006 0.000006 0.000006 0.000006 0.000006 0.000006 0.000393 0.000006 0.930082 0.000264 0.000006 0.000006 0.000006
 0.067356 0.000006 0.000006 0.000006 0.000779 0.001036 0.000006 0.000006 0.000006 0.000006 0.000006 0.000006 0.000006 0.000393 0.000006 0.930082 0.000264 0.000006 0.000006 0.000006
 0.067356 0.000006 0.000006 0.000006 0.000779 0.001036 0.000006 0.000006 0.000006 0.000006 0.000006 0.000006 0.000006 0.000393 0.000006 0.930082 0.000264 0.000006 0.000006 0.000006

********************************************************************************
Stopped because maximum number of motifs (5) reached.
********************************************************************************
COMMAND:	streme --protein --p ./Data/v1_cluster_windows_15mers/cluster_20271.fasta --minw 3 --maxw 15 --thresh 0.05 --oc ./Results/v1_Top500_Run_20250504_162200/streme_out_cluster_20271
********************************************************************************
CPU:		Hirokis-MacBook-Air.local
********************************************************************************
FINALTIME:	0.15 seconds
********************************************************************************
