********************************************************************************
STREME - Sensitive, Thorough, Rapid, Enriched Motif Elicitation
********************************************************************************
MEME version 5.5.7 (Release date: Wed Jun 19 13:59:04 2024 -0700)

For further information on how to interpret these results please access https://meme-suite.org/meme.
To get a copy of the MEME Suite software please access https://meme-suite.org.

********************************************************************************


********************************************************************************
REFERENCE
********************************************************************************
If you use this program in your research, please cite:

Timothy L. Bailey,
"STREME: accurate and versatile sequence motif discovery",
Bioinformatics, Mar. 24, 2021.
********************************************************************************


ALPHABET= ACDEFGHIKLMNPQRSTVWY

strands: +

Background letter frequencies
A 0.0711 C 2.78e-05 D 0.00225 E 2.78e-05 F 2.78e-05 G 0.0805 H 2.78e-05 I 0.00447 K 2.78e-05 L 0.14 M 0.00114 N 0.178 P 0.065 Q 0.0667 R 2.78e-05 S 0.202 T 0.00558 V 0.183 W 2.78e-05 Y 2.78e-05 

MOTIF 1-SNLVSNGQVNVDSLP STREME-1
letter-probability matrix: alength= 20 w= 15 nsites= 120 E= 3.7e-007
 0.006463 0.000003 0.000204 0.000003 0.000003 0.007321 0.000003 0.000406 0.000003 0.012725 0.000103 0.016207 0.005907 0.006059 0.000003 0.927415 0.000507 0.016661 0.000003 0.000003
 0.006463 0.000003 0.000204 0.000003 0.000003 0.007321 0.000003 0.000406 0.000003 0.012725 0.000103 0.925298 0.005907 0.006059 0.000003 0.018325 0.000507 0.016661 0.000003 0.000003
 0.006463 0.000003 0.000204 0.000003 0.000003 0.007321 0.000003 0.000406 0.000003 0.921816 0.000103 0.016207 0.005907 0.006059 0.000003 0.018325 0.000507 0.016661 0.000003 0.000003
 0.006463 0.000003 0.000204 0.000003 0.000003 0.007321 0.000003 0.000406 0.000003 0.012725 0.000103 0.016207 0.005907 0.006059 0.000003 0.018325 0.000507 0.925752 0.000003 0.000003
 0.006463 0.000003 0.000204 0.000003 0.000003 0.007321 0.000003 0.000406 0.000003 0.012725 0.000103 0.016207 0.005907 0.006059 0.000003 0.927415 0.000507 0.016661 0.000003 0.000003
 0.006463 0.000003 0.000204 0.000003 0.000003 0.007321 0.000003 0.000406 0.000003 0.012725 0.000103 0.925298 0.005907 0.006059 0.000003 0.018325 0.000507 0.016661 0.000003 0.000003
 0.006463 0.000003 0.000204 0.000003 0.000003 0.916412 0.000003 0.000406 0.000003 0.012725 0.000103 0.016207 0.005907 0.006059 0.000003 0.018325 0.000507 0.016661 0.000003 0.000003
 0.006463 0.000003 0.000204 0.000003 0.000003 0.007321 0.000003 0.000406 0.000003 0.012725 0.000103 0.016207 0.005907 0.915150 0.000003 0.018325 0.000507 0.016661 0.000003 0.000003
 0.006463 0.000003 0.000204 0.000003 0.000003 0.007321 0.000003 0.000406 0.000003 0.012725 0.000103 0.016207 0.005907 0.006059 0.000003 0.018325 0.000507 0.925752 0.000003 0.000003
 0.006463 0.000003 0.000204 0.000003 0.000003 0.007321 0.000003 0.000406 0.000003 0.012725 0.000103 0.925298 0.005907 0.006059 0.000003 0.018325 0.000507 0.016661 0.000003 0.000003
 0.006463 0.000003 0.000204 0.000003 0.000003 0.007321 0.000003 0.000406 0.000003 0.012725 0.000103 0.016207 0.005907 0.006059 0.000003 0.018325 0.000507 0.925752 0.000003 0.000003
 0.006463 0.000003 0.909295 0.000003 0.000003 0.007321 0.000003 0.000406 0.000003 0.012725 0.000103 0.016207 0.005907 0.006059 0.000003 0.018325 0.000507 0.016661 0.000003 0.000003
 0.006463 0.000003 0.000204 0.000003 0.000003 0.007321 0.000003 0.000406 0.000003 0.012725 0.000103 0.016207 0.005907 0.006059 0.000003 0.927415 0.000507 0.016661 0.000003 0.000003
 0.006463 0.000003 0.000204 0.000003 0.000003 0.007321 0.000003 0.000406 0.000003 0.921816 0.000103 0.016207 0.005907 0.006059 0.000003 0.018325 0.000507 0.016661 0.000003 0.000003
 0.006463 0.000003 0.000204 0.000003 0.000003 0.007321 0.000003 0.000406 0.000003 0.012725 0.000103 0.016207 0.914998 0.006059 0.000003 0.018325 0.000507 0.016661 0.000003 0.000003

********************************************************************************
Stopped because the next motif had no positive sites with scores > 0.
********************************************************************************
COMMAND:	streme --protein --p ./Data/v1_cluster_windows_15mers/cluster_3307.fasta --minw 3 --maxw 15 --thresh 0.05 --oc ./Results/v1_Top500_Run_20250504_162200/streme_out_cluster_3307
********************************************************************************
CPU:		Hirokis-MacBook-Air.local
********************************************************************************
FINALTIME:	0.13 seconds
********************************************************************************
