********************************************************************************
STREME - Sensitive, Thorough, Rapid, Enriched Motif Elicitation
********************************************************************************
MEME version 5.5.7 (Release date: Wed Jun 19 13:59:04 2024 -0700)

For further information on how to interpret these results please access https://meme-suite.org/meme.
To get a copy of the MEME Suite software please access https://meme-suite.org.

********************************************************************************


********************************************************************************
REFERENCE
********************************************************************************
If you use this program in your research, please cite:

Timothy L. Bailey,
"STREME: accurate and versatile sequence motif discovery",
Bioinformatics, Mar. 24, 2021.
********************************************************************************


ALPHABET= ACDEFGHIKLMNPQRSTVWY

strands: +

Background letter frequencies
A 0.00313 C 5.12e-05 D 0.14 E 0.00722 F 0.0164 G 0.578 H 5.12e-05 I 5.12e-05 K 5.12e-05 L 0.0503 M 5.12e-05 N 5.12e-05 P 0.0021 Q 0.00825 R 0.122 S 0.00517 T 5.12e-05 V 0.00313 W 5.12e-05 Y 0.0636 

MOTIF 1-DGGRGGYGGLGRGGD STREME-1
letter-probability matrix: alength= 20 w= 15 nsites= 65 E= 2.2e-003
 0.000284 0.000005 0.921855 0.000657 0.001495 0.052537 0.000005 0.000005 0.000005 0.004569 0.000005 0.000005 0.000191 0.000750 0.011091 0.000470 0.000005 0.000284 0.000005 0.005780
 0.000284 0.000005 0.012764 0.000657 0.001495 0.961628 0.000005 0.000005 0.000005 0.004569 0.000005 0.000005 0.000191 0.000750 0.011091 0.000470 0.000005 0.000284 0.000005 0.005780
 0.000284 0.000005 0.012764 0.000657 0.001495 0.961628 0.000005 0.000005 0.000005 0.004569 0.000005 0.000005 0.000191 0.000750 0.011091 0.000470 0.000005 0.000284 0.000005 0.005780
 0.000284 0.000005 0.012764 0.000657 0.001495 0.052537 0.000005 0.000005 0.000005 0.004569 0.000005 0.000005 0.000191 0.000750 0.920182 0.000470 0.000005 0.000284 0.000005 0.005780
 0.000284 0.000005 0.012764 0.000657 0.001495 0.961628 0.000005 0.000005 0.000005 0.004569 0.000005 0.000005 0.000191 0.000750 0.011091 0.000470 0.000005 0.000284 0.000005 0.005780
 0.000284 0.000005 0.012764 0.000657 0.001495 0.961628 0.000005 0.000005 0.000005 0.004569 0.000005 0.000005 0.000191 0.000750 0.011091 0.000470 0.000005 0.000284 0.000005 0.005780
 0.000284 0.000005 0.012764 0.000657 0.001495 0.052537 0.000005 0.000005 0.000005 0.004569 0.000005 0.000005 0.000191 0.000750 0.011091 0.000470 0.000005 0.000284 0.000005 0.914871
 0.000284 0.000005 0.012764 0.000657 0.001495 0.961628 0.000005 0.000005 0.000005 0.004569 0.000005 0.000005 0.000191 0.000750 0.011091 0.000470 0.000005 0.000284 0.000005 0.005780
 0.000284 0.000005 0.012764 0.000657 0.001495 0.961628 0.000005 0.000005 0.000005 0.004569 0.000005 0.000005 0.000191 0.000750 0.011091 0.000470 0.000005 0.000284 0.000005 0.005780
 0.000284 0.000005 0.012764 0.000657 0.001495 0.052537 0.000005 0.000005 0.000005 0.913660 0.000005 0.000005 0.000191 0.000750 0.011091 0.000470 0.000005 0.000284 0.000005 0.005780
 0.000284 0.000005 0.012764 0.000657 0.001495 0.961628 0.000005 0.000005 0.000005 0.004569 0.000005 0.000005 0.000191 0.000750 0.011091 0.000470 0.000005 0.000284 0.000005 0.005780
 0.000284 0.000005 0.012764 0.000657 0.001495 0.052537 0.000005 0.000005 0.000005 0.004569 0.000005 0.000005 0.000191 0.000750 0.920182 0.000470 0.000005 0.000284 0.000005 0.005780
 0.000284 0.000005 0.012764 0.000657 0.001495 0.961628 0.000005 0.000005 0.000005 0.004569 0.000005 0.000005 0.000191 0.000750 0.011091 0.000470 0.000005 0.000284 0.000005 0.005780
 0.000284 0.000005 0.012764 0.000657 0.001495 0.961628 0.000005 0.000005 0.000005 0.004569 0.000005 0.000005 0.000191 0.000750 0.011091 0.000470 0.000005 0.000284 0.000005 0.005780
 0.000284 0.000005 0.921855 0.000657 0.001495 0.052537 0.000005 0.000005 0.000005 0.004569 0.000005 0.000005 0.000191 0.000750 0.011091 0.000470 0.000005 0.000284 0.000005 0.005780

MOTIF 2-GDSG STREME-2
letter-probability matrix: alength= 20 w= 4 nsites= 4 E= 2.0e+000
 0.000284 0.000005 0.012764 0.000657 0.001495 0.961628 0.000005 0.000005 0.000005 0.004569 0.000005 0.000005 0.000191 0.000750 0.011091 0.000470 0.000005 0.000284 0.000005 0.005780
 0.000284 0.000005 0.921855 0.000657 0.001495 0.052537 0.000005 0.000005 0.000005 0.004569 0.000005 0.000005 0.000191 0.000750 0.011091 0.000470 0.000005 0.000284 0.000005 0.005780
 0.000284 0.000005 0.012764 0.000657 0.001495 0.052537 0.000005 0.000005 0.000005 0.004569 0.000005 0.000005 0.000191 0.000750 0.011091 0.909561 0.000005 0.000284 0.000005 0.005780
 0.000284 0.000005 0.012764 0.000657 0.001495 0.961628 0.000005 0.000005 0.000005 0.004569 0.000005 0.000005 0.000191 0.000750 0.011091 0.000470 0.000005 0.000284 0.000005 0.005780

********************************************************************************
Stopped because the next motif had no positive sites with scores > 0.
********************************************************************************
COMMAND:	streme --protein --p ./Data/v1_cluster_windows_15mers/cluster_18810.fasta --minw 3 --maxw 15 --thresh 0.05 --oc ./Results/v1_Top500_Run_20250504_162200/streme_out_cluster_18810
********************************************************************************
CPU:		Hirokis-MacBook-Air.local
********************************************************************************
FINALTIME:	0.16 seconds
********************************************************************************
