********************************************************************************
STREME - Sensitive, Thorough, Rapid, Enriched Motif Elicitation
********************************************************************************
MEME version 5.5.7 (Release date: Wed Jun 19 13:59:04 2024 -0700)

For further information on how to interpret these results please access https://meme-suite.org/meme.
To get a copy of the MEME Suite software please access https://meme-suite.org.

********************************************************************************


********************************************************************************
REFERENCE
********************************************************************************
If you use this program in your research, please cite:

Timothy L. Bailey,
"STREME: accurate and versatile sequence motif discovery",
Bioinformatics, Mar. 24, 2021.
********************************************************************************


ALPHABET= ACDEFGHIKLMNPQRSTVWY

strands: +

Background letter frequencies
A 0.156 C 6.06e-07 D 0.0211 E 0.0102 F 0.00788 G 0.393 H 0.00034 I 0.0168 K 0.00188 L 0.0396 M 0.00211 N 0.0218 P 0.0273 Q 0.0562 R 0.0301 S 0.1 T 0.0287 V 0.0254 W 0.000328 Y 0.0617 

MOTIF 1-GYGQG STREME-1
letter-probability matrix: alength= 20 w= 5 nsites= 2570 E= 1.8e-047
 0.000014 0.000000 0.000002 0.000001 0.000001 0.954082 0.000000 0.000002 0.000000 0.000004 0.000000 0.000002 0.000002 0.000005 0.019337 0.016531 0.000003 0.010009 0.000000 0.000006
 0.061824 0.000000 0.000002 0.000001 0.051085 0.000035 0.000000 0.000687 0.000000 0.000004 0.000000 0.000002 0.006221 0.000005 0.000003 0.042647 0.023637 0.003330 0.000000 0.810518
 0.000014 0.000000 0.005363 0.000001 0.000001 0.994584 0.000000 0.000002 0.000000 0.000004 0.000000 0.000002 0.000002 0.000005 0.000003 0.000009 0.000003 0.000002 0.000000 0.000006
 0.035607 0.000000 0.041020 0.011190 0.000001 0.000035 0.000625 0.005315 0.000000 0.004599 0.011890 0.037501 0.161952 0.381295 0.103757 0.065482 0.130078 0.009645 0.000000 0.000006
 0.000014 0.000000 0.038620 0.004802 0.000001 0.791078 0.000000 0.003128 0.000000 0.000004 0.000000 0.102681 0.000002 0.012311 0.016446 0.017636 0.002634 0.010638 0.000000 0.000006

MOTIF 2-AAAAA STREME-2
letter-probability matrix: alength= 20 w= 5 nsites= 487 E= 1.5e-013
 0.992119 0.000000 0.000009 0.000004 0.000003 0.000449 0.000000 0.000007 0.000001 0.000017 0.000001 0.000009 0.000012 0.000024 0.000013 0.001287 0.000012 0.006005 0.000000 0.000027
 0.966084 0.000000 0.000009 0.000004 0.000003 0.000170 0.000000 0.000007 0.000001 0.006011 0.000001 0.000009 0.000012 0.000024 0.000013 0.021030 0.000590 0.006005 0.000000 0.000027
 0.990214 0.000000 0.000009 0.000004 0.000003 0.000170 0.000000 0.000007 0.000001 0.000017 0.000001 0.000009 0.000012 0.000024 0.000013 0.009464 0.000012 0.000011 0.000000 0.000027
 0.994521 0.000000 0.000009 0.000004 0.000003 0.000255 0.000000 0.000007 0.000001 0.000017 0.000001 0.000009 0.000012 0.000024 0.000013 0.005073 0.000012 0.000011 0.000000 0.000027
 0.688558 0.000000 0.208911 0.000004 0.000003 0.038644 0.000000 0.000007 0.000001 0.000017 0.000001 0.000009 0.000012 0.000024 0.000013 0.051871 0.007230 0.004667 0.000000 0.000027

MOTIF 3-GRGGLG STREME-3
letter-probability matrix: alength= 20 w= 6 nsites= 759 E= 9.6e-011
 0.000041 0.000000 0.000006 0.000003 0.000002 0.999840 0.000000 0.000004 0.000000 0.000010 0.000001 0.000006 0.000007 0.000015 0.000008 0.000026 0.000008 0.000007 0.000000 0.000016
 0.053099 0.000000 0.000006 0.000003 0.000002 0.000104 0.000000 0.000004 0.000000 0.112355 0.000001 0.061654 0.000007 0.222661 0.336314 0.000026 0.000008 0.000007 0.000000 0.213749
 0.000041 0.000000 0.031878 0.051276 0.000002 0.916693 0.000000 0.000004 0.000000 0.000010 0.000001 0.000006 0.000007 0.000015 0.000008 0.000026 0.000008 0.000007 0.000000 0.000016
 0.000041 0.000000 0.000006 0.000003 0.000002 0.999840 0.000000 0.000004 0.000000 0.000010 0.000001 0.000006 0.000007 0.000015 0.000008 0.000026 0.000008 0.000007 0.000000 0.000016
 0.000041 0.000000 0.000006 0.000003 0.000002 0.000104 0.001830 0.037067 0.000000 0.619490 0.025632 0.000006 0.000007 0.000015 0.000008 0.016859 0.000008 0.000007 0.000000 0.298917
 0.005531 0.000000 0.012814 0.000003 0.007322 0.856416 0.000000 0.000004 0.000000 0.000010 0.000001 0.000006 0.000007 0.000015 0.000008 0.000026 0.000008 0.000007 0.000000 0.117823

MOTIF 4-YGPG STREME-4
letter-probability matrix: alength= 20 w= 4 nsites= 499 E= 1.4e-009
 0.006493 0.000000 0.009754 0.000005 0.018896 0.000881 0.000000 0.000773 0.000001 0.009720 0.038729 0.000010 0.000013 0.073226 0.036294 0.355830 0.035772 0.019574 0.000000 0.394029
 0.010444 0.000000 0.000010 0.000005 0.003251 0.963355 0.000000 0.022750 0.000001 0.000019 0.000001 0.000010 0.000013 0.000026 0.000014 0.000047 0.000013 0.000012 0.000000 0.000029
 0.000073 0.000000 0.000010 0.000005 0.000004 0.000184 0.000000 0.000008 0.000001 0.000019 0.000001 0.000010 0.999544 0.000026 0.000014 0.000047 0.000013 0.000012 0.000000 0.000029
 0.009515 0.000000 0.003257 0.000005 0.000004 0.921954 0.000000 0.000008 0.006496 0.006976 0.000001 0.009754 0.000013 0.000026 0.003262 0.038675 0.000013 0.000012 0.000000 0.000029

MOTIF 5-AGAGAG STREME-5
letter-probability matrix: alength= 20 w= 6 nsites= 388 E= 3.6e-007
 0.511796 0.000000 0.000010 0.000005 0.000004 0.000187 0.000000 0.000008 0.000001 0.024060 0.000001 0.016494 0.000013 0.028653 0.000014 0.027825 0.077507 0.313393 0.000000 0.000029
 0.000074 0.000000 0.000010 0.000005 0.000004 0.989822 0.000000 0.000008 0.000001 0.000019 0.000001 0.000010 0.000013 0.000027 0.009903 0.000048 0.000014 0.000012 0.000000 0.000029
 0.476100 0.000000 0.000010 0.000005 0.000004 0.000187 0.000000 0.000008 0.000001 0.000019 0.000001 0.000010 0.000013 0.000027 0.000014 0.331232 0.072551 0.119789 0.000000 0.000029
 0.000074 0.000000 0.000010 0.000005 0.000004 0.999711 0.000000 0.000008 0.000001 0.000019 0.000001 0.000010 0.000013 0.000027 0.000014 0.000048 0.000014 0.000012 0.000000 0.000029
 0.859962 0.000000 0.000010 0.000005 0.000004 0.000187 0.000000 0.000008 0.000001 0.000019 0.000001 0.019788 0.000013 0.000027 0.000014 0.119907 0.000014 0.000012 0.000000 0.000029
 0.062979 0.000000 0.000010 0.000005 0.000004 0.895906 0.000000 0.000008 0.000001 0.000019 0.000001 0.000010 0.000013 0.000027 0.000014 0.040949 0.000014 0.000012 0.000000 0.000029

MOTIF 6-GGYEEII STREME-6
letter-probability matrix: alength= 20 w= 7 nsites= 219 E= 2.9e-005
 0.014165 0.000000 0.001920 0.000930 0.000716 0.944803 0.000031 0.001523 0.000171 0.003597 0.000192 0.001983 0.002479 0.005110 0.002739 0.009092 0.002607 0.002308 0.000030 0.005605
 0.014165 0.000000 0.001920 0.000930 0.000716 0.944803 0.000031 0.001523 0.000171 0.003597 0.000192 0.001983 0.002479 0.005110 0.002739 0.009092 0.002607 0.002308 0.000030 0.005605
 0.014165 0.000000 0.001920 0.000930 0.000716 0.035712 0.000031 0.001523 0.000171 0.003597 0.000192 0.001983 0.002479 0.005110 0.002739 0.009092 0.002607 0.002308 0.000030 0.914696
 0.014165 0.000000 0.001920 0.910021 0.000716 0.035712 0.000031 0.001523 0.000171 0.003597 0.000192 0.001983 0.002479 0.005110 0.002739 0.009092 0.002607 0.002308 0.000030 0.005605
 0.014165 0.000000 0.001920 0.910021 0.000716 0.035712 0.000031 0.001523 0.000171 0.003597 0.000192 0.001983 0.002479 0.005110 0.002739 0.009092 0.002607 0.002308 0.000030 0.005605
 0.014165 0.000000 0.001920 0.000930 0.000716 0.035712 0.000031 0.910614 0.000171 0.003597 0.000192 0.001983 0.002479 0.005110 0.002739 0.009092 0.002607 0.002308 0.000030 0.005605
 0.014165 0.000000 0.001920 0.000930 0.000716 0.035712 0.000031 0.910614 0.000171 0.003597 0.000192 0.001983 0.002479 0.005110 0.002739 0.009092 0.002607 0.002308 0.000030 0.005605

MOTIF 7-SSAT STREME-7
letter-probability matrix: alength= 20 w= 4 nsites= 610 E= 1.4e-004
 0.000064 0.000000 0.000009 0.000004 0.000003 0.000162 0.000000 0.000007 0.000001 0.000016 0.000001 0.112123 0.000011 0.000023 0.023827 0.787525 0.000012 0.076184 0.000000 0.000026
 0.006097 0.000000 0.018773 0.000004 0.000003 0.000162 0.000000 0.014626 0.000001 0.054563 0.000001 0.000009 0.000011 0.000023 0.000012 0.642557 0.046110 0.217021 0.000000 0.000026
 0.913030 0.000000 0.000009 0.000004 0.000003 0.000162 0.000000 0.000007 0.000001 0.000016 0.000001 0.000009 0.000011 0.000023 0.000012 0.086662 0.000012 0.000011 0.000000 0.000026
 0.099450 0.000000 0.012694 0.000004 0.002870 0.000162 0.000000 0.270468 0.000001 0.098572 0.000001 0.000009 0.000011 0.000023 0.000012 0.000041 0.464208 0.051447 0.000000 0.000026

MOTIF 8-LGGQGAGS STREME-8
letter-probability matrix: alength= 20 w= 8 nsites= 139 E= 1.3e-003
 0.000181 0.000000 0.000025 0.000012 0.000009 0.000456 0.000000 0.056382 0.000002 0.942522 0.000002 0.000025 0.000032 0.000065 0.000035 0.000116 0.000033 0.000029 0.000000 0.000072
 0.000181 0.000000 0.000025 0.000012 0.000009 0.934899 0.000000 0.000019 0.000002 0.000046 0.000002 0.000025 0.000032 0.000065 0.024183 0.024265 0.000033 0.016128 0.000000 0.000072
 0.000181 0.000000 0.000025 0.000012 0.000009 0.910744 0.000000 0.000019 0.000002 0.000046 0.000002 0.000025 0.000032 0.000065 0.040289 0.040364 0.000033 0.008079 0.000000 0.000072
 0.000181 0.000000 0.000025 0.000012 0.000009 0.000456 0.000000 0.000019 0.000002 0.000046 0.000002 0.000025 0.000032 0.998904 0.000035 0.000116 0.000033 0.000029 0.000000 0.000072
 0.008230 0.000000 0.000025 0.000012 0.000009 0.991246 0.000000 0.000019 0.000002 0.000046 0.000002 0.000025 0.000032 0.000065 0.000035 0.000116 0.000033 0.000029 0.000000 0.000072
 0.435147 0.000000 0.000025 0.000012 0.000009 0.338858 0.000000 0.000019 0.000002 0.000046 0.000002 0.000025 0.000032 0.000065 0.000035 0.145069 0.000033 0.000029 0.000000 0.080589
 0.250016 0.000000 0.008074 0.000012 0.000009 0.620638 0.000000 0.000019 0.000002 0.000046 0.000002 0.000025 0.008081 0.024217 0.000035 0.088688 0.000033 0.000029 0.000000 0.000072
 0.153161 0.000000 0.064438 0.000012 0.000009 0.282500 0.000000 0.000019 0.000002 0.064492 0.000002 0.000025 0.000032 0.136931 0.008084 0.290156 0.000033 0.000029 0.000000 0.000072

MOTIF 9-GGRRG STREME-9
letter-probability matrix: alength= 20 w= 5 nsites= 150 E= 2.6e-002
 0.000275 0.000000 0.000037 0.000018 0.000014 0.902363 0.000001 0.000030 0.000003 0.000070 0.000004 0.012261 0.000048 0.000099 0.000053 0.000176 0.000051 0.000045 0.000001 0.084452
 0.039309 0.000000 0.000037 0.000018 0.000014 0.876993 0.000001 0.000030 0.000003 0.000070 0.000004 0.000038 0.000048 0.000099 0.082956 0.000176 0.000051 0.000045 0.000001 0.000109
 0.000275 0.000000 0.000037 0.000018 0.000014 0.000693 0.000001 0.000030 0.000003 0.000070 0.000004 0.000038 0.000048 0.000099 0.998290 0.000176 0.000051 0.000045 0.000001 0.000109
 0.000275 0.000000 0.000037 0.000018 0.000014 0.000693 0.000001 0.000030 0.000003 0.000070 0.000004 0.000038 0.000048 0.000099 0.998290 0.000176 0.000051 0.000045 0.000001 0.000109
 0.168577 0.000000 0.000037 0.000018 0.000014 0.636993 0.000001 0.000030 0.000003 0.000070 0.000004 0.000038 0.000048 0.000099 0.071380 0.000176 0.000051 0.000045 0.122308 0.000109

MOTIF 10-ISL STREME-10
letter-probability matrix: alength= 20 w= 3 nsites= 158 E= 2.8e-002
 0.014165 0.000000 0.001920 0.000930 0.000716 0.035712 0.000031 0.910614 0.000171 0.003597 0.000192 0.001983 0.002479 0.005110 0.002739 0.009092 0.002607 0.002308 0.000030 0.005605
 0.014165 0.000000 0.001920 0.000930 0.000716 0.035712 0.000031 0.001523 0.000171 0.003597 0.000192 0.001983 0.002479 0.005110 0.002739 0.918182 0.002607 0.002308 0.000030 0.005605
 0.014165 0.000000 0.001920 0.000930 0.000716 0.035712 0.000031 0.001523 0.000171 0.912688 0.000192 0.001983 0.002479 0.005110 0.002739 0.009092 0.002607 0.002308 0.000030 0.005605

MOTIF 11-GQFLRD STREME-11
letter-probability matrix: alength= 20 w= 6 nsites= 77 E= 4.5e-002
 0.205715 0.000000 0.000045 0.000022 0.000017 0.426276 0.000001 0.000035 0.000004 0.000084 0.000004 0.000046 0.000058 0.000119 0.000064 0.367266 0.000061 0.000054 0.000001 0.000130
 0.000329 0.000000 0.000045 0.000022 0.000017 0.000831 0.000001 0.000035 0.000004 0.000084 0.000004 0.000046 0.000058 0.998004 0.000064 0.000211 0.000061 0.000054 0.000001 0.000130
 0.000329 0.000000 0.000045 0.000022 0.733758 0.000831 0.000001 0.000035 0.000004 0.000084 0.000004 0.000046 0.000058 0.000119 0.000064 0.000211 0.000061 0.000054 0.000001 0.264275
 0.000329 0.000000 0.000045 0.000022 0.000017 0.426276 0.000001 0.000035 0.000004 0.572524 0.000004 0.000046 0.000058 0.000119 0.000064 0.000211 0.000061 0.000054 0.000001 0.000130
 0.000329 0.000000 0.000045 0.000022 0.000017 0.000831 0.000001 0.000035 0.000004 0.396214 0.000004 0.000046 0.000058 0.000119 0.601819 0.000211 0.000061 0.000054 0.000001 0.000130
 0.000329 0.000000 0.968615 0.000022 0.000017 0.030146 0.000001 0.000035 0.000004 0.000084 0.000004 0.000046 0.000058 0.000119 0.000064 0.000211 0.000061 0.000054 0.000001 0.000130

MOTIF 12-DAFA STREME-12
letter-probability matrix: alength= 20 w= 4 nsites= 63 E= 4.5e-002
 0.000407 0.000000 0.562422 0.000027 0.181262 0.001026 0.000001 0.000044 0.000005 0.000103 0.000006 0.235723 0.000071 0.000147 0.000079 0.000261 0.000075 0.000066 0.000001 0.018273
 0.997794 0.000000 0.000055 0.000027 0.000021 0.001026 0.000001 0.000044 0.000005 0.000103 0.000006 0.000057 0.000071 0.000147 0.000079 0.000261 0.000075 0.000066 0.000001 0.000161
 0.000407 0.000000 0.000055 0.000027 0.997408 0.001026 0.000001 0.000044 0.000005 0.000103 0.000006 0.000057 0.000071 0.000147 0.000079 0.000261 0.000075 0.000066 0.000001 0.000161
 0.907206 0.000000 0.000055 0.000027 0.000021 0.001026 0.000001 0.000044 0.000005 0.000103 0.000006 0.000057 0.000071 0.000147 0.000079 0.000261 0.000075 0.090654 0.000001 0.000161

MOTIF 13-LLSSGD STREME-13
letter-probability matrix: alength= 20 w= 6 nsites= 114 E= 1.8e-001
 0.000284 0.000000 0.000038 0.000019 0.000014 0.000715 0.000001 0.000030 0.000003 0.998252 0.000004 0.000040 0.000050 0.000102 0.000055 0.000182 0.000052 0.000046 0.000001 0.000112
 0.177019 0.000000 0.000038 0.000019 0.000014 0.000715 0.000001 0.000030 0.000003 0.821517 0.000004 0.000040 0.000050 0.000102 0.000055 0.000182 0.000052 0.000046 0.000001 0.000112
 0.000284 0.000000 0.000038 0.000019 0.000014 0.000715 0.000001 0.000030 0.000003 0.000072 0.000004 0.000040 0.000050 0.000102 0.000055 0.998362 0.000052 0.000046 0.000001 0.000112
 0.000284 0.000000 0.000038 0.000019 0.000014 0.000715 0.000001 0.000030 0.000003 0.000072 0.000004 0.000040 0.000050 0.000102 0.000055 0.998362 0.000052 0.000046 0.000001 0.000112
 0.000284 0.000000 0.000038 0.000019 0.000014 0.683370 0.000001 0.315555 0.000003 0.000072 0.000004 0.000040 0.000050 0.000102 0.000055 0.000182 0.000052 0.000046 0.000001 0.000112
 0.000284 0.000000 0.505958 0.000019 0.000014 0.101662 0.000001 0.000030 0.214581 0.000072 0.000004 0.000040 0.000050 0.000102 0.176791 0.000182 0.000052 0.000046 0.000001 0.000112

MOTIF 14-ADSQ STREME-14
letter-probability matrix: alength= 20 w= 4 nsites= 70 E= 1.8e-001
 0.446582 0.000000 0.383380 0.000024 0.000018 0.064708 0.000001 0.000039 0.000004 0.008711 0.000005 0.000050 0.000063 0.000129 0.000069 0.095950 0.000066 0.000058 0.000001 0.000142
 0.000358 0.000000 0.997748 0.000024 0.000018 0.000904 0.000001 0.000039 0.000004 0.000091 0.000005 0.000050 0.000063 0.000129 0.000069 0.000230 0.000066 0.000058 0.000001 0.000142
 0.000358 0.000000 0.000049 0.000024 0.000018 0.000904 0.000001 0.000039 0.000004 0.000091 0.000005 0.000050 0.000063 0.000129 0.000069 0.997929 0.000066 0.000058 0.000001 0.000142
 0.000358 0.000000 0.000049 0.000024 0.000018 0.000904 0.000001 0.000039 0.000004 0.000091 0.000005 0.000050 0.000063 0.630445 0.000069 0.367614 0.000066 0.000058 0.000001 0.000142

MOTIF 15-SQGAGQ STREME-15
letter-probability matrix: alength= 20 w= 6 nsites= 100 E= 3.7e-001
 0.000267 0.000000 0.000036 0.000018 0.000013 0.119422 0.000001 0.000029 0.000003 0.000068 0.000004 0.000037 0.000047 0.000096 0.000052 0.879710 0.000049 0.000043 0.000001 0.000106
 0.000267 0.000000 0.000036 0.000018 0.000013 0.120564 0.000001 0.000029 0.000003 0.000068 0.000004 0.000037 0.000047 0.878492 0.000052 0.000171 0.000049 0.000043 0.000001 0.000106
 0.000267 0.000000 0.000036 0.000018 0.000013 0.998960 0.000001 0.000029 0.000003 0.000068 0.000004 0.000037 0.000047 0.000096 0.000052 0.000171 0.000049 0.000043 0.000001 0.000106
 0.986688 0.000000 0.000036 0.000018 0.000013 0.000673 0.000001 0.000029 0.000003 0.000068 0.000004 0.000037 0.000047 0.000096 0.000052 0.000171 0.000049 0.011911 0.000001 0.000106
 0.000267 0.000000 0.000036 0.000018 0.000013 0.987093 0.000001 0.000029 0.000003 0.000068 0.000004 0.000037 0.000047 0.000096 0.011919 0.000171 0.000049 0.000043 0.000001 0.000106
 0.000267 0.000000 0.000036 0.000018 0.000013 0.284596 0.000001 0.000029 0.000003 0.000068 0.000004 0.000037 0.000047 0.678854 0.035658 0.000171 0.000049 0.000043 0.000001 0.000106

MOTIF 16-RGLGGD STREME-16
letter-probability matrix: alength= 20 w= 6 nsites= 52 E= 3.7e-001
 0.000504 0.000000 0.089775 0.000033 0.000025 0.001271 0.000001 0.000054 0.000006 0.000128 0.000007 0.000071 0.000088 0.000182 0.862317 0.045163 0.000093 0.000082 0.000001 0.000199
 0.000504 0.000000 0.000068 0.000033 0.000025 0.998036 0.000001 0.000054 0.000006 0.000128 0.000007 0.000071 0.000088 0.000182 0.000097 0.000323 0.000093 0.000082 0.000001 0.000199
 0.000504 0.000000 0.000068 0.000033 0.000025 0.001271 0.000001 0.000054 0.000006 0.952058 0.000007 0.000071 0.000088 0.022600 0.000097 0.000323 0.000093 0.022500 0.000001 0.000199
 0.000504 0.000000 0.000068 0.000033 0.000025 0.998036 0.000001 0.000054 0.000006 0.000128 0.000007 0.000071 0.000088 0.000182 0.000097 0.000323 0.000093 0.000082 0.000001 0.000199
 0.000504 0.000000 0.000068 0.000033 0.000025 0.998036 0.000001 0.000054 0.000006 0.000128 0.000007 0.000071 0.000088 0.000182 0.000097 0.000323 0.000093 0.000082 0.000001 0.000199
 0.000504 0.000000 0.718387 0.067297 0.000025 0.001271 0.000001 0.000054 0.000006 0.000128 0.000007 0.000071 0.201968 0.000182 0.000097 0.000323 0.000093 0.000082 0.000001 0.009503

MOTIF 17-GSGSDGYGGGYG STREME-17
letter-probability matrix: alength= 20 w= 12 nsites= 24 E= 3.7e-001
 0.001392 0.000000 0.000189 0.000091 0.000070 0.994576 0.000003 0.000150 0.000017 0.000353 0.000019 0.000195 0.000244 0.000502 0.000269 0.000893 0.000256 0.000227 0.000003 0.000551
 0.001392 0.000000 0.000189 0.000091 0.000070 0.003509 0.000003 0.000150 0.000017 0.000353 0.000019 0.000195 0.000244 0.000502 0.000269 0.991961 0.000256 0.000227 0.000003 0.000551
 0.001392 0.000000 0.124029 0.000091 0.000070 0.870736 0.000003 0.000150 0.000017 0.000353 0.000019 0.000195 0.000244 0.000502 0.000269 0.000893 0.000256 0.000227 0.000003 0.000551
 0.001392 0.000000 0.000189 0.000091 0.000070 0.251172 0.000003 0.000150 0.000017 0.000353 0.000019 0.000195 0.000244 0.000502 0.000269 0.744298 0.000256 0.000227 0.000003 0.000551
 0.001392 0.000000 0.867425 0.000091 0.000070 0.003509 0.000003 0.000150 0.000017 0.000353 0.000019 0.124026 0.000244 0.000502 0.000269 0.000893 0.000256 0.000227 0.000003 0.000551
 0.001392 0.000000 0.000189 0.000091 0.000070 0.994576 0.000003 0.000150 0.000017 0.000353 0.000019 0.000195 0.000244 0.000502 0.000269 0.000893 0.000256 0.000227 0.000003 0.000551
 0.001392 0.000000 0.000189 0.000091 0.000070 0.003509 0.000003 0.000150 0.000017 0.000353 0.000019 0.000195 0.000244 0.000502 0.000269 0.000893 0.000256 0.000227 0.000003 0.991618
 0.001392 0.000000 0.062104 0.000091 0.000070 0.870745 0.000003 0.000150 0.000017 0.000353 0.000019 0.062111 0.000244 0.000502 0.000269 0.000893 0.000256 0.000227 0.000003 0.000551
 0.001392 0.000000 0.000189 0.000091 0.000070 0.994576 0.000003 0.000150 0.000017 0.000353 0.000019 0.000195 0.000244 0.000502 0.000269 0.000893 0.000256 0.000227 0.000003 0.000551
 0.001392 0.000000 0.000189 0.000091 0.000070 0.932661 0.000003 0.000150 0.000017 0.000353 0.000019 0.000195 0.000244 0.062418 0.000269 0.000893 0.000256 0.000227 0.000003 0.000551
 0.001392 0.000000 0.000189 0.000091 0.000070 0.065425 0.000003 0.000150 0.000017 0.000353 0.000019 0.000195 0.000244 0.000502 0.000269 0.000893 0.000256 0.000227 0.000003 0.929702
 0.001392 0.000000 0.000189 0.000091 0.000070 0.994576 0.000003 0.000150 0.000017 0.000353 0.000019 0.000195 0.000244 0.000502 0.000269 0.000893 0.000256 0.000227 0.000003 0.000551

MOTIF 18-NQGYAPY STREME-18
letter-probability matrix: alength= 20 w= 7 nsites= 41 E= 7.4e-001
 0.000658 0.000000 0.117216 0.000043 0.000033 0.001659 0.000001 0.000071 0.000008 0.000167 0.000009 0.468688 0.000115 0.000237 0.293072 0.058977 0.000121 0.000107 0.000001 0.058815
 0.000658 0.000000 0.000089 0.000043 0.000033 0.001659 0.000001 0.000071 0.000008 0.000167 0.000009 0.000092 0.000115 0.996014 0.000127 0.000422 0.000121 0.000107 0.000001 0.000260
 0.000658 0.000000 0.000089 0.000043 0.000033 0.997436 0.000001 0.000071 0.000008 0.000167 0.000009 0.000092 0.000115 0.000237 0.000127 0.000422 0.000121 0.000107 0.000001 0.000260
 0.000658 0.000000 0.000089 0.000043 0.000033 0.001659 0.000001 0.000071 0.000008 0.000167 0.000009 0.205057 0.293060 0.000237 0.000127 0.000422 0.000121 0.000107 0.000001 0.498127
 0.791469 0.000000 0.000089 0.000043 0.000033 0.206624 0.000001 0.000071 0.000008 0.000167 0.000009 0.000092 0.000115 0.000237 0.000127 0.000422 0.000121 0.000107 0.000001 0.000260
 0.117785 0.000000 0.000089 0.000043 0.000033 0.001659 0.000001 0.000071 0.000008 0.000167 0.000009 0.000092 0.878765 0.000237 0.000127 0.000422 0.000121 0.000107 0.000001 0.000260
 0.000658 0.000000 0.000089 0.000043 0.000033 0.118769 0.000001 0.000071 0.000008 0.000167 0.000009 0.000092 0.000115 0.000237 0.000127 0.117549 0.000121 0.000107 0.000001 0.761801

MOTIF 19-GEGNEGL STREME-19
letter-probability matrix: alength= 20 w= 7 nsites= 40 E= 7.4e-001
 0.027508 0.000000 0.000082 0.000040 0.000031 0.970740 0.000001 0.000065 0.000007 0.000154 0.000008 0.000085 0.000106 0.000218 0.000117 0.000388 0.000111 0.000099 0.000001 0.000239
 0.054415 0.000000 0.000082 0.942348 0.000031 0.001525 0.000001 0.000065 0.000007 0.000154 0.000008 0.000085 0.000106 0.000218 0.000117 0.000388 0.000111 0.000099 0.000001 0.000239
 0.000605 0.000000 0.053892 0.000040 0.000031 0.863113 0.000001 0.000065 0.000007 0.000154 0.000008 0.000085 0.000106 0.000218 0.000117 0.081109 0.000111 0.000099 0.000001 0.000239
 0.000605 0.000000 0.188486 0.000040 0.000031 0.001525 0.000001 0.000065 0.000007 0.000154 0.000008 0.753990 0.000106 0.054028 0.000117 0.000388 0.000111 0.000099 0.000001 0.000239
 0.000605 0.000000 0.107706 0.780919 0.000031 0.109141 0.000001 0.000065 0.000007 0.000154 0.000008 0.000085 0.000106 0.000218 0.000117 0.000388 0.000111 0.000099 0.000001 0.000239
 0.000605 0.000000 0.000082 0.000040 0.000031 0.997643 0.000001 0.000065 0.000007 0.000154 0.000008 0.000085 0.000106 0.000218 0.000117 0.000388 0.000111 0.000099 0.000001 0.000239
 0.000605 0.000000 0.000082 0.000040 0.188434 0.001525 0.000001 0.053875 0.000007 0.754059 0.000008 0.000085 0.000106 0.000218 0.000117 0.000388 0.000111 0.000099 0.000001 0.000239

MOTIF 20-SLSLSNQG STREME-20
letter-probability matrix: alength= 20 w= 8 nsites= 28 E= 7.4e-001
 0.014165 0.000000 0.001920 0.000930 0.000716 0.035712 0.000031 0.001523 0.000171 0.003597 0.000192 0.001983 0.002479 0.005110 0.002739 0.918182 0.002607 0.002308 0.000030 0.005605
 0.014165 0.000000 0.001920 0.000930 0.000716 0.035712 0.000031 0.001523 0.000171 0.912688 0.000192 0.001983 0.002479 0.005110 0.002739 0.009092 0.002607 0.002308 0.000030 0.005605
 0.014165 0.000000 0.001920 0.000930 0.000716 0.035712 0.000031 0.001523 0.000171 0.003597 0.000192 0.001983 0.002479 0.005110 0.002739 0.918182 0.002607 0.002308 0.000030 0.005605
 0.014165 0.000000 0.001920 0.000930 0.000716 0.035712 0.000031 0.001523 0.000171 0.912688 0.000192 0.001983 0.002479 0.005110 0.002739 0.009092 0.002607 0.002308 0.000030 0.005605
 0.014165 0.000000 0.001920 0.000930 0.000716 0.035712 0.000031 0.001523 0.000171 0.003597 0.000192 0.001983 0.002479 0.005110 0.002739 0.918182 0.002607 0.002308 0.000030 0.005605
 0.014165 0.000000 0.001920 0.000930 0.000716 0.035712 0.000031 0.001523 0.000171 0.003597 0.000192 0.911074 0.002479 0.005110 0.002739 0.009092 0.002607 0.002308 0.000030 0.005605
 0.014165 0.000000 0.001920 0.000930 0.000716 0.035712 0.000031 0.001523 0.000171 0.003597 0.000192 0.001983 0.002479 0.914201 0.002739 0.009092 0.002607 0.002308 0.000030 0.005605
 0.014165 0.000000 0.001920 0.000930 0.000716 0.944803 0.000031 0.001523 0.000171 0.003597 0.000192 0.001983 0.002479 0.005110 0.002739 0.009092 0.002607 0.002308 0.000030 0.005605

MOTIF 21-NNG STREME-21
letter-probability matrix: alength= 20 w= 3 nsites= 56 E= 8.3e-001
 0.014165 0.000000 0.001920 0.000930 0.000716 0.035712 0.000031 0.001523 0.000171 0.003597 0.000192 0.911074 0.002479 0.005110 0.002739 0.009092 0.002607 0.002308 0.000030 0.005605
 0.014165 0.000000 0.001920 0.000930 0.000716 0.035712 0.000031 0.001523 0.000171 0.003597 0.000192 0.911074 0.002479 0.005110 0.002739 0.009092 0.002607 0.002308 0.000030 0.005605
 0.014165 0.000000 0.001920 0.000930 0.000716 0.944803 0.000031 0.001523 0.000171 0.003597 0.000192 0.001983 0.002479 0.005110 0.002739 0.009092 0.002607 0.002308 0.000030 0.005605

MOTIF 22-YGP STREME-22
letter-probability matrix: alength= 20 w= 3 nsites= 87 E= 1.5e+000
 0.014165 0.000000 0.001920 0.000930 0.000716 0.035712 0.000031 0.001523 0.000171 0.003597 0.000192 0.001983 0.002479 0.005110 0.002739 0.009092 0.002607 0.002308 0.000030 0.914696
 0.014165 0.000000 0.001920 0.000930 0.000716 0.944803 0.000031 0.001523 0.000171 0.003597 0.000192 0.001983 0.002479 0.005110 0.002739 0.009092 0.002607 0.002308 0.000030 0.005605
 0.014165 0.000000 0.001920 0.000930 0.000716 0.035712 0.000031 0.001523 0.000171 0.003597 0.000192 0.001983 0.911570 0.005110 0.002739 0.009092 0.002607 0.002308 0.000030 0.005605

MOTIF 23-IND STREME-23
letter-probability matrix: alength= 20 w= 3 nsites= 42 E= 1.5e+000
 0.014165 0.000000 0.001920 0.000930 0.000716 0.035712 0.000031 0.910614 0.000171 0.003597 0.000192 0.001983 0.002479 0.005110 0.002739 0.009092 0.002607 0.002308 0.000030 0.005605
 0.014165 0.000000 0.001920 0.000930 0.000716 0.035712 0.000031 0.001523 0.000171 0.003597 0.000192 0.911074 0.002479 0.005110 0.002739 0.009092 0.002607 0.002308 0.000030 0.005605
 0.014165 0.000000 0.911011 0.000930 0.000716 0.035712 0.000031 0.001523 0.000171 0.003597 0.000192 0.001983 0.002479 0.005110 0.002739 0.009092 0.002607 0.002308 0.000030 0.005605

MOTIF 24-VSVTTI STREME-24
letter-probability matrix: alength= 20 w= 6 nsites= 69 E= 2.6e+000
 0.041968 0.000000 0.000063 0.000031 0.000024 0.001176 0.000001 0.000050 0.000006 0.000118 0.000006 0.000065 0.000082 0.000168 0.000090 0.000299 0.186954 0.768712 0.000001 0.000185
 0.166559 0.000000 0.000063 0.000031 0.000024 0.001176 0.000001 0.000050 0.000006 0.000118 0.000006 0.000065 0.000082 0.000168 0.000090 0.831213 0.000086 0.000076 0.000001 0.000185
 0.000466 0.000000 0.000063 0.000031 0.000024 0.001176 0.000001 0.000050 0.000006 0.000118 0.000006 0.000065 0.000082 0.000168 0.000090 0.000299 0.000086 0.997082 0.000001 0.000185
 0.166559 0.000000 0.000063 0.000031 0.000024 0.001176 0.000001 0.000050 0.000006 0.000118 0.000006 0.000065 0.000082 0.000168 0.000090 0.000299 0.830999 0.000076 0.000001 0.000185
 0.000466 0.000000 0.000063 0.000031 0.000024 0.146497 0.000001 0.000050 0.000006 0.000118 0.000006 0.000065 0.000082 0.000168 0.000090 0.000299 0.851771 0.000076 0.000001 0.000185
 0.187335 0.000000 0.000063 0.000031 0.000024 0.167269 0.000001 0.457273 0.000006 0.000118 0.000006 0.000065 0.000082 0.145489 0.000090 0.000299 0.020837 0.020827 0.000001 0.000185

********************************************************************************
Stopped because 3 consecutive motifs exceeded the p-value threshold (0.05).
********************************************************************************
COMMAND:	streme --protein --p ./Data/v0_cluster_windows_15mers/cluster_16.fasta --minw 3 --maxw 15 --thresh 0.05 --oc ./Results/v0_Parallel_Run_20250503_171149/streme_out_cluster_16
********************************************************************************
CPU:		Hirokis-MacBook-Air.local
********************************************************************************
FINALTIME:	63.60 seconds
********************************************************************************
