********************************************************************************
STREME - Sensitive, Thorough, Rapid, Enriched Motif Elicitation
********************************************************************************
MEME version 5.5.7 (Release date: Wed Jun 19 13:59:04 2024 -0700)

For further information on how to interpret these results please access https://meme-suite.org/meme.
To get a copy of the MEME Suite software please access https://meme-suite.org.

********************************************************************************


********************************************************************************
REFERENCE
********************************************************************************
If you use this program in your research, please cite:

Timothy L. Bailey,
"STREME: accurate and versatile sequence motif discovery",
Bioinformatics, Mar. 24, 2021.
********************************************************************************


ALPHABET= ACDEFGHIKLMNPQRSTVWY

strands: +

Background letter frequencies
A 0.155 C 6.79e-05 D 0.00686 E 0.0055 F 6.79e-05 G 0.461 H 6.79e-05 I 6.79e-05 K 6.79e-05 L 0.0177 M 6.79e-05 N 6.79e-05 P 0.167 Q 0.0884 R 0.00686 S 0.0408 T 0.0204 V 0.0177 W 0.0123 Y 6.79e-05 

MOTIF 1-GPGAGPG STREME-1
letter-probability matrix: alength= 20 w= 7 nsites= 49 S= 3.9e-029
 0.000502 0.000000 0.000022 0.000018 0.000000 0.953023 0.000000 0.000000 0.000000 0.045288 0.000000 0.000000 0.000541 0.000286 0.000022 0.000132 0.000066 0.000057 0.000040 0.000000
 0.000502 0.000000 0.000022 0.000018 0.000000 0.001492 0.000000 0.000000 0.000000 0.045288 0.000000 0.000000 0.573897 0.356014 0.000022 0.000132 0.022514 0.000057 0.000040 0.000000
 0.000502 0.000000 0.000022 0.000018 0.000000 0.998253 0.000000 0.000000 0.000000 0.000057 0.000000 0.000000 0.000541 0.000286 0.000022 0.000132 0.000066 0.000057 0.000040 0.000000
 0.997263 0.000000 0.000022 0.000018 0.000000 0.001492 0.000000 0.000000 0.000000 0.000057 0.000000 0.000000 0.000541 0.000286 0.000022 0.000132 0.000066 0.000057 0.000040 0.000000
 0.000502 0.000000 0.000022 0.000018 0.000000 0.998253 0.000000 0.000000 0.000000 0.000057 0.000000 0.000000 0.000541 0.000286 0.000022 0.000132 0.000066 0.000057 0.000040 0.000000
 0.022950 0.000000 0.000022 0.000018 0.000000 0.001492 0.000000 0.000000 0.000000 0.022844 0.000000 0.000000 0.681237 0.201696 0.000022 0.069554 0.000066 0.000057 0.000040 0.000000
 0.000502 0.000000 0.000022 0.000018 0.000000 0.975806 0.000000 0.000000 0.000000 0.000057 0.000000 0.000000 0.000541 0.000286 0.000022 0.022580 0.000066 0.000057 0.000040 0.000000

MOTIF 2-SGPGP STREME-2
letter-probability matrix: alength= 20 w= 5 nsites= 9 S= 1.3e-003
 0.002409 0.000001 0.000107 0.000086 0.000001 0.007161 0.000001 0.000001 0.000001 0.000276 0.000001 0.000001 0.002599 0.001374 0.000107 0.985090 0.000318 0.000276 0.000191 0.000001
 0.002409 0.000001 0.000107 0.000086 0.000001 0.991616 0.000001 0.000001 0.000001 0.000276 0.000001 0.000001 0.002599 0.001374 0.000107 0.000635 0.000318 0.000276 0.000191 0.000001
 0.002409 0.000001 0.000107 0.000086 0.000001 0.007161 0.000001 0.000001 0.000001 0.000276 0.000001 0.000001 0.443448 0.437235 0.000107 0.000635 0.108062 0.000276 0.000191 0.000001
 0.002409 0.000001 0.000107 0.000086 0.000001 0.991616 0.000001 0.000001 0.000001 0.000276 0.000001 0.000001 0.002599 0.001374 0.000107 0.000635 0.000318 0.000276 0.000191 0.000001
 0.002409 0.000001 0.000107 0.000086 0.000001 0.007161 0.000001 0.000001 0.000001 0.000276 0.000001 0.000001 0.879310 0.001374 0.000107 0.108379 0.000318 0.000276 0.000191 0.000001

MOTIF 3-WGQA STREME-3
letter-probability matrix: alength= 20 w= 4 nsites= 8 S= 2.9e-003
 0.014090 0.000006 0.000624 0.000500 0.000006 0.041878 0.000006 0.000006 0.000006 0.001612 0.000006 0.000006 0.015199 0.008034 0.000624 0.003711 0.001859 0.001612 0.910209 0.000006
 0.014090 0.000006 0.000624 0.000500 0.000006 0.950969 0.000006 0.000006 0.000006 0.001612 0.000006 0.000006 0.015199 0.008034 0.000624 0.003711 0.001859 0.001612 0.001118 0.000006
 0.014090 0.000006 0.000624 0.000500 0.000006 0.041878 0.000006 0.000006 0.000006 0.001612 0.000006 0.000006 0.015199 0.917125 0.000624 0.003711 0.001859 0.001612 0.001118 0.000006
 0.923181 0.000006 0.000624 0.000500 0.000006 0.041878 0.000006 0.000006 0.000006 0.001612 0.000006 0.000006 0.015199 0.008034 0.000624 0.003711 0.001859 0.001612 0.001118 0.000006

MOTIF 4-TGPG STREME-4
letter-probability matrix: alength= 20 w= 4 nsites= 6 S= 1.3e-002
 0.014090 0.000006 0.000624 0.000500 0.000006 0.041878 0.000006 0.000006 0.000006 0.001612 0.000006 0.000006 0.015199 0.008034 0.000624 0.003711 0.910950 0.001612 0.001118 0.000006
 0.014090 0.000006 0.000624 0.000500 0.000006 0.950969 0.000006 0.000006 0.000006 0.001612 0.000006 0.000006 0.015199 0.008034 0.000624 0.003711 0.001859 0.001612 0.001118 0.000006
 0.014090 0.000006 0.000624 0.000500 0.000006 0.041878 0.000006 0.000006 0.000006 0.001612 0.000006 0.000006 0.924290 0.008034 0.000624 0.003711 0.001859 0.001612 0.001118 0.000006
 0.014090 0.000006 0.000624 0.000500 0.000006 0.950969 0.000006 0.000006 0.000006 0.001612 0.000006 0.000006 0.015199 0.008034 0.000624 0.003711 0.001859 0.001612 0.001118 0.000006

MOTIF 5-AGPS STREME-5
letter-probability matrix: alength= 20 w= 4 nsites= 7 S= 3.0e-002
 0.443566 0.000002 0.000176 0.356612 0.000002 0.011845 0.000002 0.000002 0.000002 0.000456 0.000002 0.000002 0.004299 0.002272 0.000176 0.001050 0.000526 0.000456 0.178551 0.000002
 0.003985 0.000002 0.000176 0.000141 0.000002 0.986131 0.000002 0.000002 0.000002 0.000456 0.000002 0.000002 0.004299 0.002272 0.000176 0.001050 0.000526 0.000456 0.000316 0.000002
 0.003985 0.000002 0.000176 0.000141 0.000002 0.011845 0.000002 0.000002 0.000002 0.000456 0.000002 0.000002 0.978585 0.002272 0.000176 0.001050 0.000526 0.000456 0.000316 0.000002
 0.003985 0.000002 0.000176 0.000141 0.000002 0.190080 0.000002 0.000002 0.000002 0.000456 0.000002 0.000002 0.004299 0.002272 0.000176 0.797101 0.000526 0.000456 0.000316 0.000002

********************************************************************************
Stopped because maximum number of motifs (5) reached.
********************************************************************************
COMMAND:	streme --protein --p ./Data/v1_cluster_windows_15mers/cluster_1606.fasta --minw 3 --maxw 15 --thresh 0.05 --oc ./Results/v1_Top500_Run_20250504_162200/streme_out_cluster_1606
********************************************************************************
CPU:		Hirokis-MacBook-Air.local
********************************************************************************
FINALTIME:	0.23 seconds
********************************************************************************
