********************************************************************************
STREME - Sensitive, Thorough, Rapid, Enriched Motif Elicitation
********************************************************************************
MEME version 5.5.7 (Release date: Wed Jun 19 13:59:04 2024 -0700)

For further information on how to interpret these results please access https://meme-suite.org/meme.
To get a copy of the MEME Suite software please access https://meme-suite.org.

********************************************************************************


********************************************************************************
REFERENCE
********************************************************************************
If you use this program in your research, please cite:

Timothy L. Bailey,
"STREME: accurate and versatile sequence motif discovery",
Bioinformatics, Mar. 24, 2021.
********************************************************************************


ALPHABET= ACDEFGHIKLMNPQRSTVWY

strands: +

Background letter frequencies
A 0.101 C 6.05e-05 D 0.00127 E 6.05e-05 F 0.00732 G 0.0315 H 6.05e-05 I 0.0788 K 6.05e-05 L 0.16 M 0.00248 N 0.134 P 0.0751 Q 6.05e-05 R 6.05e-05 S 0.219 T 0.017 V 0.166 W 6.05e-05 Y 0.00611 

MOTIF 1-LNVAALPSVISNLVG STREME-1
letter-probability matrix: alength= 20 w= 15 nsites= 55 E= 1.6e-002
 0.009137 0.000006 0.000116 0.000006 0.000666 0.002867 0.000006 0.007160 0.000006 0.923628 0.000226 0.012219 0.006830 0.000006 0.000006 0.019929 0.001546 0.015083 0.000006 0.000556
 0.009137 0.000006 0.000116 0.000006 0.000666 0.002867 0.000006 0.007160 0.000006 0.014537 0.000226 0.921310 0.006830 0.000006 0.000006 0.019929 0.001546 0.015083 0.000006 0.000556
 0.009137 0.000006 0.000116 0.000006 0.000666 0.002867 0.000006 0.007160 0.000006 0.014537 0.000226 0.012219 0.006830 0.000006 0.000006 0.019929 0.001546 0.924174 0.000006 0.000556
 0.918228 0.000006 0.000116 0.000006 0.000666 0.002867 0.000006 0.007160 0.000006 0.014537 0.000226 0.012219 0.006830 0.000006 0.000006 0.019929 0.001546 0.015083 0.000006 0.000556
 0.918228 0.000006 0.000116 0.000006 0.000666 0.002867 0.000006 0.007160 0.000006 0.014537 0.000226 0.012219 0.006830 0.000006 0.000006 0.019929 0.001546 0.015083 0.000006 0.000556
 0.009137 0.000006 0.000116 0.000006 0.000666 0.002867 0.000006 0.007160 0.000006 0.923628 0.000226 0.012219 0.006830 0.000006 0.000006 0.019929 0.001546 0.015083 0.000006 0.000556
 0.009137 0.000006 0.000116 0.000006 0.000666 0.002867 0.000006 0.007160 0.000006 0.014537 0.000226 0.012219 0.915920 0.000006 0.000006 0.019929 0.001546 0.015083 0.000006 0.000556
 0.009137 0.000006 0.000116 0.000006 0.000666 0.002867 0.000006 0.007160 0.000006 0.014537 0.000226 0.012219 0.006830 0.000006 0.000006 0.929019 0.001546 0.015083 0.000006 0.000556
 0.009137 0.000006 0.000116 0.000006 0.000666 0.002867 0.000006 0.007160 0.000006 0.014537 0.000226 0.012219 0.006830 0.000006 0.000006 0.019929 0.001546 0.924174 0.000006 0.000556
 0.009137 0.000006 0.000116 0.000006 0.000666 0.002867 0.000006 0.916250 0.000006 0.014537 0.000226 0.012219 0.006830 0.000006 0.000006 0.019929 0.001546 0.015083 0.000006 0.000556
 0.009137 0.000006 0.000116 0.000006 0.000666 0.002867 0.000006 0.007160 0.000006 0.014537 0.000226 0.012219 0.006830 0.000006 0.000006 0.929019 0.001546 0.015083 0.000006 0.000556
 0.009137 0.000006 0.000116 0.000006 0.000666 0.002867 0.000006 0.007160 0.000006 0.014537 0.000226 0.921310 0.006830 0.000006 0.000006 0.019929 0.001546 0.015083 0.000006 0.000556
 0.009137 0.000006 0.000116 0.000006 0.000666 0.002867 0.000006 0.007160 0.000006 0.923628 0.000226 0.012219 0.006830 0.000006 0.000006 0.019929 0.001546 0.015083 0.000006 0.000556
 0.009137 0.000006 0.000116 0.000006 0.000666 0.002867 0.000006 0.007160 0.000006 0.014537 0.000226 0.012219 0.006830 0.000006 0.000006 0.019929 0.001546 0.924174 0.000006 0.000556
 0.009137 0.000006 0.000116 0.000006 0.000666 0.911958 0.000006 0.007160 0.000006 0.014537 0.000226 0.012219 0.006830 0.000006 0.000006 0.019929 0.001546 0.015083 0.000006 0.000556

MOTIF 2-TSV STREME-2
letter-probability matrix: alength= 20 w= 3 nsites= 5 E= 4.0e+000
 0.009137 0.000006 0.000116 0.000006 0.000666 0.002867 0.000006 0.007160 0.000006 0.014537 0.000226 0.012219 0.006830 0.000006 0.000006 0.019929 0.910637 0.015083 0.000006 0.000556
 0.009137 0.000006 0.000116 0.000006 0.000666 0.002867 0.000006 0.007160 0.000006 0.014537 0.000226 0.012219 0.006830 0.000006 0.000006 0.929019 0.001546 0.015083 0.000006 0.000556
 0.009137 0.000006 0.000116 0.000006 0.000666 0.002867 0.000006 0.007160 0.000006 0.014537 0.000226 0.012219 0.006830 0.000006 0.000006 0.019929 0.001546 0.924174 0.000006 0.000556

MOTIF 3-FSPS STREME-3
letter-probability matrix: alength= 20 w= 4 nsites= 1 E= 4.0e+000
 0.009137 0.000006 0.000116 0.000006 0.909757 0.002867 0.000006 0.007160 0.000006 0.014537 0.000226 0.012219 0.006830 0.000006 0.000006 0.019929 0.001546 0.015083 0.000006 0.000556
 0.009137 0.000006 0.000116 0.000006 0.000666 0.002867 0.000006 0.007160 0.000006 0.014537 0.000226 0.012219 0.006830 0.000006 0.000006 0.929019 0.001546 0.015083 0.000006 0.000556
 0.009137 0.000006 0.000116 0.000006 0.000666 0.002867 0.000006 0.007160 0.000006 0.014537 0.000226 0.012219 0.915920 0.000006 0.000006 0.019929 0.001546 0.015083 0.000006 0.000556
 0.009137 0.000006 0.000116 0.000006 0.000666 0.002867 0.000006 0.007160 0.000006 0.014537 0.000226 0.012219 0.006830 0.000006 0.000006 0.929019 0.001546 0.015083 0.000006 0.000556

MOTIF 4-ILS STREME-4
letter-probability matrix: alength= 20 w= 3 nsites= 1 E= 4.0e+000
 0.009137 0.000006 0.000116 0.000006 0.000666 0.002867 0.000006 0.916250 0.000006 0.014537 0.000226 0.012219 0.006830 0.000006 0.000006 0.019929 0.001546 0.015083 0.000006 0.000556
 0.009137 0.000006 0.000116 0.000006 0.000666 0.002867 0.000006 0.007160 0.000006 0.923628 0.000226 0.012219 0.006830 0.000006 0.000006 0.019929 0.001546 0.015083 0.000006 0.000556
 0.009137 0.000006 0.000116 0.000006 0.000666 0.002867 0.000006 0.007160 0.000006 0.014537 0.000226 0.012219 0.006830 0.000006 0.000006 0.929019 0.001546 0.015083 0.000006 0.000556

********************************************************************************
Stopped because 3 consecutive motifs exceeded the p-value threshold (0.05).
********************************************************************************
COMMAND:	streme --protein --p ./Data/v1_cluster_windows_15mers/cluster_21339.fasta --minw 3 --maxw 15 --thresh 0.05 --oc ./Results/v1_Top500_Run_20250504_162200/streme_out_cluster_21339
********************************************************************************
CPU:		Hirokis-MacBook-Air.local
********************************************************************************
FINALTIME:	0.15 seconds
********************************************************************************
