********************************************************************************
STREME - Sensitive, Thorough, Rapid, Enriched Motif Elicitation
********************************************************************************
MEME version 5.5.7 (Release date: Wed Jun 19 13:59:04 2024 -0700)

For further information on how to interpret these results please access https://meme-suite.org/meme.
To get a copy of the MEME Suite software please access https://meme-suite.org.

********************************************************************************


********************************************************************************
REFERENCE
********************************************************************************
If you use this program in your research, please cite:

Timothy L. Bailey,
"STREME: accurate and versatile sequence motif discovery",
Bioinformatics, Mar. 24, 2021.
********************************************************************************


ALPHABET= ACDEFGHIKLMNPQRSTVWY

strands: +

Background letter frequencies
A 0.159 C 5.05e-05 D 5.05e-05 E 5.05e-05 F 0.00106 G 0.21 H 5.05e-05 I 0.00106 K 5.05e-05 L 0.132 M 5.05e-05 N 0.0667 P 0.00207 Q 0.0051 R 0.00106 S 0.326 T 0.0414 V 0.0545 W 5.05e-05 Y 5.05e-05 

MOTIF 1-STLVSSGGANSGALS STREME-1
letter-probability matrix: alength= 20 w= 15 nsites= 66 E= 1.1e-003
 0.014410 0.000005 0.000005 0.000005 0.000096 0.019083 0.000005 0.000096 0.000005 0.012019 0.000005 0.006059 0.000188 0.000463 0.000096 0.938728 0.003766 0.004958 0.000005 0.000005
 0.014410 0.000005 0.000005 0.000005 0.000096 0.019083 0.000005 0.000096 0.000005 0.012019 0.000005 0.006059 0.000188 0.000463 0.000096 0.029638 0.912857 0.004958 0.000005 0.000005
 0.014410 0.000005 0.000005 0.000005 0.000096 0.019083 0.000005 0.000096 0.000005 0.921110 0.000005 0.006059 0.000188 0.000463 0.000096 0.029638 0.003766 0.004958 0.000005 0.000005
 0.014410 0.000005 0.000005 0.000005 0.000096 0.019083 0.000005 0.000096 0.000005 0.012019 0.000005 0.006059 0.000188 0.000463 0.000096 0.029638 0.003766 0.914049 0.000005 0.000005
 0.014410 0.000005 0.000005 0.000005 0.000096 0.019083 0.000005 0.000096 0.000005 0.012019 0.000005 0.006059 0.000188 0.000463 0.000096 0.938728 0.003766 0.004958 0.000005 0.000005
 0.014410 0.000005 0.000005 0.000005 0.000096 0.019083 0.000005 0.000096 0.000005 0.012019 0.000005 0.006059 0.000188 0.000463 0.000096 0.938728 0.003766 0.004958 0.000005 0.000005
 0.014410 0.000005 0.000005 0.000005 0.000096 0.928174 0.000005 0.000096 0.000005 0.012019 0.000005 0.006059 0.000188 0.000463 0.000096 0.029638 0.003766 0.004958 0.000005 0.000005
 0.014410 0.000005 0.000005 0.000005 0.000096 0.928174 0.000005 0.000096 0.000005 0.012019 0.000005 0.006059 0.000188 0.000463 0.000096 0.029638 0.003766 0.004958 0.000005 0.000005
 0.923501 0.000005 0.000005 0.000005 0.000096 0.019083 0.000005 0.000096 0.000005 0.012019 0.000005 0.006059 0.000188 0.000463 0.000096 0.029638 0.003766 0.004958 0.000005 0.000005
 0.014410 0.000005 0.000005 0.000005 0.000096 0.019083 0.000005 0.000096 0.000005 0.012019 0.000005 0.915150 0.000188 0.000463 0.000096 0.029638 0.003766 0.004958 0.000005 0.000005
 0.014410 0.000005 0.000005 0.000005 0.000096 0.019083 0.000005 0.000096 0.000005 0.012019 0.000005 0.006059 0.000188 0.000463 0.000096 0.938728 0.003766 0.004958 0.000005 0.000005
 0.014410 0.000005 0.000005 0.000005 0.000096 0.928174 0.000005 0.000096 0.000005 0.012019 0.000005 0.006059 0.000188 0.000463 0.000096 0.029638 0.003766 0.004958 0.000005 0.000005
 0.923501 0.000005 0.000005 0.000005 0.000096 0.019083 0.000005 0.000096 0.000005 0.012019 0.000005 0.006059 0.000188 0.000463 0.000096 0.029638 0.003766 0.004958 0.000005 0.000005
 0.014410 0.000005 0.000005 0.000005 0.000096 0.019083 0.000005 0.000096 0.000005 0.921110 0.000005 0.006059 0.000188 0.000463 0.000096 0.029638 0.003766 0.004958 0.000005 0.000005
 0.014410 0.000005 0.000005 0.000005 0.000096 0.019083 0.000005 0.000096 0.000005 0.012019 0.000005 0.006059 0.000188 0.000463 0.000096 0.938728 0.003766 0.004958 0.000005 0.000005

********************************************************************************
Stopped because the next motif had no positive sites with scores > 0.
********************************************************************************
COMMAND:	streme --protein --p ./Data/v1_cluster_windows_15mers/cluster_15294.fasta --minw 3 --maxw 15 --thresh 0.05 --oc ./Results/v1_Top500_Run_20250504_162200/streme_out_cluster_15294
********************************************************************************
CPU:		Hirokis-MacBook-Air.local
********************************************************************************
FINALTIME:	0.14 seconds
********************************************************************************
