********************************************************************************
STREME - Sensitive, Thorough, Rapid, Enriched Motif Elicitation
********************************************************************************
MEME version 5.5.7 (Release date: Wed Jun 19 13:59:04 2024 -0700)

For further information on how to interpret these results please access https://meme-suite.org/meme.
To get a copy of the MEME Suite software please access https://meme-suite.org.

********************************************************************************


********************************************************************************
REFERENCE
********************************************************************************
If you use this program in your research, please cite:

Timothy L. Bailey,
"STREME: accurate and versatile sequence motif discovery",
Bioinformatics, Mar. 24, 2021.
********************************************************************************


ALPHABET= ACDEFGHIKLMNPQRSTVWY

strands: +

Background letter frequencies
A 0.044 C 7.56e-05 D 0.00461 E 7.56e-05 F 0.00461 G 0.0803 H 0.00159 I 0.0424 K 7.56e-05 L 0.142 M 7.56e-05 N 0.126 P 0.0666 Q 0.0682 R 0.0576 S 0.195 T 0.0258 V 0.141 W 7.56e-05 Y 7.56e-05 

MOTIF 1-VSTLVQNGRPNLSSL STREME-1
letter-probability matrix: alength= 20 w= 15 nsites= 44 S= 3.8e-026
 0.003996 0.000007 0.000419 0.000007 0.000419 0.007297 0.000144 0.003858 0.000007 0.012937 0.000007 0.011419 0.006058 0.006196 0.005233 0.017746 0.002345 0.921891 0.000007 0.000007
 0.003996 0.000007 0.000419 0.000007 0.000419 0.007297 0.000144 0.003858 0.000007 0.012937 0.000007 0.011419 0.006058 0.006196 0.005233 0.926837 0.002345 0.012801 0.000007 0.000007
 0.003996 0.000007 0.000419 0.000007 0.000419 0.007297 0.000144 0.003858 0.000007 0.012937 0.000007 0.011419 0.006058 0.006196 0.005233 0.017746 0.911436 0.012801 0.000007 0.000007
 0.003996 0.000007 0.000419 0.000007 0.000419 0.007297 0.000144 0.003858 0.000007 0.922028 0.000007 0.011419 0.006058 0.006196 0.005233 0.017746 0.002345 0.012801 0.000007 0.000007
 0.003996 0.000007 0.000419 0.000007 0.000419 0.007297 0.000144 0.003858 0.000007 0.012937 0.000007 0.011419 0.006058 0.006196 0.005233 0.017746 0.002345 0.921891 0.000007 0.000007
 0.003996 0.000007 0.000419 0.000007 0.000419 0.007297 0.000144 0.003858 0.000007 0.012937 0.000007 0.011419 0.006058 0.915287 0.005233 0.017746 0.002345 0.012801 0.000007 0.000007
 0.003996 0.000007 0.000419 0.000007 0.000419 0.007297 0.000144 0.003858 0.000007 0.012937 0.000007 0.920510 0.006058 0.006196 0.005233 0.017746 0.002345 0.012801 0.000007 0.000007
 0.003996 0.000007 0.000419 0.000007 0.000419 0.916388 0.000144 0.003858 0.000007 0.012937 0.000007 0.011419 0.006058 0.006196 0.005233 0.017746 0.002345 0.012801 0.000007 0.000007
 0.003996 0.000007 0.000419 0.000007 0.000419 0.007297 0.000144 0.003858 0.000007 0.012937 0.000007 0.011419 0.006058 0.006196 0.914324 0.017746 0.002345 0.012801 0.000007 0.000007
 0.003996 0.000007 0.000419 0.000007 0.000419 0.007297 0.000144 0.003858 0.000007 0.012937 0.000007 0.011419 0.915149 0.006196 0.005233 0.017746 0.002345 0.012801 0.000007 0.000007
 0.003996 0.000007 0.000419 0.000007 0.000419 0.007297 0.000144 0.003858 0.000007 0.012937 0.000007 0.920510 0.006058 0.006196 0.005233 0.017746 0.002345 0.012801 0.000007 0.000007
 0.003996 0.000007 0.000419 0.000007 0.000419 0.007297 0.000144 0.003858 0.000007 0.922028 0.000007 0.011419 0.006058 0.006196 0.005233 0.017746 0.002345 0.012801 0.000007 0.000007
 0.003996 0.000007 0.000419 0.000007 0.000419 0.007297 0.000144 0.003858 0.000007 0.012937 0.000007 0.011419 0.006058 0.006196 0.005233 0.926837 0.002345 0.012801 0.000007 0.000007
 0.003996 0.000007 0.000419 0.000007 0.000419 0.007297 0.000144 0.003858 0.000007 0.012937 0.000007 0.011419 0.006058 0.006196 0.005233 0.926837 0.002345 0.012801 0.000007 0.000007
 0.003996 0.000007 0.000419 0.000007 0.000419 0.007297 0.000144 0.003858 0.000007 0.922028 0.000007 0.011419 0.006058 0.006196 0.005233 0.017746 0.002345 0.012801 0.000007 0.000007

********************************************************************************
Stopped because the next motif had no positive sites with scores > 0.
********************************************************************************
COMMAND:	streme --protein --p ./Data/v1_cluster_windows_15mers/cluster_9305.fasta --minw 3 --maxw 15 --thresh 0.05 --oc ./Results/v1_Top500_Run_20250504_162200/streme_out_cluster_9305
********************************************************************************
CPU:		Hirokis-MacBook-Air.local
********************************************************************************
FINALTIME:	0.13 seconds
********************************************************************************
