********************************************************************************
STREME - Sensitive, Thorough, Rapid, Enriched Motif Elicitation
********************************************************************************
MEME version 5.5.7 (Release date: Wed Jun 19 13:59:04 2024 -0700)

For further information on how to interpret these results please access https://meme-suite.org/meme.
To get a copy of the MEME Suite software please access https://meme-suite.org.

********************************************************************************


********************************************************************************
REFERENCE
********************************************************************************
If you use this program in your research, please cite:

Timothy L. Bailey,
"STREME: accurate and versatile sequence motif discovery",
Bioinformatics, Mar. 24, 2021.
********************************************************************************


ALPHABET= ACDEFGHIKLMNPQRSTVWY

strands: +

Background letter frequencies
A 0.0998 C 0.000366 D 0.00386 E 0.00386 F 0.00455 G 0.258 H 1.75e-05 I 0.119 K 1.75e-05 L 0.0698 M 0.000366 N 0.0597 P 0.00316 Q 0.0653 R 0.00106 S 0.167 T 0.00351 V 0.00979 W 1.75e-05 Y 0.131 

MOTIF 1-SAIAIS STREME-1
letter-probability matrix: alength= 20 w= 6 nsites= 187 E= 1.7e-010
 0.000079 0.000000 0.000003 0.000003 0.000004 0.000203 0.000000 0.000094 0.000000 0.000055 0.000000 0.000047 0.010934 0.000051 0.000001 0.988413 0.000003 0.000008 0.000000 0.000103
 0.765234 0.000000 0.000003 0.000003 0.000004 0.000203 0.000000 0.000094 0.000000 0.000055 0.000000 0.000047 0.000002 0.000051 0.000001 0.217804 0.016388 0.000008 0.000000 0.000103
 0.000079 0.000000 0.000003 0.000003 0.000004 0.000203 0.000000 0.966421 0.000000 0.000055 0.000000 0.000047 0.000002 0.000051 0.000001 0.000131 0.000003 0.032894 0.000000 0.000103
 0.786073 0.000000 0.005457 0.000003 0.000004 0.000203 0.000000 0.000094 0.000000 0.000055 0.000000 0.000047 0.000002 0.000051 0.000001 0.207897 0.000003 0.000008 0.000000 0.000103
 0.000079 0.000000 0.000003 0.000003 0.010935 0.000203 0.000000 0.950105 0.000000 0.016440 0.005454 0.000047 0.000002 0.000051 0.000001 0.000131 0.000003 0.016439 0.000000 0.000103
 0.000079 0.000000 0.000003 0.000003 0.000004 0.000203 0.000000 0.000094 0.000000 0.000055 0.000000 0.000047 0.000002 0.000051 0.000001 0.999345 0.000003 0.000008 0.000000 0.000103

MOTIF 2-LGYGQN STREME-2
letter-probability matrix: alength= 20 w= 6 nsites= 191 E= 3.4e-009
 0.000060 0.000000 0.000002 0.000002 0.025280 0.000155 0.000000 0.000072 0.000000 0.974164 0.000000 0.000036 0.000002 0.000039 0.000001 0.000100 0.000002 0.000006 0.000000 0.000078
 0.000060 0.000000 0.000002 0.000002 0.000003 0.999554 0.000000 0.000072 0.000000 0.000042 0.000000 0.000036 0.000002 0.000039 0.000001 0.000100 0.000002 0.000006 0.000000 0.000078
 0.000060 0.000000 0.000002 0.000002 0.004171 0.000155 0.000000 0.000072 0.000000 0.000042 0.000000 0.000036 0.000002 0.000039 0.000001 0.004269 0.000002 0.000006 0.000000 0.991140
 0.004228 0.000000 0.020950 0.000002 0.000003 0.970269 0.000000 0.000072 0.000000 0.000042 0.000000 0.000036 0.000002 0.000039 0.000001 0.004269 0.000002 0.000006 0.000000 0.000078
 0.000060 0.000000 0.000002 0.012525 0.000003 0.008510 0.000000 0.000072 0.000000 0.008396 0.000000 0.000036 0.004170 0.957684 0.000001 0.000100 0.008356 0.000006 0.000000 0.000078
 0.000060 0.000000 0.000002 0.000002 0.000003 0.042485 0.000000 0.000072 0.000000 0.000042 0.000000 0.919502 0.000002 0.008394 0.000001 0.016827 0.012525 0.000006 0.000000 0.000078

MOTIF 3-GYG STREME-3
letter-probability matrix: alength= 20 w= 3 nsites= 124 E= 1.9e-003
 0.000178 0.000001 0.000007 0.087702 0.000008 0.910968 0.000000 0.000212 0.000000 0.000125 0.000001 0.000107 0.000006 0.000116 0.000002 0.000312 0.000006 0.000017 0.000000 0.000233
 0.000178 0.000001 0.000007 0.000007 0.000008 0.000461 0.000000 0.000212 0.000000 0.000125 0.000001 0.000107 0.000006 0.000116 0.000002 0.000298 0.000006 0.000017 0.000000 0.998448
 0.000178 0.000001 0.000007 0.000007 0.000008 0.998676 0.000000 0.000212 0.000000 0.000125 0.000001 0.000107 0.000006 0.000116 0.000002 0.000298 0.000006 0.000017 0.000000 0.000233

MOTIF 4-GGY STREME-4
letter-probability matrix: alength= 20 w= 3 nsites= 44 E= 3.2e-001
 0.009074 0.000033 0.000351 0.000351 0.000414 0.932565 0.000002 0.010819 0.000002 0.006346 0.000033 0.005426 0.000287 0.005934 0.000097 0.015192 0.000319 0.000890 0.000002 0.011865
 0.009074 0.000033 0.000351 0.000351 0.000414 0.932565 0.000002 0.010819 0.000002 0.006346 0.000033 0.005426 0.000287 0.005934 0.000097 0.015192 0.000319 0.000890 0.000002 0.011865
 0.009074 0.000033 0.000351 0.000351 0.000414 0.023474 0.000002 0.010819 0.000002 0.006346 0.000033 0.005426 0.000287 0.005934 0.000097 0.015192 0.000319 0.000890 0.000002 0.920955

MOTIF 5-GYR STREME-5
letter-probability matrix: alength= 20 w= 3 nsites= 3 E= 6.0e+000
 0.009074 0.000033 0.000351 0.000351 0.000414 0.932565 0.000002 0.010819 0.000002 0.006346 0.000033 0.005426 0.000287 0.005934 0.000097 0.015192 0.000319 0.000890 0.000002 0.011865
 0.009074 0.000033 0.000351 0.000351 0.000414 0.023474 0.000002 0.010819 0.000002 0.006346 0.000033 0.005426 0.000287 0.005934 0.000097 0.015192 0.000319 0.000890 0.000002 0.920955
 0.009074 0.000033 0.000351 0.000351 0.000414 0.023474 0.000002 0.010819 0.000002 0.006346 0.000033 0.005426 0.000287 0.005934 0.909188 0.015192 0.000319 0.000890 0.000002 0.011865

MOTIF 6-SSISFP STREME-6
letter-probability matrix: alength= 20 w= 6 nsites= 2 E= 6.0e+000
 0.009074 0.000033 0.000351 0.000351 0.000414 0.023474 0.000002 0.010819 0.000002 0.006346 0.000033 0.005426 0.000287 0.005934 0.000097 0.924283 0.000319 0.000890 0.000002 0.011865
 0.009074 0.000033 0.000351 0.000351 0.000414 0.023474 0.000002 0.010819 0.000002 0.006346 0.000033 0.005426 0.000287 0.005934 0.000097 0.924283 0.000319 0.000890 0.000002 0.011865
 0.009074 0.000033 0.000351 0.000351 0.000414 0.023474 0.000002 0.919910 0.000002 0.006346 0.000033 0.005426 0.000287 0.005934 0.000097 0.015192 0.000319 0.000890 0.000002 0.011865
 0.009074 0.000033 0.000351 0.000351 0.000414 0.023474 0.000002 0.010819 0.000002 0.006346 0.000033 0.005426 0.000287 0.005934 0.000097 0.924283 0.000319 0.000890 0.000002 0.011865
 0.009074 0.000033 0.000351 0.000351 0.909505 0.023474 0.000002 0.010819 0.000002 0.006346 0.000033 0.005426 0.000287 0.005934 0.000097 0.015192 0.000319 0.000890 0.000002 0.011865
 0.009074 0.000033 0.000351 0.000351 0.000414 0.023474 0.000002 0.010819 0.000002 0.006346 0.000033 0.005426 0.909378 0.005934 0.000097 0.015192 0.000319 0.000890 0.000002 0.011865

********************************************************************************
Stopped because 3 consecutive motifs exceeded the p-value threshold (0.05).
********************************************************************************
COMMAND:	streme --protein --p ./Data/v1_cluster_windows_15mers/cluster_5059.fasta --minw 3 --maxw 15 --thresh 0.05 --oc ./Results/v1_Top500_Run_20250504_162200/streme_out_cluster_5059
********************************************************************************
CPU:		Hirokis-MacBook-Air.local
********************************************************************************
FINALTIME:	0.42 seconds
********************************************************************************
