********************************************************************************
STREME - Sensitive, Thorough, Rapid, Enriched Motif Elicitation
********************************************************************************
MEME version 5.5.7 (Release date: Wed Jun 19 13:59:04 2024 -0700)

For further information on how to interpret these results please access https://meme-suite.org/meme.
To get a copy of the MEME Suite software please access https://meme-suite.org.

********************************************************************************


********************************************************************************
REFERENCE
********************************************************************************
If you use this program in your research, please cite:

Timothy L. Bailey,
"STREME: accurate and versatile sequence motif discovery",
Bioinformatics, Mar. 24, 2021.
********************************************************************************


ALPHABET= ACDEFGHIKLMNPQRSTVWY

strands: +

Background letter frequencies
A 0.114 C 0.0127 D 0.0272 E 0.0289 F 0.0111 G 0.0784 H 0.00917 I 0.0534 K 0.00261 L 0.107 M 0.0154 N 0.0794 P 0.0304 Q 0.0425 R 0.0172 S 0.201 T 0.0345 V 0.117 W 0.000208 Y 0.0193 

MOTIF 1-VLVQAL STREME-1
letter-probability matrix: alength= 20 w= 6 nsites= 1863 E= 3.2e-051
 0.171171 0.000001 0.000002 0.000003 0.000001 0.000007 0.000001 0.109984 0.000000 0.043902 0.000001 0.003663 0.000003 0.000004 0.000002 0.009771 0.014022 0.647461 0.000000 0.000002
 0.003666 0.000001 0.000002 0.000003 0.001829 0.000007 0.000001 0.040258 0.000000 0.802322 0.082977 0.000007 0.000003 0.000004 0.001830 0.014041 0.012193 0.020126 0.000000 0.020731
 0.002861 0.000001 0.000002 0.003050 0.000001 0.014029 0.000001 0.141519 0.000000 0.022286 0.000001 0.005492 0.000003 0.000004 0.000002 0.001236 0.001222 0.808288 0.000000 0.000002
 0.000010 0.000001 0.000002 0.026365 0.000001 0.000007 0.160713 0.000005 0.003657 0.000009 0.000001 0.000007 0.000003 0.809184 0.000002 0.000018 0.000003 0.000010 0.000000 0.000002
 0.446303 0.000001 0.002440 0.000003 0.000001 0.004883 0.000001 0.132667 0.000000 0.000009 0.000001 0.000007 0.000003 0.000004 0.000002 0.030196 0.135273 0.248205 0.000000 0.000002
 0.000010 0.000001 0.000002 0.000003 0.000001 0.000007 0.000001 0.000005 0.000000 0.999921 0.000001 0.000007 0.000003 0.000004 0.000002 0.000018 0.000003 0.000010 0.000000 0.000002

MOTIF 2-PGLSGCD STREME-2
letter-probability matrix: alength= 20 w= 7 nsites= 1389 E= 2.0e-041
 0.009458 0.000001 0.003152 0.000003 0.000001 0.000009 0.000001 0.000006 0.000000 0.008671 0.000002 0.004732 0.884926 0.004728 0.000002 0.073269 0.011024 0.000013 0.000000 0.000002
 0.014181 0.000001 0.018119 0.010236 0.000001 0.905407 0.000001 0.000006 0.000000 0.000012 0.000002 0.026790 0.001578 0.000005 0.000002 0.014193 0.004727 0.004737 0.000000 0.000002
 0.179637 0.000001 0.000003 0.000003 0.000001 0.000009 0.000001 0.023620 0.000000 0.737616 0.017323 0.000009 0.000003 0.000005 0.003938 0.007107 0.002365 0.026781 0.000000 0.001576
 0.008671 0.000001 0.000003 0.000003 0.000001 0.003157 0.000001 0.000006 0.000000 0.000012 0.000002 0.019700 0.009449 0.000005 0.000002 0.955029 0.003939 0.000013 0.000000 0.000002
 0.009459 0.000001 0.101592 0.156774 0.000001 0.579334 0.000001 0.000006 0.004724 0.000012 0.002363 0.020476 0.000003 0.039380 0.010237 0.070106 0.005514 0.000013 0.000000 0.000002
 0.002374 0.966825 0.000003 0.000003 0.000001 0.004732 0.000001 0.000006 0.000000 0.000012 0.000002 0.001583 0.000003 0.000005 0.000002 0.018918 0.000004 0.000013 0.000000 0.005512
 0.002374 0.000001 0.559370 0.425568 0.000001 0.000009 0.000001 0.000006 0.000000 0.000012 0.000002 0.000009 0.000003 0.007089 0.000002 0.000023 0.000004 0.000013 0.000000 0.005512

MOTIF 3-SIGQVN STREME-3
letter-probability matrix: alength= 20 w= 6 nsites= 1194 E= 2.6e-039
 0.000016 0.000002 0.010533 0.009575 0.000002 0.000011 0.000001 0.000007 0.000000 0.000015 0.000002 0.349906 0.000004 0.015317 0.011486 0.552354 0.050750 0.000016 0.000000 0.000003
 0.000016 0.000002 0.000004 0.000004 0.007657 0.055553 0.000001 0.437214 0.000000 0.042129 0.000002 0.114084 0.000004 0.000006 0.000002 0.071899 0.000005 0.269501 0.000000 0.001917
 0.000016 0.000002 0.000004 0.000004 0.000002 0.999873 0.000001 0.000007 0.000000 0.000015 0.000002 0.000011 0.000004 0.000006 0.000002 0.000028 0.000005 0.000016 0.000000 0.000003
 0.015328 0.000002 0.000004 0.094843 0.000002 0.034484 0.000001 0.000007 0.000000 0.000015 0.000002 0.198252 0.163851 0.336703 0.000002 0.025879 0.000005 0.011500 0.000000 0.119119
 0.000016 0.000002 0.000004 0.000004 0.000002 0.000011 0.000001 0.202112 0.000000 0.036396 0.000002 0.000011 0.000004 0.000006 0.000002 0.000028 0.128443 0.632955 0.000000 0.000003
 0.000016 0.000002 0.243504 0.001918 0.000002 0.024902 0.000001 0.000007 0.000000 0.000015 0.000002 0.719997 0.000004 0.000006 0.000002 0.009598 0.000005 0.000016 0.000000 0.000003

MOTIF 4-EVVS STREME-4
letter-probability matrix: alength= 20 w= 4 nsites= 1501 E= 1.2e-026
 0.000018 0.000002 0.014283 0.662230 0.000002 0.043698 0.000001 0.000008 0.000000 0.000017 0.000002 0.279667 0.000005 0.000007 0.000003 0.000031 0.000005 0.000018 0.000000 0.000003
 0.000018 0.000002 0.000004 0.000005 0.000002 0.000012 0.000001 0.262402 0.000000 0.140128 0.000002 0.000012 0.000005 0.000007 0.000003 0.000031 0.084486 0.512877 0.000000 0.000003
 0.000018 0.000002 0.000004 0.000005 0.000002 0.014969 0.000001 0.414210 0.000000 0.000017 0.000002 0.000012 0.000005 0.000007 0.000003 0.000031 0.009643 0.561067 0.000000 0.000003
 0.072778 0.000002 0.000004 0.000005 0.000002 0.000012 0.000001 0.000008 0.000000 0.000017 0.000002 0.000012 0.000005 0.000007 0.000003 0.898821 0.028300 0.000018 0.000000 0.000003

MOTIF 5-RLSS STREME-5
letter-probability matrix: alength= 20 w= 4 nsites= 930 E= 5.4e-016
 0.000024 0.000003 0.000006 0.000006 0.000002 0.000017 0.000002 0.000011 0.000001 0.000023 0.000003 0.000017 0.000007 0.000009 0.999789 0.000043 0.000007 0.000025 0.000000 0.000004
 0.000024 0.000003 0.000006 0.000006 0.000002 0.000017 0.000002 0.069809 0.002973 0.394210 0.125081 0.000017 0.000007 0.000009 0.000004 0.000043 0.000007 0.384325 0.000000 0.023454
 0.024488 0.000003 0.000006 0.000006 0.000002 0.000017 0.000002 0.000011 0.000001 0.000023 0.000003 0.026479 0.000007 0.000009 0.000004 0.932023 0.016887 0.000025 0.000000 0.000004
 0.000024 0.000003 0.000006 0.000006 0.000002 0.000017 0.000002 0.000011 0.000001 0.010428 0.000003 0.072056 0.000007 0.008928 0.000004 0.854493 0.053980 0.000025 0.000000 0.000004

MOTIF 6-NVAALP STREME-6
letter-probability matrix: alength= 20 w= 6 nsites= 547 E= 3.2e-014
 0.000034 0.000004 0.000008 0.000009 0.000003 0.034906 0.012314 0.000016 0.000001 0.000032 0.000005 0.952533 0.000009 0.000013 0.000005 0.000059 0.000010 0.000035 0.000000 0.000006
 0.178243 0.000004 0.000008 0.000009 0.000003 0.000023 0.000003 0.097337 0.000001 0.132255 0.053358 0.000024 0.075959 0.000013 0.000005 0.081979 0.036525 0.344249 0.000000 0.000006
 0.284834 0.000004 0.108803 0.000009 0.000003 0.199638 0.000003 0.000016 0.000001 0.000032 0.000005 0.281324 0.000009 0.000013 0.006161 0.119098 0.000010 0.000035 0.000000 0.000006
 0.559471 0.000004 0.000008 0.000009 0.000003 0.000023 0.000003 0.000016 0.000001 0.014395 0.000005 0.064495 0.000009 0.000013 0.000005 0.355336 0.006165 0.000035 0.000000 0.000006
 0.000034 0.000004 0.000008 0.000009 0.000003 0.000023 0.000003 0.000016 0.000001 0.999736 0.000005 0.000024 0.000009 0.000013 0.000005 0.000059 0.000010 0.000035 0.000000 0.000006
 0.039030 0.000004 0.000008 0.000009 0.000003 0.000023 0.000003 0.000016 0.000001 0.000032 0.000005 0.000024 0.540322 0.006168 0.004109 0.410196 0.000010 0.000035 0.000000 0.000006

MOTIF 7-VHILSSA STREME-7
letter-probability matrix: alength= 20 w= 7 nsites= 228 E= 2.7e-008
 0.015143 0.000009 0.000020 0.000021 0.005028 0.000057 0.000007 0.145657 0.000002 0.210978 0.005031 0.000058 0.000022 0.000031 0.000012 0.005165 0.015086 0.597659 0.000000 0.000014
 0.005103 0.000009 0.000020 0.000021 0.000008 0.000057 0.858688 0.000039 0.000002 0.000077 0.000011 0.020139 0.000022 0.115523 0.000012 0.000145 0.000025 0.000085 0.000000 0.000014
 0.000082 0.000009 0.000020 0.000021 0.010049 0.000057 0.000007 0.728204 0.000002 0.120572 0.020092 0.000058 0.000022 0.000031 0.000012 0.000145 0.000025 0.120578 0.000000 0.000014
 0.000082 0.000009 0.000020 0.000021 0.000008 0.000057 0.000007 0.130594 0.000002 0.733227 0.005031 0.000058 0.000022 0.000031 0.000012 0.000145 0.000025 0.130635 0.000000 0.000014
 0.015143 0.000009 0.000020 0.000021 0.000008 0.311399 0.000007 0.000039 0.000002 0.000077 0.000011 0.120561 0.000022 0.000031 0.000012 0.552514 0.000025 0.000085 0.000000 0.000014
 0.015143 0.020091 0.000020 0.000021 0.000008 0.005077 0.000007 0.000039 0.000002 0.000077 0.000011 0.190861 0.005042 0.000031 0.000012 0.698168 0.025127 0.010125 0.000000 0.030137
 0.557488 0.005029 0.000020 0.000021 0.000008 0.000057 0.000007 0.000039 0.000002 0.000077 0.000011 0.000058 0.000022 0.000031 0.000012 0.436995 0.000025 0.000085 0.000000 0.000014

MOTIF 8-VSQVSA STREME-8
letter-probability matrix: alength= 20 w= 6 nsites= 320 E= 5.6e-008
 0.083188 0.000006 0.000014 0.000014 0.065796 0.000039 0.000005 0.000027 0.000001 0.000053 0.041555 0.000040 0.000015 0.000021 0.000009 0.038190 0.024254 0.703772 0.000000 0.043001
 0.083158 0.000006 0.006938 0.000014 0.000006 0.024277 0.000005 0.000027 0.000001 0.000053 0.000008 0.006964 0.000015 0.000021 0.000009 0.874950 0.003479 0.000058 0.000000 0.000010
 0.000057 0.000006 0.000014 0.000014 0.000006 0.000039 0.000005 0.000027 0.000001 0.000053 0.000008 0.000040 0.000015 0.999522 0.000009 0.000100 0.000017 0.000058 0.000000 0.000010
 0.000057 0.000006 0.000014 0.000014 0.000006 0.000039 0.000005 0.436674 0.000001 0.000053 0.000008 0.000040 0.000015 0.000021 0.000009 0.000100 0.000017 0.562912 0.000000 0.000010
 0.006981 0.003468 0.000014 0.000014 0.000006 0.159415 0.000005 0.000027 0.003463 0.000053 0.000008 0.020814 0.000015 0.024258 0.218174 0.563200 0.000017 0.000058 0.000000 0.000010
 0.682943 0.000006 0.000014 0.000014 0.000006 0.006963 0.000005 0.000027 0.000001 0.000053 0.000008 0.055447 0.000015 0.003483 0.000009 0.237072 0.013866 0.000058 0.000000 0.000010

MOTIF 9-ALSSVI STREME-9
letter-probability matrix: alength= 20 w= 6 nsites= 240 E= 1.9e-006
 0.802182 0.000010 0.000021 0.000022 0.000008 0.000060 0.000007 0.000041 0.000002 0.000082 0.000012 0.000061 0.000023 0.000033 0.000013 0.176002 0.000026 0.021379 0.000000 0.000015
 0.000087 0.000010 0.000021 0.000022 0.000008 0.000060 0.000007 0.000041 0.000002 0.999314 0.000012 0.000061 0.000023 0.000033 0.000013 0.000154 0.000026 0.000090 0.000000 0.000015
 0.000087 0.000010 0.000021 0.000022 0.000008 0.010705 0.000007 0.016008 0.000002 0.000082 0.000012 0.016029 0.213033 0.000033 0.000013 0.738475 0.005349 0.000090 0.000000 0.000015
 0.005409 0.000010 0.010666 0.010667 0.000008 0.016027 0.000007 0.000041 0.000002 0.000082 0.000012 0.324996 0.000023 0.005355 0.015980 0.599938 0.010671 0.000090 0.000000 0.000015
 0.090598 0.000010 0.000021 0.000022 0.000008 0.000060 0.000007 0.063936 0.000002 0.016050 0.005334 0.000061 0.000023 0.000033 0.000013 0.000154 0.181113 0.642539 0.000000 0.000015
 0.000087 0.000010 0.000021 0.000022 0.000008 0.000060 0.000007 0.967337 0.000002 0.005404 0.005334 0.000061 0.000023 0.000033 0.000013 0.000154 0.000026 0.021382 0.000000 0.000015

MOTIF 10-YGASGQY STREME-10
letter-probability matrix: alength= 20 w= 7 nsites= 202 E= 1.9e-006
 0.000096 0.000011 0.000023 0.000024 0.041143 0.005942 0.000008 0.000045 0.000002 0.023595 0.000013 0.000067 0.047036 0.000036 0.000015 0.006046 0.000029 0.094125 0.000000 0.781743
 0.052985 0.000011 0.094050 0.023529 0.000009 0.623122 0.000008 0.000045 0.000002 0.000090 0.000013 0.158734 0.000026 0.000036 0.000015 0.047180 0.000029 0.000099 0.000000 0.000016
 0.723057 0.000011 0.000023 0.017654 0.000009 0.000066 0.000008 0.000045 0.000002 0.005966 0.000013 0.000067 0.000026 0.017666 0.000015 0.217597 0.017659 0.000099 0.000000 0.000016
 0.340937 0.005887 0.000023 0.000024 0.000009 0.005942 0.000008 0.000045 0.000002 0.000090 0.000013 0.000067 0.000026 0.000036 0.000015 0.540952 0.058794 0.047111 0.000000 0.000016
 0.176448 0.000011 0.017653 0.000024 0.000009 0.458488 0.000008 0.000045 0.000002 0.000090 0.000013 0.000067 0.000026 0.000036 0.000015 0.346919 0.000029 0.000099 0.000000 0.000016
 0.000096 0.000011 0.000023 0.000024 0.000009 0.005942 0.000008 0.000045 0.000002 0.000090 0.000013 0.000067 0.000026 0.987436 0.000015 0.000170 0.000029 0.005975 0.000000 0.000016
 0.029478 0.000011 0.000023 0.000024 0.076418 0.000066 0.000008 0.000045 0.000002 0.000090 0.000013 0.000067 0.000026 0.000036 0.000015 0.229355 0.205704 0.000099 0.000000 0.458518

MOTIF 11-TVYNSVS STREME-11
letter-probability matrix: alength= 20 w= 7 nsites= 158 E= 1.6e-005
 0.136633 0.000013 0.000028 0.000030 0.000011 0.007264 0.000009 0.000055 0.000003 0.000110 0.000016 0.050365 0.000032 0.000044 0.000018 0.000208 0.761918 0.043222 0.000000 0.000020
 0.014483 0.000013 0.000028 0.000030 0.000011 0.000081 0.000009 0.064705 0.000003 0.014477 0.000016 0.000082 0.000032 0.000044 0.000018 0.000208 0.000036 0.905704 0.000000 0.000020
 0.050402 0.000013 0.000028 0.000030 0.035930 0.021630 0.000009 0.000055 0.000003 0.007293 0.000016 0.021633 0.000032 0.014410 0.000018 0.230117 0.000036 0.280591 0.000000 0.337755
 0.000118 0.000013 0.000028 0.000030 0.000011 0.000081 0.000009 0.000055 0.000003 0.000110 0.000016 0.984680 0.000032 0.000044 0.014384 0.000208 0.000036 0.000121 0.000000 0.000020
 0.050404 0.000013 0.000028 0.000030 0.000011 0.000081 0.000009 0.000055 0.000003 0.000110 0.000016 0.000082 0.000032 0.000044 0.000018 0.862685 0.086236 0.000121 0.000000 0.000020
 0.007301 0.000013 0.000028 0.000030 0.000011 0.000081 0.000009 0.007238 0.000003 0.036032 0.064666 0.000082 0.000032 0.000044 0.000018 0.000208 0.000036 0.884148 0.000000 0.000020
 0.000118 0.000013 0.000028 0.000030 0.000011 0.000081 0.000009 0.021606 0.000003 0.000110 0.000016 0.115020 0.000032 0.000044 0.000018 0.798034 0.028768 0.000121 0.000000 0.035937

MOTIF 12-ALVH STREME-12
letter-probability matrix: alength= 20 w= 4 nsites= 183 E= 1.6e-005
 0.919428 0.001150 0.002474 0.002623 0.001005 0.007124 0.000833 0.004858 0.000238 0.009692 0.001397 0.007222 0.002767 0.003863 0.001560 0.018237 0.003133 0.010619 0.000019 0.001758
 0.010337 0.001150 0.002474 0.002623 0.001005 0.007124 0.000833 0.004858 0.000238 0.918782 0.001397 0.007222 0.002767 0.003863 0.001560 0.018237 0.003133 0.010619 0.000019 0.001758
 0.010337 0.001150 0.002474 0.002623 0.001005 0.007124 0.000833 0.004858 0.000238 0.009692 0.001397 0.007222 0.002767 0.003863 0.001560 0.018237 0.003133 0.919710 0.000019 0.001758
 0.010337 0.001150 0.002474 0.002623 0.001005 0.007124 0.909924 0.004858 0.000238 0.009692 0.001397 0.007222 0.002767 0.003863 0.001560 0.018237 0.003133 0.010619 0.000019 0.001758

MOTIF 13-LVSSG STREME-13
letter-probability matrix: alength= 20 w= 5 nsites= 261 E= 2.1e-005
 0.000079 0.000009 0.000019 0.000020 0.000008 0.000054 0.000006 0.000037 0.000002 0.999380 0.000011 0.000055 0.000021 0.000029 0.000012 0.000139 0.000024 0.000081 0.000000 0.000013
 0.280170 0.000009 0.000019 0.000020 0.000008 0.017735 0.000006 0.000037 0.000002 0.171124 0.000011 0.000055 0.000021 0.000029 0.000012 0.052069 0.000024 0.478636 0.000000 0.000013
 0.115133 0.000009 0.000019 0.000020 0.000008 0.000054 0.000006 0.000037 0.000002 0.000074 0.000011 0.098075 0.000021 0.000029 0.000012 0.732562 0.053833 0.000081 0.000000 0.000013
 0.000079 0.000009 0.000019 0.000020 0.000008 0.218187 0.000006 0.000037 0.000002 0.000074 0.000011 0.227720 0.000021 0.000029 0.038477 0.515183 0.000024 0.000081 0.000000 0.000013
 0.000079 0.000009 0.000019 0.000020 0.000008 0.999361 0.000006 0.000037 0.000002 0.000074 0.000011 0.000055 0.000021 0.000029 0.000012 0.000139 0.000024 0.000081 0.000000 0.000013

MOTIF 14-FARNM STREME-14
letter-probability matrix: alength= 20 w= 5 nsites= 168 E= 4.9e-005
 0.000111 0.000012 0.000026 0.000028 0.823492 0.000076 0.000009 0.000052 0.000003 0.000104 0.000015 0.000077 0.000030 0.000041 0.000017 0.000195 0.175578 0.000114 0.000000 0.000019
 0.324149 0.000012 0.000026 0.000028 0.000011 0.000076 0.000009 0.290335 0.000003 0.047342 0.000015 0.000077 0.000030 0.000041 0.000017 0.074436 0.013529 0.249844 0.000000 0.000019
 0.000111 0.000012 0.000026 0.006776 0.000011 0.000076 0.000009 0.000052 0.053993 0.000104 0.000015 0.033818 0.000030 0.297011 0.607595 0.000195 0.000034 0.000114 0.000000 0.000019
 0.168844 0.000012 0.000026 0.000028 0.000011 0.000076 0.000009 0.000052 0.000003 0.000104 0.000015 0.445657 0.000030 0.000041 0.000017 0.384909 0.000034 0.000114 0.000000 0.000019
 0.000111 0.000012 0.000026 0.000028 0.060751 0.000076 0.000009 0.000052 0.000003 0.256635 0.600782 0.000077 0.000030 0.000041 0.000017 0.000195 0.000034 0.081103 0.000000 0.000019

MOTIF 15-GQSASMVGQ STREME-15
letter-probability matrix: alength= 20 w= 9 nsites= 227 E= 9.1e-005
 0.084206 0.000010 0.010536 0.000022 0.000008 0.499575 0.000007 0.000041 0.000002 0.005338 0.000012 0.000060 0.010538 0.005290 0.000013 0.384213 0.000026 0.000089 0.000000 0.000015
 0.005344 0.000010 0.299957 0.021051 0.000008 0.010575 0.000007 0.000041 0.000002 0.000081 0.000012 0.210397 0.000023 0.368071 0.021043 0.015925 0.000026 0.000089 0.000000 0.047342
 0.015858 0.000010 0.000021 0.000022 0.005266 0.000059 0.000007 0.000041 0.000002 0.000081 0.000012 0.000060 0.000023 0.000032 0.000013 0.504930 0.089403 0.000089 0.000000 0.384073
 0.831082 0.000010 0.000021 0.000022 0.000008 0.000059 0.000007 0.005298 0.000002 0.042147 0.000012 0.000060 0.000023 0.000032 0.000013 0.052726 0.068374 0.000089 0.000000 0.000015
 0.236708 0.000010 0.010536 0.000022 0.000008 0.000059 0.000007 0.000041 0.000002 0.000081 0.000012 0.084187 0.000023 0.252411 0.031558 0.363178 0.021056 0.000089 0.000000 0.000015
 0.110525 0.000010 0.000021 0.000022 0.000008 0.000059 0.000007 0.052616 0.000002 0.115744 0.652226 0.000060 0.000023 0.000032 0.000013 0.000152 0.000026 0.068438 0.000000 0.000015
 0.000086 0.000010 0.000021 0.000022 0.000008 0.000059 0.000007 0.015812 0.000002 0.042150 0.000012 0.000060 0.000023 0.000032 0.000013 0.000152 0.000026 0.941489 0.000000 0.000015
 0.005344 0.000010 0.000021 0.000022 0.000008 0.641748 0.000007 0.000041 0.000002 0.000081 0.000012 0.000060 0.000023 0.015805 0.026300 0.310388 0.000026 0.000089 0.000000 0.000015
 0.000086 0.000010 0.000021 0.015794 0.000008 0.000059 0.000007 0.000041 0.000002 0.000081 0.000012 0.015833 0.000023 0.709852 0.005270 0.252772 0.000026 0.000089 0.000000 0.000015

MOTIF 16-GLDAN STREME-16
letter-probability matrix: alength= 20 w= 5 nsites= 162 E= 1.1e-003
 0.000114 0.000013 0.000027 0.000029 0.000011 0.999074 0.000009 0.000054 0.000003 0.000107 0.000015 0.000080 0.000031 0.000043 0.000017 0.000201 0.000035 0.000117 0.000000 0.000019
 0.000114 0.000013 0.000027 0.000029 0.000011 0.000079 0.000009 0.000054 0.000003 0.999103 0.000015 0.000080 0.000031 0.000043 0.000017 0.000201 0.000035 0.000117 0.000000 0.000019
 0.000114 0.000013 0.999023 0.000029 0.000011 0.000079 0.000009 0.000054 0.000003 0.000107 0.000015 0.000080 0.000031 0.000043 0.000017 0.000201 0.000035 0.000117 0.000000 0.000019
 0.278801 0.000013 0.097504 0.167290 0.000011 0.034892 0.000009 0.020939 0.000003 0.000107 0.000015 0.205001 0.020916 0.027892 0.000017 0.062861 0.055744 0.000117 0.000000 0.027868
 0.048849 0.000013 0.132330 0.000029 0.000011 0.118446 0.000009 0.000054 0.000003 0.000107 0.000015 0.404241 0.000031 0.000043 0.000017 0.226010 0.048771 0.000117 0.000000 0.020905

MOTIF 17-LNASSDY STREME-17
letter-probability matrix: alength= 20 w= 7 nsites= 50 E= 8.9e-003
 0.010337 0.001150 0.002474 0.002623 0.001005 0.007124 0.000833 0.004858 0.000238 0.918782 0.001397 0.007222 0.002767 0.003863 0.001560 0.018237 0.003133 0.010619 0.000019 0.001758
 0.010337 0.001150 0.002474 0.002623 0.001005 0.007124 0.000833 0.004858 0.000238 0.009692 0.001397 0.916313 0.002767 0.003863 0.001560 0.018237 0.003133 0.010619 0.000019 0.001758
 0.919428 0.001150 0.002474 0.002623 0.001005 0.007124 0.000833 0.004858 0.000238 0.009692 0.001397 0.007222 0.002767 0.003863 0.001560 0.018237 0.003133 0.010619 0.000019 0.001758
 0.010337 0.001150 0.002474 0.002623 0.001005 0.007124 0.000833 0.004858 0.000238 0.009692 0.001397 0.007222 0.002767 0.003863 0.001560 0.927328 0.003133 0.010619 0.000019 0.001758
 0.010337 0.001150 0.002474 0.002623 0.001005 0.007124 0.000833 0.004858 0.000238 0.009692 0.001397 0.007222 0.002767 0.003863 0.001560 0.927328 0.003133 0.010619 0.000019 0.001758
 0.010337 0.001150 0.911565 0.002623 0.001005 0.007124 0.000833 0.004858 0.000238 0.009692 0.001397 0.007222 0.002767 0.003863 0.001560 0.018237 0.003133 0.010619 0.000019 0.001758
 0.010337 0.001150 0.002474 0.002623 0.001005 0.007124 0.000833 0.004858 0.000238 0.009692 0.001397 0.007222 0.002767 0.003863 0.001560 0.018237 0.003133 0.010619 0.000019 0.910849

MOTIF 18-SGVSSSE STREME-18
letter-probability matrix: alength= 20 w= 7 nsites= 68 E= 3.6e-002
 0.160582 0.000033 0.000070 0.000074 0.000028 0.000201 0.000024 0.000137 0.000007 0.000274 0.000039 0.000204 0.142559 0.000109 0.000044 0.695175 0.000089 0.000300 0.000001 0.000050
 0.000292 0.000033 0.000070 0.000074 0.000028 0.997632 0.000024 0.000137 0.000007 0.000274 0.000039 0.000204 0.000078 0.000109 0.000044 0.000515 0.000089 0.000300 0.000001 0.000050
 0.160575 0.000033 0.000070 0.000074 0.000028 0.000201 0.000024 0.071371 0.000007 0.000274 0.106898 0.000204 0.000078 0.000109 0.000044 0.000515 0.017896 0.641548 0.000001 0.000050
 0.000292 0.000033 0.000070 0.000074 0.000028 0.000201 0.000024 0.000137 0.000007 0.000274 0.000039 0.107062 0.053506 0.000109 0.000044 0.837660 0.000089 0.000300 0.000001 0.000050
 0.000292 0.000033 0.000070 0.000074 0.000028 0.000201 0.000024 0.000137 0.000007 0.000274 0.000039 0.000204 0.071319 0.071350 0.000044 0.855464 0.000089 0.000300 0.000001 0.000050
 0.000292 0.000033 0.000070 0.000074 0.000028 0.409832 0.000024 0.000137 0.000007 0.000274 0.000039 0.089246 0.000078 0.000109 0.000044 0.481466 0.017896 0.000300 0.000001 0.000050
 0.000292 0.000033 0.124743 0.837215 0.000028 0.000201 0.000024 0.000137 0.000007 0.000274 0.000039 0.035821 0.000078 0.000109 0.000044 0.000515 0.000089 0.000300 0.000001 0.000050

MOTIF 19-NAIGSVVS STREME-19
letter-probability matrix: alength= 20 w= 8 nsites= 99 E= 7.3e-002
 0.000184 0.000020 0.000044 0.000047 0.000018 0.011344 0.000015 0.000086 0.000004 0.000173 0.000025 0.897558 0.000049 0.000069 0.000028 0.090061 0.000056 0.000189 0.000000 0.000031
 0.493758 0.000020 0.000044 0.000047 0.000018 0.000127 0.000015 0.000086 0.000004 0.000173 0.000025 0.000129 0.000049 0.000069 0.000028 0.033975 0.246859 0.224543 0.000000 0.000031
 0.000184 0.000020 0.000044 0.000047 0.000018 0.000127 0.000015 0.639505 0.000004 0.045040 0.056110 0.000129 0.000049 0.000069 0.000028 0.000325 0.000056 0.258200 0.000000 0.000031
 0.202099 0.000020 0.000044 0.000047 0.000018 0.426412 0.000015 0.000086 0.000004 0.000173 0.000025 0.134738 0.000049 0.000069 0.022462 0.213462 0.000056 0.000189 0.000000 0.000031
 0.011401 0.000020 0.000044 0.000047 0.000018 0.000127 0.000015 0.000086 0.011221 0.000173 0.000025 0.336661 0.011266 0.000069 0.000028 0.460262 0.168318 0.000189 0.000000 0.000031
 0.336714 0.000020 0.000044 0.000047 0.044891 0.000127 0.000015 0.067388 0.000004 0.011389 0.067326 0.000129 0.000049 0.000069 0.000028 0.000325 0.033709 0.437694 0.000000 0.000031
 0.000184 0.000020 0.000044 0.000047 0.000018 0.000127 0.000015 0.000086 0.000004 0.067476 0.291682 0.000129 0.000049 0.000069 0.000028 0.101279 0.000056 0.527439 0.000000 0.011248
 0.134792 0.000020 0.011261 0.000047 0.000018 0.089862 0.000015 0.000086 0.000004 0.000173 0.000025 0.000129 0.000049 0.067370 0.000028 0.695845 0.000056 0.000189 0.000000 0.000031

MOTIF 20-SYANA STREME-20
letter-probability matrix: alength= 20 w= 5 nsites= 69 E= 7.3e-002
 0.201454 0.000033 0.000072 0.000076 0.000029 0.000207 0.000024 0.000141 0.000007 0.000281 0.000041 0.000209 0.000080 0.000112 0.000045 0.796738 0.000091 0.000308 0.000001 0.000051
 0.000300 0.000033 0.000072 0.000076 0.000029 0.000207 0.000024 0.000141 0.000007 0.000281 0.000041 0.000209 0.000080 0.000112 0.000045 0.000529 0.000091 0.000308 0.000001 0.997415
 0.851423 0.000033 0.000072 0.000076 0.000029 0.146447 0.000024 0.000141 0.000007 0.000281 0.000041 0.000209 0.000080 0.000112 0.000045 0.000529 0.000091 0.000308 0.000001 0.000051
 0.119872 0.000033 0.000072 0.000076 0.000029 0.128161 0.000024 0.000141 0.000007 0.000281 0.000041 0.750047 0.000080 0.000112 0.000045 0.000529 0.000091 0.000308 0.000001 0.000051
 0.997663 0.000033 0.000072 0.000076 0.000029 0.000207 0.000024 0.000141 0.000007 0.000281 0.000041 0.000209 0.000080 0.000112 0.000045 0.000529 0.000091 0.000308 0.000001 0.000051

MOTIF 21-NNPGLSGC STREME-21
letter-probability matrix: alength= 20 w= 8 nsites= 52 E= 1.5e-001
 0.000419 0.000047 0.076730 0.051191 0.000041 0.000289 0.000034 0.000197 0.000010 0.051480 0.000057 0.817805 0.000112 0.000157 0.000063 0.000739 0.000127 0.000430 0.000001 0.000071
 0.000419 0.000047 0.000100 0.025649 0.000041 0.000289 0.051119 0.000197 0.000010 0.000393 0.000057 0.485660 0.000112 0.102329 0.000063 0.332887 0.000127 0.000430 0.000001 0.000071
 0.000419 0.000047 0.025643 0.000106 0.000041 0.000289 0.000034 0.000197 0.000010 0.000393 0.000057 0.000293 0.945342 0.000157 0.000063 0.026282 0.000127 0.000430 0.000001 0.000071
 0.000419 0.000047 0.051188 0.000106 0.000041 0.919974 0.000034 0.000197 0.000010 0.000393 0.000057 0.000293 0.000112 0.000157 0.000063 0.026282 0.000127 0.000430 0.000001 0.000071
 0.102592 0.000047 0.000100 0.000106 0.000041 0.000289 0.000034 0.025739 0.000010 0.792362 0.076687 0.000293 0.000112 0.000157 0.000063 0.000739 0.000127 0.000430 0.000001 0.000071
 0.000419 0.000047 0.000100 0.000106 0.000041 0.000289 0.000034 0.000197 0.000010 0.000393 0.000057 0.000293 0.000112 0.000157 0.000063 0.997054 0.000127 0.000430 0.000001 0.000071
 0.025962 0.000047 0.076728 0.153364 0.000041 0.690091 0.000034 0.000197 0.000010 0.000393 0.000057 0.000293 0.000112 0.051242 0.000063 0.000739 0.000127 0.000430 0.000001 0.000071
 0.000419 0.996362 0.000100 0.000106 0.000041 0.000289 0.000034 0.000197 0.000010 0.000393 0.000057 0.000293 0.000112 0.000157 0.000063 0.000739 0.000127 0.000430 0.000001 0.000071

MOTIF 22-NAGAINES STREME-22
letter-probability matrix: alength= 20 w= 8 nsites= 66 E= 2.9e-001
 0.000292 0.000033 0.285037 0.089122 0.000028 0.000201 0.000024 0.000137 0.000007 0.000274 0.000039 0.605813 0.000078 0.017917 0.000044 0.000515 0.000089 0.000300 0.000001 0.000050
 0.499062 0.000033 0.000070 0.000074 0.000028 0.000201 0.000024 0.000137 0.000007 0.000274 0.000039 0.000204 0.000078 0.000109 0.178140 0.214226 0.106944 0.000300 0.000001 0.000050
 0.000292 0.000033 0.000070 0.000074 0.000028 0.997632 0.000024 0.000137 0.000007 0.000274 0.000039 0.000204 0.000078 0.000109 0.000044 0.000515 0.000089 0.000300 0.000001 0.000050
 0.659341 0.000033 0.000070 0.000074 0.000028 0.000201 0.000024 0.000137 0.000007 0.000274 0.000039 0.000204 0.000078 0.000109 0.106906 0.089560 0.000089 0.142775 0.000001 0.000050
 0.000292 0.000033 0.000070 0.000074 0.000028 0.000201 0.000024 0.997568 0.000007 0.000274 0.000039 0.000204 0.000078 0.000109 0.000044 0.000515 0.000089 0.000300 0.000001 0.000050
 0.000292 0.000033 0.017877 0.000074 0.000028 0.000201 0.000024 0.000137 0.000007 0.000274 0.000039 0.694861 0.000078 0.000109 0.000044 0.142994 0.142576 0.000300 0.000001 0.000050
 0.000292 0.000033 0.000070 0.997505 0.000028 0.000201 0.000024 0.000137 0.000007 0.000274 0.000039 0.000204 0.000078 0.000109 0.000044 0.000515 0.000089 0.000300 0.000001 0.000050
 0.000292 0.000033 0.000070 0.000074 0.000028 0.000201 0.000024 0.000137 0.000007 0.000274 0.000039 0.071444 0.000078 0.000109 0.000044 0.837658 0.089136 0.000300 0.000001 0.000050

MOTIF 23-SYEEAV STREME-23
letter-probability matrix: alength= 20 w= 6 nsites= 59 E= 2.9e-001
 0.000380 0.000042 0.000091 0.000096 0.000037 0.139305 0.000031 0.000179 0.000009 0.000356 0.000051 0.000266 0.000102 0.000142 0.000057 0.858284 0.000115 0.000390 0.000001 0.000065
 0.000380 0.000042 0.000091 0.000096 0.000037 0.000262 0.000031 0.000179 0.000009 0.000356 0.000051 0.000266 0.000102 0.000142 0.000057 0.023843 0.000115 0.000390 0.000001 0.973549
 0.000380 0.000042 0.000091 0.394145 0.000037 0.301542 0.000031 0.000179 0.000009 0.000356 0.000051 0.185709 0.000102 0.000142 0.000057 0.116556 0.000115 0.000390 0.000001 0.000065
 0.000380 0.000042 0.000091 0.996753 0.000037 0.000262 0.000031 0.000179 0.000009 0.000356 0.000051 0.000266 0.000102 0.000142 0.000057 0.000671 0.000115 0.000390 0.000001 0.000065
 0.533493 0.000042 0.000091 0.000096 0.000037 0.000262 0.000031 0.440551 0.000009 0.000356 0.000051 0.000266 0.000102 0.000142 0.000057 0.023843 0.000115 0.000390 0.000001 0.000065
 0.000380 0.000042 0.000091 0.000096 0.023209 0.000262 0.000031 0.069703 0.000009 0.417570 0.000051 0.000266 0.000102 0.000142 0.000057 0.000671 0.000115 0.440790 0.046348 0.000065

MOTIF 24-SSAAGQS STREME-24
letter-probability matrix: alength= 20 w= 7 nsites= 71 E= 2.9e-001
 0.186106 0.000028 0.000061 0.000064 0.000025 0.000175 0.000020 0.000119 0.000006 0.062189 0.000034 0.031152 0.015555 0.000095 0.000038 0.471624 0.077515 0.046723 0.000000 0.108468
 0.000254 0.000028 0.000061 0.015552 0.000025 0.046637 0.000020 0.000119 0.000006 0.000238 0.000034 0.201526 0.000068 0.000095 0.000038 0.651052 0.000077 0.000261 0.000000 0.083907
 0.533381 0.000028 0.000061 0.000064 0.000025 0.155054 0.000020 0.000119 0.000006 0.031213 0.015522 0.124088 0.000068 0.000095 0.000038 0.139835 0.000077 0.000261 0.000000 0.000043
 0.889604 0.000028 0.000061 0.000064 0.000025 0.000175 0.000020 0.000119 0.000006 0.015725 0.000034 0.000178 0.000068 0.000095 0.000038 0.015936 0.000077 0.077702 0.000000 0.000043
 0.170627 0.000028 0.000061 0.000064 0.000025 0.734641 0.000020 0.000119 0.000006 0.000238 0.000034 0.000178 0.000068 0.000095 0.000038 0.093375 0.000077 0.000261 0.000000 0.000043
 0.046716 0.000028 0.000061 0.000064 0.000025 0.000175 0.000020 0.000119 0.000006 0.000238 0.000034 0.000178 0.000068 0.951399 0.000038 0.000448 0.000077 0.000261 0.000000 0.000043
 0.046716 0.000028 0.000061 0.000064 0.000025 0.000175 0.000020 0.000119 0.000006 0.000238 0.000034 0.000178 0.000068 0.000095 0.000038 0.951752 0.000077 0.000261 0.000000 0.000043

MOTIF 25-MGKJLS STREME-25
letter-probability matrix: alength= 20 w= 6 nsites= 52 E= 2.9e-001
 0.000363 0.000040 0.000087 0.000092 0.000035 0.000250 0.000029 0.000171 0.000008 0.000341 0.996854 0.000254 0.000097 0.000136 0.000055 0.000641 0.000110 0.000373 0.000001 0.000062
 0.000363 0.000040 0.000087 0.000092 0.000035 0.997056 0.000029 0.000171 0.000008 0.000341 0.000049 0.000254 0.000097 0.000136 0.000055 0.000641 0.000110 0.000373 0.000001 0.000062
 0.000363 0.000040 0.000087 0.000092 0.000035 0.000250 0.000029 0.000171 0.487412 0.000341 0.000049 0.000254 0.000097 0.265925 0.243667 0.000641 0.000110 0.000373 0.000001 0.000062
 0.000363 0.000040 0.000087 0.000092 0.000035 0.000250 0.000029 0.354627 0.000008 0.443358 0.199381 0.000254 0.000097 0.000136 0.000055 0.000641 0.000110 0.000373 0.000001 0.000062
 0.000363 0.000040 0.000087 0.000092 0.000035 0.000250 0.000029 0.000171 0.000008 0.997146 0.000049 0.000254 0.000097 0.000136 0.000055 0.000641 0.000110 0.000373 0.000001 0.000062
 0.000363 0.000040 0.000087 0.000092 0.000035 0.000250 0.000029 0.000171 0.000008 0.000341 0.000049 0.000254 0.000097 0.000136 0.000055 0.997446 0.000110 0.000373 0.000001 0.000062

MOTIF 26-NIYS STREME-26
letter-probability matrix: alength= 20 w= 4 nsites= 49 E= 2.9e-001
 0.010337 0.001150 0.002474 0.002623 0.001005 0.007124 0.000833 0.004858 0.000238 0.009692 0.001397 0.916313 0.002767 0.003863 0.001560 0.018237 0.003133 0.010619 0.000019 0.001758
 0.010337 0.001150 0.002474 0.002623 0.001005 0.007124 0.000833 0.913948 0.000238 0.009692 0.001397 0.007222 0.002767 0.003863 0.001560 0.018237 0.003133 0.010619 0.000019 0.001758
 0.010337 0.001150 0.002474 0.002623 0.001005 0.007124 0.000833 0.004858 0.000238 0.009692 0.001397 0.007222 0.002767 0.003863 0.001560 0.018237 0.003133 0.010619 0.000019 0.910849
 0.010337 0.001150 0.002474 0.002623 0.001005 0.007124 0.000833 0.004858 0.000238 0.009692 0.001397 0.007222 0.002767 0.003863 0.001560 0.927328 0.003133 0.010619 0.000019 0.001758

MOTIF 27-YGP STREME-27
letter-probability matrix: alength= 20 w= 3 nsites= 45 E= 2.9e-001
 0.010337 0.001150 0.002474 0.002623 0.001005 0.007124 0.000833 0.004858 0.000238 0.009692 0.001397 0.007222 0.002767 0.003863 0.001560 0.018237 0.003133 0.010619 0.000019 0.910849
 0.010337 0.001150 0.002474 0.002623 0.001005 0.916215 0.000833 0.004858 0.000238 0.009692 0.001397 0.007222 0.002767 0.003863 0.001560 0.018237 0.003133 0.010619 0.000019 0.001758
 0.010337 0.001150 0.002474 0.002623 0.001005 0.007124 0.000833 0.004858 0.000238 0.009692 0.001397 0.007222 0.911858 0.003863 0.001560 0.018237 0.003133 0.010619 0.000019 0.001758

MOTIF 28-PAALS STREME-28
letter-probability matrix: alength= 20 w= 5 nsites= 104 E= 4.0e-001
 0.070654 0.000023 0.000049 0.000051 0.000020 0.049599 0.000016 0.000095 0.000005 0.000190 0.000027 0.002206 0.685410 0.005206 0.000031 0.173752 0.000061 0.012570 0.000000 0.000034
 0.993289 0.000023 0.000049 0.000051 0.000020 0.005270 0.000016 0.000095 0.000005 0.000190 0.000027 0.000142 0.000054 0.000076 0.000031 0.000358 0.000061 0.000208 0.000000 0.000034
 0.800552 0.000023 0.000049 0.000051 0.000020 0.136186 0.000016 0.000095 0.000005 0.000190 0.000027 0.000142 0.000054 0.000076 0.000031 0.012719 0.049521 0.000208 0.000000 0.000034
 0.024927 0.000023 0.000049 0.000051 0.000020 0.000140 0.000016 0.049549 0.000005 0.713964 0.000027 0.000142 0.000054 0.000076 0.000031 0.136433 0.074250 0.000208 0.000000 0.000034
 0.000203 0.000023 0.000049 0.000051 0.000020 0.000140 0.000016 0.000095 0.000005 0.000190 0.000027 0.000142 0.000054 0.000076 0.000031 0.986213 0.012423 0.000208 0.000000 0.000034

MOTIF 29-AVSNLV STREME-29
letter-probability matrix: alength= 20 w= 6 nsites= 73 E= 4.0e-001
 0.981865 0.000029 0.000063 0.000067 0.000026 0.000182 0.000021 0.000124 0.000006 0.000247 0.000036 0.000184 0.000071 0.000099 0.000040 0.000465 0.000080 0.016350 0.000000 0.000045
 0.016343 0.000029 0.000063 0.000067 0.000026 0.000182 0.000021 0.000124 0.000006 0.000247 0.000036 0.000184 0.000071 0.000099 0.000040 0.000465 0.000080 0.981872 0.000000 0.000045
 0.016343 0.000029 0.000063 0.000067 0.000026 0.000182 0.000021 0.000124 0.000006 0.000247 0.000036 0.000184 0.000071 0.000099 0.000040 0.982066 0.000080 0.000271 0.000000 0.000045
 0.016343 0.000029 0.000063 0.000067 0.000026 0.000182 0.000021 0.000124 0.000006 0.000247 0.000036 0.579394 0.000071 0.000099 0.000040 0.370696 0.032240 0.000271 0.000000 0.000045
 0.000264 0.000029 0.000063 0.000067 0.048268 0.000182 0.000021 0.128803 0.000006 0.804926 0.000036 0.000184 0.000071 0.000099 0.000040 0.016545 0.000080 0.000271 0.000000 0.000045
 0.000264 0.000029 0.000063 0.000067 0.000026 0.000182 0.000021 0.000124 0.000006 0.000247 0.000036 0.000184 0.000071 0.000099 0.000040 0.016545 0.000080 0.981872 0.000000 0.000045

MOTIF 30-PDSG STREME-30
letter-probability matrix: alength= 20 w= 4 nsites= 58 E= 5.9e-001
 0.000379 0.000042 0.000091 0.000096 0.000037 0.000261 0.000031 0.000178 0.000009 0.000355 0.000051 0.000265 0.996767 0.000142 0.000057 0.000669 0.000115 0.000390 0.000001 0.000064
 0.000379 0.000042 0.996756 0.000096 0.000037 0.000261 0.000031 0.000178 0.000009 0.000355 0.000051 0.000265 0.000102 0.000142 0.000057 0.000669 0.000115 0.000390 0.000001 0.000064
 0.039169 0.000042 0.000091 0.000096 0.000037 0.000261 0.000031 0.046408 0.000009 0.000355 0.000051 0.000265 0.000102 0.000142 0.000057 0.727374 0.069463 0.115982 0.000001 0.000064
 0.000379 0.000042 0.000091 0.000096 0.046267 0.503666 0.000031 0.000178 0.000009 0.000355 0.000051 0.171739 0.000102 0.000142 0.000057 0.276225 0.000115 0.000390 0.000001 0.000064

MOTIF 31-TPSVS STREME-31
letter-probability matrix: alength= 20 w= 5 nsites= 37 E= 5.9e-001
 0.010337 0.001150 0.002474 0.002623 0.001005 0.007124 0.000833 0.004858 0.000238 0.009692 0.001397 0.007222 0.002767 0.003863 0.001560 0.018237 0.912224 0.010619 0.000019 0.001758
 0.010337 0.001150 0.002474 0.002623 0.001005 0.007124 0.000833 0.004858 0.000238 0.009692 0.001397 0.007222 0.911858 0.003863 0.001560 0.018237 0.003133 0.010619 0.000019 0.001758
 0.010337 0.001150 0.002474 0.002623 0.001005 0.007124 0.000833 0.004858 0.000238 0.009692 0.001397 0.007222 0.002767 0.003863 0.001560 0.927328 0.003133 0.010619 0.000019 0.001758
 0.010337 0.001150 0.002474 0.002623 0.001005 0.007124 0.000833 0.004858 0.000238 0.009692 0.001397 0.007222 0.002767 0.003863 0.001560 0.018237 0.003133 0.919710 0.000019 0.001758
 0.010337 0.001150 0.002474 0.002623 0.001005 0.007124 0.000833 0.004858 0.000238 0.009692 0.001397 0.007222 0.002767 0.003863 0.001560 0.927328 0.003133 0.010619 0.000019 0.001758

MOTIF 32-QIYPPNGNP STREME-32
letter-probability matrix: alength= 20 w= 9 nsites= 31 E= 5.9e-001
 0.010337 0.001150 0.002474 0.002623 0.001005 0.007124 0.000833 0.004858 0.000238 0.009692 0.001397 0.007222 0.002767 0.912954 0.001560 0.018237 0.003133 0.010619 0.000019 0.001758
 0.010337 0.001150 0.002474 0.002623 0.001005 0.007124 0.000833 0.913948 0.000238 0.009692 0.001397 0.007222 0.002767 0.003863 0.001560 0.018237 0.003133 0.010619 0.000019 0.001758
 0.010337 0.001150 0.002474 0.002623 0.001005 0.007124 0.000833 0.004858 0.000238 0.009692 0.001397 0.007222 0.002767 0.003863 0.001560 0.018237 0.003133 0.010619 0.000019 0.910849
 0.010337 0.001150 0.002474 0.002623 0.001005 0.007124 0.000833 0.004858 0.000238 0.009692 0.001397 0.007222 0.911858 0.003863 0.001560 0.018237 0.003133 0.010619 0.000019 0.001758
 0.010337 0.001150 0.002474 0.002623 0.001005 0.007124 0.000833 0.004858 0.000238 0.009692 0.001397 0.007222 0.911858 0.003863 0.001560 0.018237 0.003133 0.010619 0.000019 0.001758
 0.010337 0.001150 0.002474 0.002623 0.001005 0.007124 0.000833 0.004858 0.000238 0.009692 0.001397 0.916313 0.002767 0.003863 0.001560 0.018237 0.003133 0.010619 0.000019 0.001758
 0.010337 0.001150 0.002474 0.002623 0.001005 0.916215 0.000833 0.004858 0.000238 0.009692 0.001397 0.007222 0.002767 0.003863 0.001560 0.018237 0.003133 0.010619 0.000019 0.001758
 0.010337 0.001150 0.002474 0.002623 0.001005 0.007124 0.000833 0.004858 0.000238 0.009692 0.001397 0.916313 0.002767 0.003863 0.001560 0.018237 0.003133 0.010619 0.000019 0.001758
 0.010337 0.001150 0.002474 0.002623 0.001005 0.007124 0.000833 0.004858 0.000238 0.009692 0.001397 0.007222 0.911858 0.003863 0.001560 0.018237 0.003133 0.010619 0.000019 0.001758

MOTIF 33-NISSSVSA STREME-33
letter-probability matrix: alength= 20 w= 8 nsites= 70 E= 1.2e+000
 0.000292 0.000033 0.195976 0.000074 0.000028 0.000201 0.000024 0.000137 0.000007 0.000274 0.000039 0.801729 0.000078 0.000109 0.000044 0.000515 0.000089 0.000300 0.000001 0.000050
 0.000292 0.000033 0.000070 0.000074 0.000028 0.000201 0.000024 0.801666 0.000007 0.053703 0.089090 0.000204 0.000078 0.000109 0.000044 0.000515 0.000089 0.053724 0.000001 0.000050
 0.000292 0.000033 0.000070 0.000074 0.374083 0.000201 0.000024 0.071379 0.000007 0.018082 0.000039 0.000204 0.000078 0.000109 0.000044 0.534842 0.000089 0.000300 0.000001 0.000050
 0.035910 0.000033 0.000070 0.000074 0.000028 0.000201 0.000024 0.000137 0.000007 0.000274 0.000039 0.000204 0.000078 0.000109 0.035662 0.926711 0.000089 0.000300 0.000001 0.000050
 0.000292 0.000033 0.000070 0.000074 0.000028 0.481113 0.000024 0.000137 0.000007 0.000274 0.000039 0.000204 0.000078 0.000109 0.000044 0.517034 0.000089 0.000300 0.000001 0.000050
 0.000292 0.000033 0.000070 0.000074 0.000028 0.000201 0.000024 0.392003 0.000007 0.000274 0.000039 0.000204 0.000078 0.000109 0.000044 0.000515 0.000089 0.605865 0.000001 0.000050
 0.018100 0.000033 0.000070 0.000074 0.000028 0.018009 0.000024 0.000137 0.000007 0.000274 0.000039 0.000204 0.000078 0.000109 0.000044 0.962331 0.000089 0.000300 0.000001 0.000050
 0.694929 0.000033 0.000070 0.000074 0.000028 0.018009 0.000024 0.000137 0.000007 0.000274 0.000039 0.000204 0.000078 0.000109 0.000044 0.267694 0.017896 0.000300 0.000001 0.000050

MOTIF 34-ASVAAS STREME-34
letter-probability matrix: alength= 20 w= 6 nsites= 57 E= 1.2e+000
 0.996466 0.000050 0.000108 0.000115 0.000044 0.000312 0.000037 0.000213 0.000010 0.000425 0.000061 0.000317 0.000121 0.000169 0.000068 0.000800 0.000137 0.000466 0.000001 0.000077
 0.000453 0.000050 0.000108 0.000115 0.000044 0.027948 0.000037 0.000213 0.000010 0.000425 0.000061 0.000317 0.000121 0.055443 0.000068 0.913904 0.000137 0.000466 0.000001 0.000077
 0.276931 0.000050 0.000108 0.000115 0.000044 0.000312 0.055310 0.000213 0.000010 0.000425 0.000061 0.000317 0.000121 0.000169 0.000068 0.137211 0.000137 0.528316 0.000001 0.000077
 0.996466 0.000050 0.000108 0.000115 0.000044 0.000312 0.000037 0.000213 0.000010 0.000425 0.000061 0.000317 0.000121 0.000169 0.000068 0.000800 0.000137 0.000466 0.000001 0.000077
 0.996466 0.000050 0.000108 0.000115 0.000044 0.000312 0.000037 0.000213 0.000010 0.000425 0.000061 0.000317 0.000121 0.000169 0.000068 0.000800 0.000137 0.000466 0.000001 0.000077
 0.055727 0.000050 0.000108 0.000115 0.000044 0.000312 0.000037 0.000213 0.000010 0.000425 0.000061 0.110875 0.000121 0.000169 0.000068 0.830982 0.000137 0.000466 0.000001 0.000077

MOTIF 35-QNGRP STREME-35
letter-probability matrix: alength= 20 w= 5 nsites= 45 E= 1.2e+000
 0.000408 0.000045 0.000098 0.000104 0.000040 0.000281 0.000033 0.000192 0.000009 0.000383 0.000055 0.000285 0.000109 0.996561 0.000062 0.000720 0.000124 0.000419 0.000001 0.000069
 0.000408 0.000045 0.000098 0.000104 0.000040 0.000281 0.000033 0.000192 0.000009 0.000383 0.000055 0.996694 0.000109 0.000153 0.000062 0.000720 0.000124 0.000419 0.000001 0.000069
 0.000408 0.000045 0.000098 0.000104 0.000040 0.996690 0.000033 0.000192 0.000009 0.000383 0.000055 0.000285 0.000109 0.000153 0.000062 0.000720 0.000124 0.000419 0.000001 0.000069
 0.000408 0.000045 0.000098 0.000104 0.000040 0.000281 0.000033 0.000192 0.000009 0.000383 0.000055 0.000285 0.000109 0.000153 0.747437 0.000720 0.000124 0.249453 0.000001 0.000069
 0.224527 0.000045 0.000098 0.000104 0.000040 0.000281 0.000033 0.000192 0.000009 0.000383 0.000055 0.000285 0.772399 0.000153 0.000062 0.000720 0.000124 0.000419 0.000001 0.000069

MOTIF 36-SLIH STREME-36
letter-probability matrix: alength= 20 w= 4 nsites= 65 E= 2.4e+000
 0.268938 0.017930 0.000070 0.000074 0.000029 0.000202 0.000024 0.007565 0.000007 0.000275 0.000040 0.000205 0.000079 0.000110 0.000044 0.483725 0.214972 0.005661 0.000001 0.000050
 0.000294 0.000033 0.000070 0.000074 0.000029 0.000202 0.000024 0.000138 0.000007 0.997693 0.000040 0.000205 0.000079 0.000110 0.000044 0.000518 0.000089 0.000302 0.000001 0.000050
 0.000294 0.000033 0.000070 0.000074 0.000029 0.000202 0.000024 0.997556 0.000007 0.000275 0.000040 0.000205 0.000079 0.000110 0.000044 0.000518 0.000089 0.000302 0.000001 0.000050
 0.000294 0.000033 0.000070 0.000074 0.000029 0.000202 0.997442 0.000138 0.000007 0.000275 0.000040 0.000205 0.000079 0.000110 0.000044 0.000518 0.000089 0.000302 0.000001 0.000050

MOTIF 37-FSSVG STREME-37
letter-probability matrix: alength= 20 w= 5 nsites= 72 E= 2.4e+000
 0.000324 0.000036 0.000077 0.000082 0.997186 0.000223 0.000026 0.000152 0.000007 0.000303 0.000044 0.000226 0.000087 0.000121 0.000049 0.000571 0.000098 0.000332 0.000001 0.000055
 0.000324 0.000036 0.000077 0.000082 0.000031 0.177782 0.000026 0.000152 0.000007 0.000303 0.000044 0.029038 0.000087 0.000121 0.078944 0.712459 0.000098 0.000332 0.000001 0.000055
 0.000324 0.000036 0.000077 0.000082 0.000031 0.000223 0.000026 0.000152 0.000007 0.000303 0.000044 0.000226 0.000087 0.000121 0.039493 0.958282 0.000098 0.000332 0.000001 0.000055
 0.010983 0.000036 0.000077 0.000082 0.000031 0.000223 0.000026 0.079048 0.000007 0.118658 0.000044 0.000226 0.000087 0.000121 0.000049 0.000571 0.000098 0.789577 0.000001 0.000055
 0.000324 0.000036 0.000077 0.000082 0.000031 0.661886 0.000026 0.000152 0.000007 0.000303 0.000044 0.000226 0.000087 0.000121 0.000049 0.020292 0.000098 0.000332 0.000001 0.315826

MOTIF 38-TANYL STREME-38
letter-probability matrix: alength= 20 w= 5 nsites= 56 E= 2.4e+000
 0.000322 0.000036 0.000077 0.000082 0.000031 0.000222 0.000026 0.000152 0.000007 0.033290 0.216378 0.000225 0.000086 0.000121 0.000049 0.000569 0.747939 0.000331 0.000001 0.000055
 0.997487 0.000036 0.000077 0.000082 0.000031 0.000222 0.000026 0.000152 0.000007 0.000302 0.000044 0.000225 0.000086 0.000121 0.000049 0.000569 0.000098 0.000331 0.000001 0.000055
 0.000322 0.000036 0.000077 0.000082 0.000031 0.000222 0.000026 0.000152 0.000007 0.000302 0.000044 0.918750 0.000086 0.000121 0.000049 0.079208 0.000098 0.000331 0.000001 0.000055
 0.000322 0.000036 0.000077 0.000082 0.000031 0.000222 0.000026 0.000152 0.000007 0.000302 0.000044 0.000225 0.000086 0.000121 0.000049 0.000569 0.000098 0.000331 0.000001 0.997219
 0.000322 0.000036 0.000077 0.000082 0.000031 0.000222 0.000026 0.157431 0.000007 0.840187 0.000044 0.000225 0.000086 0.000121 0.000049 0.000569 0.000098 0.000331 0.000001 0.000055

********************************************************************************
Stopped because 3 consecutive motifs exceeded the p-value threshold (0.05).
********************************************************************************
COMMAND:	streme --protein --p ./Data/v0_cluster_windows_15mers/cluster_7.fasta --minw 3 --maxw 15 --thresh 0.05 --oc ./Results/v0_Parallel_Run_20250503_171149/streme_out_cluster_7
********************************************************************************
CPU:		Hirokis-MacBook-Air.local
********************************************************************************
FINALTIME:	305.60 seconds
********************************************************************************
