********************************************************************************
STREME - Sensitive, Thorough, Rapid, Enriched Motif Elicitation
********************************************************************************
MEME version 5.5.7 (Release date: Wed Jun 19 13:59:04 2024 -0700)

For further information on how to interpret these results please access https://meme-suite.org/meme.
To get a copy of the MEME Suite software please access https://meme-suite.org.

********************************************************************************


********************************************************************************
REFERENCE
********************************************************************************
If you use this program in your research, please cite:

Timothy L. Bailey,
"STREME: accurate and versatile sequence motif discovery",
Bioinformatics, Mar. 24, 2021.
********************************************************************************


ALPHABET= ACDEFGHIKLMNPQRSTVWY

strands: +

Background letter frequencies
A 0.143 C 8.53e-05 D 0.00862 E 0.00179 F 0.00691 G 0.534 H 8.53e-05 I 8.53e-05 K 8.53e-05 L 0.128 M 8.53e-05 N 0.0035 P 8.53e-05 Q 0.012 R 8.53e-05 S 0.041 T 8.53e-05 V 8.53e-05 W 0.00179 Y 0.118 

MOTIF 1-GAGLGYGLGAG STREME-1
letter-probability matrix: alength= 20 w= 11 nsites= 36 S= 4.2e-019
 0.082996 0.000000 0.000034 0.000007 0.000027 0.915750 0.000000 0.000000 0.000000 0.000498 0.000000 0.000014 0.000000 0.000047 0.000000 0.000160 0.000000 0.000000 0.000007 0.000458
 0.247871 0.000000 0.111023 0.026971 0.026991 0.002078 0.000000 0.000000 0.000000 0.163299 0.000000 0.000014 0.000000 0.000047 0.000000 0.169999 0.000000 0.000000 0.026971 0.224734
 0.000558 0.000000 0.000034 0.000007 0.000027 0.998188 0.000000 0.000000 0.000000 0.000498 0.000000 0.000014 0.000000 0.000047 0.000000 0.000160 0.000000 0.000000 0.000007 0.000458
 0.054994 0.000000 0.000034 0.000007 0.000027 0.002078 0.000000 0.000000 0.000000 0.887736 0.000000 0.000014 0.000000 0.000047 0.000000 0.000160 0.000000 0.000000 0.000007 0.054895
 0.000558 0.000000 0.000034 0.000007 0.000027 0.998188 0.000000 0.000000 0.000000 0.000498 0.000000 0.000014 0.000000 0.000047 0.000000 0.000160 0.000000 0.000000 0.000007 0.000458
 0.054486 0.000000 0.026997 0.000007 0.000027 0.056515 0.000000 0.000000 0.000000 0.000498 0.000000 0.000014 0.000000 0.169886 0.000000 0.000160 0.000000 0.000000 0.000007 0.691401
 0.000558 0.000000 0.000034 0.000007 0.000027 0.998188 0.000000 0.000000 0.000000 0.000498 0.000000 0.000014 0.000000 0.000047 0.000000 0.000160 0.000000 0.000000 0.000007 0.000458
 0.162850 0.000000 0.000034 0.000007 0.082465 0.002078 0.000000 0.000000 0.000000 0.449050 0.000000 0.000014 0.000000 0.000047 0.000000 0.220551 0.000000 0.000000 0.000007 0.082896
 0.000558 0.000000 0.000034 0.000007 0.000027 0.998188 0.000000 0.000000 0.000000 0.000498 0.000000 0.000014 0.000000 0.000047 0.000000 0.000160 0.000000 0.000000 0.000007 0.000458
 0.859794 0.000000 0.000034 0.000007 0.000027 0.002078 0.000000 0.000000 0.000000 0.082936 0.000000 0.000014 0.000000 0.000047 0.000000 0.054596 0.000000 0.000000 0.000007 0.000458
 0.000558 0.000000 0.000034 0.000007 0.000027 0.998188 0.000000 0.000000 0.000000 0.000498 0.000000 0.000014 0.000000 0.000047 0.000000 0.000160 0.000000 0.000000 0.000007 0.000458

MOTIF 2-YGY STREME-2
letter-probability matrix: alength= 20 w= 3 nsites= 13 S= 5.0e-003
 0.013037 0.000008 0.000783 0.000163 0.000628 0.048566 0.000008 0.000008 0.000008 0.011646 0.000008 0.000318 0.000008 0.001094 0.000008 0.003731 0.000008 0.000008 0.000163 0.919801
 0.013037 0.000008 0.000783 0.000163 0.000628 0.957657 0.000008 0.000008 0.000008 0.011646 0.000008 0.000318 0.000008 0.001094 0.000008 0.003731 0.000008 0.000008 0.000163 0.010710
 0.013037 0.000008 0.000783 0.000163 0.000628 0.048566 0.000008 0.000008 0.000008 0.011646 0.000008 0.000318 0.000008 0.001094 0.000008 0.003731 0.000008 0.000008 0.000163 0.919801

MOTIF 3-GAGS STREME-3
letter-probability matrix: alength= 20 w= 4 nsites= 6 S= 5.4e-002
 0.013037 0.000008 0.000783 0.000163 0.000628 0.957657 0.000008 0.000008 0.000008 0.011646 0.000008 0.000318 0.000008 0.001094 0.000008 0.003731 0.000008 0.000008 0.000163 0.010710
 0.922128 0.000008 0.000783 0.000163 0.000628 0.048566 0.000008 0.000008 0.000008 0.011646 0.000008 0.000318 0.000008 0.001094 0.000008 0.003731 0.000008 0.000008 0.000163 0.010710
 0.013037 0.000008 0.000783 0.000163 0.000628 0.957657 0.000008 0.000008 0.000008 0.011646 0.000008 0.000318 0.000008 0.001094 0.000008 0.003731 0.000008 0.000008 0.000163 0.010710
 0.013037 0.000008 0.000783 0.000163 0.000628 0.048566 0.000008 0.000008 0.000008 0.011646 0.000008 0.000318 0.000008 0.001094 0.000008 0.912822 0.000008 0.000008 0.000163 0.010710

MOTIF 4-LGGL STREME-4
letter-probability matrix: alength= 20 w= 4 nsites= 5 S= 1.0e-001
 0.013037 0.000008 0.000783 0.000163 0.000628 0.048566 0.000008 0.000008 0.000008 0.920737 0.000008 0.000318 0.000008 0.001094 0.000008 0.003731 0.000008 0.000008 0.000163 0.010710
 0.013037 0.000008 0.000783 0.000163 0.000628 0.957657 0.000008 0.000008 0.000008 0.011646 0.000008 0.000318 0.000008 0.001094 0.000008 0.003731 0.000008 0.000008 0.000163 0.010710
 0.013037 0.000008 0.000783 0.000163 0.000628 0.957657 0.000008 0.000008 0.000008 0.011646 0.000008 0.000318 0.000008 0.001094 0.000008 0.003731 0.000008 0.000008 0.000163 0.010710
 0.013037 0.000008 0.000783 0.000163 0.000628 0.048566 0.000008 0.000008 0.000008 0.920737 0.000008 0.000318 0.000008 0.001094 0.000008 0.003731 0.000008 0.000008 0.000163 0.010710

MOTIF 5-GYGA STREME-5
letter-probability matrix: alength= 20 w= 4 nsites= 2 S= 2.5e-001
 0.013037 0.000008 0.000783 0.000163 0.000628 0.957657 0.000008 0.000008 0.000008 0.011646 0.000008 0.000318 0.000008 0.001094 0.000008 0.003731 0.000008 0.000008 0.000163 0.010710
 0.013037 0.000008 0.000783 0.000163 0.000628 0.048566 0.000008 0.000008 0.000008 0.011646 0.000008 0.000318 0.000008 0.001094 0.000008 0.003731 0.000008 0.000008 0.000163 0.919801
 0.013037 0.000008 0.000783 0.000163 0.000628 0.957657 0.000008 0.000008 0.000008 0.011646 0.000008 0.000318 0.000008 0.001094 0.000008 0.003731 0.000008 0.000008 0.000163 0.010710
 0.922128 0.000008 0.000783 0.000163 0.000628 0.048566 0.000008 0.000008 0.000008 0.011646 0.000008 0.000318 0.000008 0.001094 0.000008 0.003731 0.000008 0.000008 0.000163 0.010710

********************************************************************************
Stopped because maximum number of motifs (5) reached.
********************************************************************************
COMMAND:	streme --protein --p ./Data/v1_cluster_windows_15mers/cluster_5210.fasta --minw 3 --maxw 15 --thresh 0.05 --oc ./Results/v1_Top500_Run_20250504_162200/streme_out_cluster_5210
********************************************************************************
CPU:		Hirokis-MacBook-Air.local
********************************************************************************
FINALTIME:	0.26 seconds
********************************************************************************
