********************************************************************************
STREME - Sensitive, Thorough, Rapid, Enriched Motif Elicitation
********************************************************************************
MEME version 5.5.7 (Release date: Wed Jun 19 13:59:04 2024 -0700)

For further information on how to interpret these results please access https://meme-suite.org/meme.
To get a copy of the MEME Suite software please access https://meme-suite.org.

********************************************************************************


********************************************************************************
REFERENCE
********************************************************************************
If you use this program in your research, please cite:

Timothy L. Bailey,
"STREME: accurate and versatile sequence motif discovery",
Bioinformatics, Mar. 24, 2021.
********************************************************************************


ALPHABET= ACDEFGHIKLMNPQRSTVWY

strands: +

Background letter frequencies
A 0.0031 C 7.56e-05 D 7.56e-05 E 7.56e-05 F 0.00461 G 0.661 H 7.56e-05 I 0.00461 K 7.56e-05 L 0.0621 M 7.56e-05 N 7.56e-05 P 0.0651 Q 7.56e-05 R 0.132 S 0.00461 T 7.56e-05 V 7.56e-05 W 7.56e-05 Y 0.0621 

MOTIF 1-GGGRGGLGGRGYGPG STREME-1
letter-probability matrix: alength= 20 w= 15 nsites= 43 S= 1.7e-024
 0.000282 0.000007 0.000007 0.000007 0.000419 0.969200 0.000007 0.000419 0.000007 0.005645 0.000007 0.000007 0.005921 0.000007 0.011973 0.000419 0.000007 0.000007 0.000007 0.005645
 0.000282 0.000007 0.000007 0.000007 0.000419 0.969200 0.000007 0.000419 0.000007 0.005645 0.000007 0.000007 0.005921 0.000007 0.011973 0.000419 0.000007 0.000007 0.000007 0.005645
 0.000282 0.000007 0.000007 0.000007 0.000419 0.969200 0.000007 0.000419 0.000007 0.005645 0.000007 0.000007 0.005921 0.000007 0.011973 0.000419 0.000007 0.000007 0.000007 0.005645
 0.000282 0.000007 0.000007 0.000007 0.000419 0.060109 0.000007 0.000419 0.000007 0.005645 0.000007 0.000007 0.005921 0.000007 0.921064 0.000419 0.000007 0.000007 0.000007 0.005645
 0.000282 0.000007 0.000007 0.000007 0.000419 0.969200 0.000007 0.000419 0.000007 0.005645 0.000007 0.000007 0.005921 0.000007 0.011973 0.000419 0.000007 0.000007 0.000007 0.005645
 0.000282 0.000007 0.000007 0.000007 0.000419 0.969200 0.000007 0.000419 0.000007 0.005645 0.000007 0.000007 0.005921 0.000007 0.011973 0.000419 0.000007 0.000007 0.000007 0.005645
 0.000282 0.000007 0.000007 0.000007 0.000419 0.060109 0.000007 0.000419 0.000007 0.914736 0.000007 0.000007 0.005921 0.000007 0.011973 0.000419 0.000007 0.000007 0.000007 0.005645
 0.000282 0.000007 0.000007 0.000007 0.000419 0.969200 0.000007 0.000419 0.000007 0.005645 0.000007 0.000007 0.005921 0.000007 0.011973 0.000419 0.000007 0.000007 0.000007 0.005645
 0.000282 0.000007 0.000007 0.000007 0.000419 0.969200 0.000007 0.000419 0.000007 0.005645 0.000007 0.000007 0.005921 0.000007 0.011973 0.000419 0.000007 0.000007 0.000007 0.005645
 0.000282 0.000007 0.000007 0.000007 0.000419 0.060109 0.000007 0.000419 0.000007 0.005645 0.000007 0.000007 0.005921 0.000007 0.921064 0.000419 0.000007 0.000007 0.000007 0.005645
 0.000282 0.000007 0.000007 0.000007 0.000419 0.969200 0.000007 0.000419 0.000007 0.005645 0.000007 0.000007 0.005921 0.000007 0.011973 0.000419 0.000007 0.000007 0.000007 0.005645
 0.000282 0.000007 0.000007 0.000007 0.000419 0.060109 0.000007 0.000419 0.000007 0.005645 0.000007 0.000007 0.005921 0.000007 0.011973 0.000419 0.000007 0.000007 0.000007 0.914736
 0.000282 0.000007 0.000007 0.000007 0.000419 0.969200 0.000007 0.000419 0.000007 0.005645 0.000007 0.000007 0.005921 0.000007 0.011973 0.000419 0.000007 0.000007 0.000007 0.005645
 0.000282 0.000007 0.000007 0.000007 0.000419 0.060109 0.000007 0.000419 0.000007 0.005645 0.000007 0.000007 0.915012 0.000007 0.011973 0.000419 0.000007 0.000007 0.000007 0.005645
 0.000282 0.000007 0.000007 0.000007 0.000419 0.969200 0.000007 0.000419 0.000007 0.005645 0.000007 0.000007 0.005921 0.000007 0.011973 0.000419 0.000007 0.000007 0.000007 0.005645

MOTIF 2-AGLGGRGG STREME-2
letter-probability matrix: alength= 20 w= 8 nsites= 1 S= 5.0e-001
 0.874311 0.000010 0.000010 0.000010 0.000582 0.083364 0.000010 0.000582 0.000010 0.007830 0.000010 0.000010 0.008212 0.000010 0.016605 0.000582 0.000010 0.000010 0.000010 0.007830
 0.000391 0.000010 0.000010 0.000010 0.000582 0.957284 0.000010 0.000582 0.000010 0.007830 0.000010 0.000010 0.008212 0.000010 0.016605 0.000582 0.000010 0.000010 0.000010 0.007830
 0.000391 0.000010 0.000010 0.000010 0.000582 0.083364 0.000010 0.000582 0.000010 0.881750 0.000010 0.000010 0.008212 0.000010 0.016605 0.000582 0.000010 0.000010 0.000010 0.007830
 0.000391 0.000010 0.000010 0.000010 0.000582 0.957284 0.000010 0.000582 0.000010 0.007830 0.000010 0.000010 0.008212 0.000010 0.016605 0.000582 0.000010 0.000010 0.000010 0.007830
 0.000391 0.000010 0.000010 0.000010 0.000582 0.957284 0.000010 0.000582 0.000010 0.007830 0.000010 0.000010 0.008212 0.000010 0.016605 0.000582 0.000010 0.000010 0.000010 0.007830
 0.000391 0.000010 0.000010 0.000010 0.000582 0.083364 0.000010 0.000582 0.000010 0.007830 0.000010 0.000010 0.008212 0.000010 0.890525 0.000582 0.000010 0.000010 0.000010 0.007830
 0.000391 0.000010 0.000010 0.000010 0.000582 0.957284 0.000010 0.000582 0.000010 0.007830 0.000010 0.000010 0.008212 0.000010 0.016605 0.000582 0.000010 0.000010 0.000010 0.007830
 0.000391 0.000010 0.000010 0.000010 0.000582 0.957284 0.000010 0.000582 0.000010 0.007830 0.000010 0.000010 0.008212 0.000010 0.016605 0.000582 0.000010 0.000010 0.000010 0.007830

MOTIF 3-RGYG STREME-3
letter-probability matrix: alength= 20 w= 4 nsites= 1 S= 9.4e-001
 0.000282 0.000007 0.000007 0.000007 0.000419 0.060109 0.000007 0.000419 0.000007 0.005645 0.000007 0.000007 0.005921 0.000007 0.921064 0.000419 0.000007 0.000007 0.000007 0.005645
 0.000282 0.000007 0.000007 0.000007 0.000419 0.969200 0.000007 0.000419 0.000007 0.005645 0.000007 0.000007 0.005921 0.000007 0.011973 0.000419 0.000007 0.000007 0.000007 0.005645
 0.000282 0.000007 0.000007 0.000007 0.000419 0.060109 0.000007 0.000419 0.000007 0.005645 0.000007 0.000007 0.005921 0.000007 0.011973 0.000419 0.000007 0.000007 0.000007 0.914736
 0.000282 0.000007 0.000007 0.000007 0.000419 0.969200 0.000007 0.000419 0.000007 0.005645 0.000007 0.000007 0.005921 0.000007 0.011973 0.000419 0.000007 0.000007 0.000007 0.005645

********************************************************************************
Stopped because the next motif had no positive sites with scores > 0.
********************************************************************************
COMMAND:	streme --protein --p ./Data/v1_cluster_windows_15mers/cluster_19841.fasta --minw 3 --maxw 15 --thresh 0.05 --oc ./Results/v1_Top500_Run_20250504_162200/streme_out_cluster_19841
********************************************************************************
CPU:		Hirokis-MacBook-Air.local
********************************************************************************
FINALTIME:	0.16 seconds
********************************************************************************
