********************************************************************************
STREME - Sensitive, Thorough, Rapid, Enriched Motif Elicitation
********************************************************************************
MEME version 5.5.7 (Release date: Wed Jun 19 13:59:04 2024 -0700)

For further information on how to interpret these results please access https://meme-suite.org/meme.
To get a copy of the MEME Suite software please access https://meme-suite.org.

********************************************************************************


********************************************************************************
REFERENCE
********************************************************************************
If you use this program in your research, please cite:

Timothy L. Bailey,
"STREME: accurate and versatile sequence motif discovery",
Bioinformatics, Mar. 24, 2021.
********************************************************************************


ALPHABET= ACDEFGHIKLMNPQRSTVWY

strands: +

Background letter frequencies
A 0.279 C 6.16e-05 D 0.0654 E 0.00129 F 6.16e-05 G 0.228 H 6.16e-05 I 0.00376 K 6.16e-05 L 0.00129 M 6.16e-05 N 6.16e-05 P 0.00129 Q 0.0494 R 0.00499 S 0.134 T 0.0173 V 0.207 W 6.16e-05 Y 0.00623 

MOTIF 1-VSVGADA STREME-1
letter-probability matrix: alength= 20 w= 7 nsites= 54 E= 2.0e-002
 0.025336 0.000006 0.005946 0.000118 0.000006 0.020745 0.000006 0.000342 0.000006 0.000118 0.000006 0.000006 0.000118 0.004489 0.000454 0.012227 0.001575 0.927927 0.000006 0.000566
 0.025336 0.000006 0.005946 0.000118 0.000006 0.020745 0.000006 0.000342 0.000006 0.000118 0.000006 0.000006 0.000118 0.004489 0.000454 0.921318 0.001575 0.018836 0.000006 0.000566
 0.025336 0.000006 0.005946 0.000118 0.000006 0.020745 0.000006 0.000342 0.000006 0.000118 0.000006 0.000006 0.000118 0.004489 0.000454 0.012227 0.001575 0.927927 0.000006 0.000566
 0.025336 0.000006 0.005946 0.000118 0.000006 0.929836 0.000006 0.000342 0.000006 0.000118 0.000006 0.000006 0.000118 0.004489 0.000454 0.012227 0.001575 0.018836 0.000006 0.000566
 0.934427 0.000006 0.005946 0.000118 0.000006 0.020745 0.000006 0.000342 0.000006 0.000118 0.000006 0.000006 0.000118 0.004489 0.000454 0.012227 0.001575 0.018836 0.000006 0.000566
 0.025336 0.000006 0.915037 0.000118 0.000006 0.020745 0.000006 0.000342 0.000006 0.000118 0.000006 0.000006 0.000118 0.004489 0.000454 0.012227 0.001575 0.018836 0.000006 0.000566
 0.934427 0.000006 0.005946 0.000118 0.000006 0.020745 0.000006 0.000342 0.000006 0.000118 0.000006 0.000006 0.000118 0.004489 0.000454 0.012227 0.001575 0.018836 0.000006 0.000566

MOTIF 2-AGAG STREME-2
letter-probability matrix: alength= 20 w= 4 nsites= 51 E= 1.2e-001
 0.809545 0.000000 0.000256 0.000005 0.000000 0.079558 0.000000 0.000015 0.000000 0.000005 0.000000 0.000000 0.027145 0.000193 0.000020 0.000527 0.000068 0.027951 0.000000 0.054710
 0.001091 0.000000 0.000256 0.000005 0.000000 0.996978 0.000000 0.000015 0.000000 0.000005 0.000000 0.000000 0.000005 0.000193 0.000020 0.000527 0.000068 0.000811 0.000000 0.000024
 0.682990 0.000000 0.000256 0.000005 0.000000 0.000894 0.000000 0.000015 0.000000 0.000005 0.000000 0.000000 0.000005 0.000193 0.027160 0.005582 0.169262 0.113607 0.000000 0.000024
 0.001091 0.000000 0.000256 0.000005 0.000000 0.996978 0.000000 0.000015 0.000000 0.000005 0.000000 0.000000 0.000005 0.000193 0.000020 0.000527 0.000068 0.000811 0.000000 0.000024

MOTIF 3-YGG STREME-3
letter-probability matrix: alength= 20 w= 3 nsites= 3 E= 5.0e+000
 0.025336 0.000006 0.005946 0.000118 0.000006 0.020745 0.000006 0.000342 0.000006 0.000118 0.000006 0.000006 0.000118 0.004489 0.000454 0.012227 0.001575 0.018836 0.000006 0.909657
 0.025336 0.000006 0.005946 0.000118 0.000006 0.929836 0.000006 0.000342 0.000006 0.000118 0.000006 0.000006 0.000118 0.004489 0.000454 0.012227 0.001575 0.018836 0.000006 0.000566
 0.025336 0.000006 0.005946 0.000118 0.000006 0.929836 0.000006 0.000342 0.000006 0.000118 0.000006 0.000006 0.000118 0.004489 0.000454 0.012227 0.001575 0.018836 0.000006 0.000566

MOTIF 4-ASAGVS STREME-4
letter-probability matrix: alength= 20 w= 6 nsites= 2 E= 5.0e+000
 0.934427 0.000006 0.005946 0.000118 0.000006 0.020745 0.000006 0.000342 0.000006 0.000118 0.000006 0.000006 0.000118 0.004489 0.000454 0.012227 0.001575 0.018836 0.000006 0.000566
 0.025336 0.000006 0.005946 0.000118 0.000006 0.020745 0.000006 0.000342 0.000006 0.000118 0.000006 0.000006 0.000118 0.004489 0.000454 0.921318 0.001575 0.018836 0.000006 0.000566
 0.934427 0.000006 0.005946 0.000118 0.000006 0.020745 0.000006 0.000342 0.000006 0.000118 0.000006 0.000006 0.000118 0.004489 0.000454 0.012227 0.001575 0.018836 0.000006 0.000566
 0.025336 0.000006 0.005946 0.000118 0.000006 0.929836 0.000006 0.000342 0.000006 0.000118 0.000006 0.000006 0.000118 0.004489 0.000454 0.012227 0.001575 0.018836 0.000006 0.000566
 0.025336 0.000006 0.005946 0.000118 0.000006 0.020745 0.000006 0.000342 0.000006 0.000118 0.000006 0.000006 0.000118 0.004489 0.000454 0.012227 0.001575 0.927927 0.000006 0.000566
 0.025336 0.000006 0.005946 0.000118 0.000006 0.020745 0.000006 0.000342 0.000006 0.000118 0.000006 0.000006 0.000118 0.004489 0.000454 0.921318 0.001575 0.018836 0.000006 0.000566

MOTIF 5-VGSGVA STREME-5
letter-probability matrix: alength= 20 w= 6 nsites= 1 E= 5.0e+000
 0.035138 0.000008 0.008247 0.000163 0.000008 0.028771 0.000008 0.000474 0.000008 0.000163 0.000008 0.000008 0.000163 0.006226 0.000630 0.016958 0.002184 0.900044 0.000008 0.000785
 0.035138 0.000008 0.008247 0.000163 0.000008 0.902691 0.000008 0.000474 0.000008 0.000163 0.000008 0.000008 0.000163 0.006226 0.000630 0.016958 0.002184 0.026124 0.000008 0.000785
 0.035138 0.000008 0.008247 0.000163 0.000008 0.028771 0.000008 0.000474 0.000008 0.000163 0.000008 0.000008 0.000163 0.006226 0.000630 0.890878 0.002184 0.026124 0.000008 0.000785
 0.035138 0.000008 0.008247 0.000163 0.000008 0.902691 0.000008 0.000474 0.000008 0.000163 0.000008 0.000008 0.000163 0.006226 0.000630 0.016958 0.002184 0.026124 0.000008 0.000785
 0.035138 0.000008 0.008247 0.000163 0.000008 0.028771 0.000008 0.000474 0.000008 0.000163 0.000008 0.000008 0.000163 0.006226 0.000630 0.016958 0.002184 0.900044 0.000008 0.000785
 0.909058 0.000008 0.008247 0.000163 0.000008 0.028771 0.000008 0.000474 0.000008 0.000163 0.000008 0.000008 0.000163 0.006226 0.000630 0.016958 0.002184 0.026124 0.000008 0.000785

********************************************************************************
Stopped because 3 consecutive motifs exceeded the p-value threshold (0.05).
********************************************************************************
COMMAND:	streme --protein --p ./Data/v1_cluster_windows_15mers/cluster_7914.fasta --minw 3 --maxw 15 --thresh 0.05 --oc ./Results/v1_Top500_Run_20250504_162200/streme_out_cluster_7914
********************************************************************************
CPU:		Hirokis-MacBook-Air.local
********************************************************************************
FINALTIME:	0.30 seconds
********************************************************************************
