********************************************************************************
STREME - Sensitive, Thorough, Rapid, Enriched Motif Elicitation
********************************************************************************
MEME version 5.5.7 (Release date: Wed Jun 19 13:59:04 2024 -0700)

For further information on how to interpret these results please access https://meme-suite.org/meme.
To get a copy of the MEME Suite software please access https://meme-suite.org.

********************************************************************************


********************************************************************************
REFERENCE
********************************************************************************
If you use this program in your research, please cite:

Timothy L. Bailey,
"STREME: accurate and versatile sequence motif discovery",
Bioinformatics, Mar. 24, 2021.
********************************************************************************


ALPHABET= ACDEFGHIKLMNPQRSTVWY

strands: +

Background letter frequencies
A 0.212 C 0.000424 D 0.0085 E 0.00204 F 0.00204 G 0.132 H 2.02e-05 I 0.061 K 2.02e-05 L 0.00446 M 0.00123 N 0.109 P 0.00325 Q 0.117 R 0.000828 S 0.249 T 0.0142 V 0.0723 W 2.02e-05 Y 0.00971 

MOTIF 1-IGQVNSSAAGQSA STREME-1
letter-probability matrix: alength= 20 w= 13 nsites= 164 E= 6.7e-009
 0.000191 0.000000 0.000008 0.000002 0.018820 0.000119 0.000000 0.874095 0.000000 0.043761 0.000001 0.000098 0.000003 0.000105 0.000001 0.000224 0.000013 0.062549 0.000000 0.000009
 0.000191 0.000000 0.000008 0.000002 0.000002 0.986703 0.000000 0.000055 0.000000 0.000004 0.000001 0.000098 0.000003 0.000105 0.000001 0.012739 0.000013 0.000065 0.000000 0.000009
 0.000191 0.000000 0.006250 0.012487 0.000002 0.000119 0.000000 0.000055 0.000000 0.000004 0.000001 0.006341 0.044161 0.898835 0.000001 0.000224 0.000013 0.006307 0.000000 0.025008
 0.000191 0.000000 0.000008 0.000002 0.000002 0.000119 0.000000 0.031327 0.000000 0.000004 0.000001 0.000098 0.000003 0.000105 0.000001 0.000224 0.000013 0.967892 0.000000 0.000009
 0.000191 0.000000 0.075038 0.000002 0.000002 0.000119 0.000000 0.000055 0.000000 0.000004 0.000001 0.924168 0.000003 0.000105 0.000001 0.000224 0.000013 0.000065 0.000000 0.000009
 0.000191 0.000000 0.000008 0.000002 0.000002 0.000119 0.000000 0.000055 0.000000 0.000004 0.000001 0.000098 0.000003 0.000105 0.000001 0.999324 0.000013 0.000065 0.000000 0.000009
 0.012706 0.000000 0.012492 0.000002 0.000002 0.062695 0.000000 0.000055 0.000000 0.000004 0.000001 0.176425 0.000003 0.000105 0.000001 0.691664 0.000013 0.000065 0.000000 0.043766
 0.710637 0.000000 0.000008 0.000002 0.000002 0.050520 0.000000 0.000055 0.000000 0.018761 0.000001 0.031401 0.000003 0.000105 0.000001 0.157145 0.031285 0.000065 0.000000 0.000009
 0.924292 0.000000 0.000008 0.000002 0.000002 0.000119 0.000000 0.012570 0.000000 0.000004 0.000001 0.000098 0.000003 0.000105 0.000001 0.025224 0.012497 0.025065 0.000000 0.000009
 0.075779 0.000000 0.000008 0.000002 0.000002 0.898662 0.000000 0.000055 0.000000 0.000004 0.000001 0.000098 0.000003 0.000105 0.000001 0.025194 0.000013 0.000065 0.000000 0.000009
 0.000191 0.000000 0.000008 0.000002 0.006244 0.000119 0.000000 0.000055 0.000000 0.000004 0.012516 0.037613 0.000003 0.899145 0.000001 0.000224 0.000013 0.000065 0.000000 0.043797
 0.006434 0.000000 0.000008 0.000002 0.000002 0.000119 0.000000 0.000055 0.000000 0.000004 0.000001 0.000098 0.000003 0.000105 0.000001 0.961839 0.012497 0.006307 0.000000 0.012524
 0.961806 0.000000 0.000008 0.000002 0.000002 0.000119 0.000000 0.000055 0.000000 0.000004 0.000001 0.000098 0.000003 0.000105 0.000001 0.018982 0.012497 0.006307 0.000000 0.000009

MOTIF 2-GST STREME-2
letter-probability matrix: alength= 20 w= 3 nsites= 2 E= 4.0e+000
 0.019318 0.000039 0.000773 0.000185 0.000185 0.921100 0.000002 0.005546 0.000002 0.000406 0.000112 0.009918 0.000296 0.010645 0.000075 0.022654 0.001287 0.006573 0.000002 0.000883
 0.019318 0.000039 0.000773 0.000185 0.000185 0.012009 0.000002 0.005546 0.000002 0.000406 0.000112 0.009918 0.000296 0.010645 0.000075 0.931745 0.001287 0.006573 0.000002 0.000883
 0.019318 0.000039 0.000773 0.000185 0.000185 0.012009 0.000002 0.005546 0.000002 0.000406 0.000112 0.009918 0.000296 0.010645 0.000075 0.022654 0.910378 0.006573 0.000002 0.000883

MOTIF 3-ASISN STREME-3
letter-probability matrix: alength= 20 w= 5 nsites= 1 E= 4.0e+000
 0.900711 0.000053 0.001072 0.000257 0.000257 0.016655 0.000003 0.007692 0.000003 0.000563 0.000155 0.013755 0.000410 0.014763 0.000104 0.031418 0.001785 0.009117 0.000003 0.001225
 0.026791 0.000053 0.001072 0.000257 0.000257 0.016655 0.000003 0.007692 0.000003 0.000563 0.000155 0.013755 0.000410 0.014763 0.000104 0.905338 0.001785 0.009117 0.000003 0.001225
 0.026791 0.000053 0.001072 0.000257 0.000257 0.016655 0.000003 0.881612 0.000003 0.000563 0.000155 0.013755 0.000410 0.014763 0.000104 0.031418 0.001785 0.009117 0.000003 0.001225
 0.026791 0.000053 0.001072 0.000257 0.000257 0.016655 0.000003 0.007692 0.000003 0.000563 0.000155 0.013755 0.000410 0.014763 0.000104 0.905338 0.001785 0.009117 0.000003 0.001225
 0.026791 0.000053 0.001072 0.000257 0.000257 0.016655 0.000003 0.007692 0.000003 0.000563 0.000155 0.887675 0.000410 0.014763 0.000104 0.031418 0.001785 0.009117 0.000003 0.001225

MOTIF 4-AQSA STREME-4
letter-probability matrix: alength= 20 w= 4 nsites= 1 E= 4.0e+000
 0.928408 0.000039 0.000773 0.000185 0.000185 0.012009 0.000002 0.005546 0.000002 0.000406 0.000112 0.009918 0.000296 0.010645 0.000075 0.022654 0.001287 0.006573 0.000002 0.000883
 0.019318 0.000039 0.000773 0.000185 0.000185 0.012009 0.000002 0.005546 0.000002 0.000406 0.000112 0.009918 0.000296 0.919736 0.000075 0.022654 0.001287 0.006573 0.000002 0.000883
 0.019318 0.000039 0.000773 0.000185 0.000185 0.012009 0.000002 0.005546 0.000002 0.000406 0.000112 0.009918 0.000296 0.010645 0.000075 0.931745 0.001287 0.006573 0.000002 0.000883
 0.928408 0.000039 0.000773 0.000185 0.000185 0.012009 0.000002 0.005546 0.000002 0.000406 0.000112 0.009918 0.000296 0.010645 0.000075 0.022654 0.001287 0.006573 0.000002 0.000883

********************************************************************************
Stopped because 3 consecutive motifs exceeded the p-value threshold (0.05).
********************************************************************************
COMMAND:	streme --protein --p ./Data/v1_cluster_windows_15mers/cluster_7603.fasta --minw 3 --maxw 15 --thresh 0.05 --oc ./Results/v1_Top500_Run_20250504_162200/streme_out_cluster_7603
********************************************************************************
CPU:		Hirokis-MacBook-Air.local
********************************************************************************
FINALTIME:	0.43 seconds
********************************************************************************
