********************************************************************************
STREME - Sensitive, Thorough, Rapid, Enriched Motif Elicitation
********************************************************************************
MEME version 5.5.7 (Release date: Wed Jun 19 13:59:04 2024 -0700)

For further information on how to interpret these results please access https://meme-suite.org/meme.
To get a copy of the MEME Suite software please access https://meme-suite.org.

********************************************************************************


********************************************************************************
REFERENCE
********************************************************************************
If you use this program in your research, please cite:

Timothy L. Bailey,
"STREME: accurate and versatile sequence motif discovery",
Bioinformatics, Mar. 24, 2021.
********************************************************************************


ALPHABET= ACDEFGHIKLMNPQRSTVWY

strands: +

Background letter frequencies
A 0.114 C 1.39e-05 D 0.00378 E 0.00224 F 0.00184 G 0.473 H 0.000109 I 0.00195 K 0.000488 L 0.0141 M 0.000935 N 0.00456 P 0.0755 Q 0.147 R 0.00906 S 0.0715 T 0.0078 V 0.00668 W 4.1e-05 Y 0.0656 

MOTIF 1-QGPGGQGP STREME-1
letter-probability matrix: alength= 20 w= 8 nsites= 5346 E= 1.1e-163
 0.087638 0.000000 0.000000 0.000000 0.001266 0.173649 0.000633 0.000000 0.000000 0.000633 0.000000 0.000000 0.020590 0.350095 0.006964 0.067216 0.007808 0.000000 0.000000 0.283506
 0.000847 0.000000 0.000000 0.000000 0.000000 0.990066 0.000000 0.000000 0.000000 0.003799 0.000000 0.000000 0.000002 0.000004 0.004221 0.000424 0.000000 0.000633 0.000000 0.000002
 0.000003 0.000000 0.000000 0.000000 0.000000 0.000014 0.000000 0.000000 0.000000 0.068402 0.000000 0.000000 0.524086 0.255351 0.000000 0.146207 0.005934 0.000000 0.000000 0.000002
 0.004647 0.000000 0.000000 0.001688 0.000000 0.964736 0.000000 0.000633 0.000211 0.000000 0.000000 0.000000 0.000002 0.000004 0.006120 0.015203 0.000000 0.006542 0.000000 0.000213
 0.003594 0.000211 0.001055 0.001688 0.000000 0.453005 0.000000 0.003165 0.000000 0.008366 0.000633 0.007178 0.043912 0.249750 0.006120 0.212668 0.001477 0.005909 0.000000 0.001268
 0.029030 0.000000 0.000000 0.001688 0.000000 0.107459 0.000000 0.000000 0.000000 0.003799 0.000000 0.000000 0.000002 0.555887 0.003254 0.010569 0.000000 0.000422 0.000000 0.287890
 0.001059 0.000000 0.000000 0.000000 0.000000 0.983102 0.000000 0.001477 0.000000 0.000422 0.000000 0.000000 0.000002 0.000004 0.009497 0.000635 0.000000 0.003798 0.000000 0.000002
 0.071482 0.000000 0.000000 0.000000 0.000000 0.000014 0.000000 0.001688 0.000000 0.016617 0.000000 0.000000 0.511579 0.328521 0.000000 0.064398 0.005698 0.000000 0.000000 0.000002

MOTIF 2-AGAGGYGQGGGGGAG STREME-2
letter-probability matrix: alength= 20 w= 15 nsites= 2397 E= 7.8e-067
 0.399634 0.000000 0.006012 0.000000 0.002312 0.366795 0.000000 0.002775 0.000462 0.026363 0.000000 0.001388 0.000005 0.073082 0.006937 0.051799 0.023586 0.015723 0.000000 0.023127
 0.332139 0.000000 0.003700 0.000000 0.002312 0.461578 0.000000 0.019886 0.000000 0.001851 0.004162 0.007864 0.000005 0.019433 0.008787 0.082784 0.012486 0.013411 0.000000 0.029601
 0.422746 0.000000 0.006937 0.004162 0.004625 0.319171 0.000925 0.003700 0.000462 0.020348 0.002775 0.014341 0.000005 0.068917 0.043934 0.055038 0.012486 0.009712 0.000000 0.009716
 0.237773 0.000000 0.001388 0.001387 0.000000 0.482406 0.000000 0.001387 0.000462 0.035149 0.000000 0.019428 0.000005 0.044869 0.019423 0.066135 0.010174 0.011099 0.000000 0.068913
 0.084209 0.000000 0.007399 0.002312 0.000000 0.797366 0.000000 0.001850 0.000000 0.022662 0.000000 0.000000 0.000005 0.034704 0.003700 0.037463 0.000001 0.008324 0.000000 0.000004
 0.290459 0.000000 0.016186 0.000000 0.009711 0.115229 0.000000 0.000000 0.000000 0.000001 0.000000 0.003237 0.000005 0.015733 0.000001 0.080936 0.013411 0.012949 0.000000 0.442141
 0.006482 0.000000 0.011099 0.002775 0.000000 0.922735 0.000000 0.000000 0.000000 0.000463 0.000000 0.012025 0.000005 0.000010 0.011099 0.033301 0.000001 0.000000 0.000000 0.000004
 0.000008 0.000000 0.000000 0.002775 0.000000 0.000032 0.000462 0.000000 0.000000 0.002775 0.000000 0.000000 0.000005 0.977746 0.016186 0.000005 0.000001 0.000000 0.000000 0.000004
 0.016656 0.000000 0.007399 0.000925 0.002775 0.914413 0.000000 0.000000 0.000000 0.000001 0.000000 0.018037 0.000005 0.000010 0.007399 0.015727 0.001850 0.012948 0.000000 0.001854
 0.271958 0.000000 0.002312 0.000000 0.003700 0.413541 0.000000 0.006474 0.000000 0.013874 0.003700 0.000000 0.000930 0.037929 0.011562 0.040699 0.017110 0.031908 0.000000 0.144301
 0.097132 0.000000 0.004625 0.001387 0.004162 0.505062 0.000000 0.001387 0.000000 0.049946 0.000000 0.000000 0.000005 0.092075 0.024974 0.049492 0.003238 0.004162 0.000000 0.162353
 0.343645 0.000000 0.008787 0.000000 0.001387 0.399201 0.000000 0.001850 0.000000 0.000001 0.000462 0.000000 0.027291 0.042557 0.008324 0.090185 0.027284 0.017110 0.000000 0.031914
 0.141995 0.000000 0.003237 0.004162 0.002775 0.737739 0.000000 0.001387 0.001387 0.004163 0.000000 0.007862 0.011567 0.018046 0.025437 0.033301 0.002775 0.004162 0.000000 0.000004
 0.364923 0.000000 0.001388 0.000463 0.002312 0.112414 0.000000 0.002312 0.000000 0.079563 0.007862 0.000000 0.017116 0.109156 0.002313 0.089720 0.024047 0.010636 0.000000 0.175775
 0.187772 0.000000 0.005550 0.001387 0.000463 0.659589 0.000000 0.002312 0.000000 0.000001 0.000000 0.004162 0.000005 0.000010 0.010174 0.098974 0.008325 0.006937 0.000000 0.014340

MOTIF 3-YGPGS STREME-3
letter-probability matrix: alength= 20 w= 5 nsites= 539 E= 7.8e-012
 0.000048 0.000000 0.000002 0.000001 0.002932 0.000858 0.000000 0.000001 0.000000 0.000006 0.000000 0.005865 0.000032 0.106770 0.000004 0.182290 0.002935 0.000003 0.000000 0.698253
 0.000048 0.000000 0.000002 0.000001 0.000001 0.999777 0.000000 0.000001 0.000000 0.000006 0.000000 0.000002 0.000032 0.000062 0.000004 0.000030 0.000003 0.000003 0.000000 0.000028
 0.009585 0.000000 0.000002 0.000001 0.000001 0.000200 0.000000 0.000001 0.000000 0.001590 0.000000 0.000002 0.987635 0.000899 0.000004 0.000047 0.000003 0.000003 0.000000 0.000028
 0.000048 0.000000 0.000002 0.000001 0.000001 0.994575 0.000000 0.000001 0.002932 0.000006 0.000000 0.000002 0.000032 0.001843 0.000004 0.000520 0.000003 0.000003 0.000000 0.000028
 0.212441 0.000000 0.000002 0.000001 0.000001 0.071930 0.000000 0.005864 0.005863 0.000006 0.000000 0.000002 0.010891 0.183546 0.000004 0.468087 0.011730 0.000003 0.000000 0.029630

MOTIF 4-AGAAAA STREME-4
letter-probability matrix: alength= 20 w= 6 nsites= 369 E= 1.1e-007
 0.896348 0.000000 0.000003 0.000002 0.000001 0.000407 0.000000 0.000001 0.000000 0.000011 0.000001 0.000003 0.002234 0.001121 0.000007 0.099799 0.000006 0.000005 0.000000 0.000050
 0.126627 0.000000 0.000003 0.000002 0.000001 0.852074 0.000000 0.000001 0.000000 0.000011 0.000001 0.000003 0.000057 0.000111 0.000007 0.021040 0.000006 0.000005 0.000000 0.000050
 0.736622 0.000000 0.000003 0.000002 0.000001 0.000407 0.000000 0.000001 0.000000 0.000011 0.000001 0.041983 0.005303 0.000111 0.000007 0.215487 0.000006 0.000005 0.000000 0.000050
 0.743934 0.000000 0.000003 0.000002 0.000001 0.169591 0.000000 0.000001 0.000000 0.000011 0.000001 0.000003 0.002234 0.000111 0.000007 0.084040 0.000006 0.000005 0.000000 0.000050
 0.895778 0.000000 0.000003 0.000002 0.000001 0.077679 0.000000 0.000001 0.000000 0.000011 0.000001 0.000003 0.000057 0.000111 0.005253 0.015793 0.000006 0.005251 0.000000 0.000050
 0.988837 0.000000 0.000003 0.000002 0.000001 0.000359 0.000000 0.000001 0.000000 0.000011 0.000001 0.000003 0.000057 0.000111 0.000007 0.005300 0.005252 0.000005 0.000000 0.000050

MOTIF 5-QGGYGGQQ STREME-5
letter-probability matrix: alength= 20 w= 8 nsites= 223 E= 4.9e-006
 0.000096 0.000000 0.000003 0.000002 0.000002 0.000400 0.000000 0.000002 0.000000 0.000012 0.000001 0.000004 0.058599 0.940744 0.000008 0.000060 0.000007 0.000006 0.000000 0.000055
 0.000096 0.000000 0.000003 0.000002 0.017559 0.648295 0.000000 0.000002 0.000000 0.000012 0.000001 0.000004 0.000064 0.000124 0.029270 0.304500 0.000007 0.000006 0.000000 0.000055
 0.000096 0.000000 0.000003 0.000002 0.000002 0.935160 0.000000 0.000002 0.000000 0.000012 0.000001 0.000004 0.005916 0.000124 0.000008 0.058603 0.000007 0.000006 0.000000 0.000055
 0.000096 0.000000 0.000003 0.000002 0.000002 0.000400 0.000000 0.000002 0.000000 0.000012 0.000001 0.035120 0.000064 0.000124 0.000008 0.000060 0.000007 0.000006 0.000000 0.964095
 0.070337 0.000000 0.035119 0.000002 0.000002 0.700978 0.000000 0.000002 0.000000 0.000012 0.000001 0.000004 0.181580 0.000124 0.000008 0.011765 0.000007 0.000006 0.000000 0.000055
 0.000096 0.000000 0.000003 0.000002 0.000002 0.999555 0.000000 0.000002 0.000000 0.000012 0.000001 0.000004 0.000064 0.000124 0.000008 0.000060 0.000007 0.000006 0.000000 0.000055
 0.000096 0.000000 0.000003 0.017560 0.000002 0.071283 0.000000 0.000002 0.000000 0.000012 0.000001 0.000004 0.009080 0.890117 0.000008 0.011765 0.000007 0.000006 0.000000 0.000055
 0.000096 0.000000 0.000003 0.000002 0.000002 0.115571 0.000000 0.000002 0.000000 0.064392 0.000001 0.000004 0.111328 0.708465 0.000008 0.000060 0.000007 0.000006 0.000000 0.000055

MOTIF 6-QGPGGQG STREME-6
letter-probability matrix: alength= 20 w= 7 nsites= 206 E= 2.0e-005
 0.000102 0.000000 0.000003 0.000002 0.000002 0.000424 0.000000 0.000002 0.000000 0.000013 0.000001 0.000004 0.000068 0.999235 0.000008 0.000064 0.000007 0.000006 0.000000 0.000059
 0.000102 0.000000 0.000003 0.000002 0.000002 0.999528 0.000000 0.000002 0.000000 0.000013 0.000001 0.000004 0.000068 0.000131 0.000008 0.000064 0.000007 0.000006 0.000000 0.000059
 0.000102 0.000000 0.000003 0.000002 0.000002 0.000424 0.000000 0.000002 0.000000 0.000013 0.000001 0.000004 0.999172 0.000131 0.000008 0.000064 0.000007 0.000006 0.000000 0.000059
 0.002679 0.000000 0.000003 0.000002 0.000002 0.903808 0.000000 0.000002 0.000000 0.012431 0.000001 0.000004 0.000068 0.000131 0.006217 0.074581 0.000007 0.000006 0.000000 0.000059
 0.000102 0.000000 0.000003 0.000002 0.000002 0.999528 0.000000 0.000002 0.000000 0.000013 0.000001 0.000004 0.000068 0.000131 0.000008 0.000064 0.000007 0.000006 0.000000 0.000059
 0.161645 0.000000 0.000003 0.000002 0.000002 0.000424 0.000000 0.000002 0.000000 0.000013 0.000001 0.000004 0.000068 0.705717 0.000008 0.132039 0.000007 0.000006 0.000000 0.000059
 0.000102 0.000000 0.000003 0.000002 0.000002 0.999528 0.000000 0.000002 0.000000 0.000013 0.000001 0.000004 0.000068 0.000131 0.000008 0.000064 0.000007 0.000006 0.000000 0.000059

MOTIF 7-AAAGGAGQGGGGYGG STREME-7
letter-probability matrix: alength= 20 w= 15 nsites= 160 E= 1.3e-003
 0.518635 0.000000 0.000004 0.000002 0.000002 0.252161 0.000000 0.000002 0.000001 0.000015 0.000001 0.000005 0.000083 0.000161 0.000010 0.129705 0.061008 0.038131 0.000000 0.000072
 0.610136 0.000000 0.000004 0.000002 0.000002 0.236913 0.000000 0.000002 0.000001 0.000015 0.000001 0.007630 0.000083 0.000161 0.000010 0.068703 0.076257 0.000007 0.000000 0.000072
 0.678780 0.000000 0.000004 0.000002 0.000002 0.214018 0.000000 0.015252 0.000001 0.000015 0.000001 0.000005 0.000083 0.000161 0.000010 0.076328 0.015258 0.000007 0.000000 0.000072
 0.236494 0.000000 0.000004 0.000002 0.000002 0.580055 0.000000 0.000002 0.000001 0.000015 0.000001 0.000005 0.000083 0.000161 0.000010 0.167827 0.000009 0.015257 0.000000 0.000072
 0.000125 0.000000 0.000004 0.000002 0.000002 0.793549 0.000000 0.000002 0.000001 0.000015 0.000001 0.000005 0.000083 0.000161 0.000010 0.167827 0.030507 0.007632 0.000000 0.000072
 0.450016 0.000000 0.000004 0.015252 0.000002 0.229266 0.000000 0.000002 0.000001 0.000015 0.000001 0.000005 0.000083 0.000161 0.015260 0.137329 0.000009 0.000007 0.000000 0.152586
 0.000125 0.000000 0.000004 0.000002 0.000002 0.968922 0.000000 0.000002 0.000001 0.000015 0.000001 0.000005 0.000083 0.000161 0.007635 0.000079 0.000009 0.022881 0.000000 0.000072
 0.000125 0.000000 0.000004 0.022877 0.000002 0.000521 0.000000 0.000002 0.000001 0.000015 0.000001 0.000005 0.000083 0.968562 0.000010 0.007703 0.000009 0.000007 0.000000 0.000072
 0.000125 0.000000 0.083882 0.030502 0.000002 0.885043 0.000000 0.000002 0.000001 0.000015 0.000001 0.000005 0.000083 0.000161 0.000010 0.000079 0.000009 0.000007 0.000000 0.000072
 0.030624 0.000000 0.038129 0.000002 0.000002 0.602924 0.000000 0.000002 0.000001 0.000015 0.000001 0.000005 0.000083 0.244162 0.000010 0.022953 0.000009 0.030506 0.000000 0.030572
 0.000125 0.000000 0.068628 0.000002 0.015251 0.343645 0.000000 0.000002 0.000001 0.205912 0.022876 0.045753 0.000083 0.167923 0.022884 0.015328 0.000009 0.007632 0.000000 0.083946
 0.000125 0.000000 0.000004 0.068628 0.000002 0.816423 0.000000 0.000002 0.000001 0.022890 0.000001 0.000005 0.000083 0.023036 0.015259 0.038204 0.000009 0.015257 0.000000 0.000072
 0.084004 0.000000 0.000004 0.068627 0.000002 0.099646 0.000000 0.000002 0.000001 0.007640 0.000001 0.000005 0.000083 0.023035 0.000010 0.099217 0.000009 0.000007 0.000000 0.617706
 0.023000 0.000000 0.022879 0.007627 0.000002 0.793550 0.000000 0.045753 0.000001 0.000015 0.000001 0.007630 0.000083 0.030660 0.015259 0.007703 0.000009 0.030507 0.000000 0.015322
 0.015375 0.000000 0.045752 0.000002 0.000002 0.374142 0.000000 0.061002 0.000001 0.061017 0.000001 0.076254 0.007708 0.343317 0.000010 0.015328 0.000009 0.000007 0.000000 0.000072

MOTIF 8-GYGGQGGYGAGA STREME-8
letter-probability matrix: alength= 20 w= 12 nsites= 295 E= 1.6e-003
 0.003602 0.000000 0.000002 0.000001 0.000001 0.996187 0.000000 0.000001 0.000000 0.000007 0.000000 0.000002 0.000039 0.000075 0.000005 0.000037 0.000004 0.000003 0.000000 0.000034
 0.039040 0.000000 0.000002 0.003545 0.007088 0.000242 0.000000 0.000001 0.000000 0.074438 0.000000 0.000002 0.007126 0.202082 0.046074 0.014212 0.021267 0.000003 0.000000 0.584876
 0.003602 0.000000 0.000002 0.000001 0.000001 0.982012 0.000000 0.000001 0.000000 0.000007 0.000000 0.000002 0.000039 0.000075 0.000005 0.000037 0.000004 0.014178 0.000000 0.000034
 0.003602 0.000000 0.003546 0.007089 0.000001 0.765807 0.000000 0.000001 0.000000 0.000007 0.000000 0.127611 0.000039 0.017794 0.007092 0.035477 0.007091 0.024810 0.000000 0.000034
 0.000058 0.000000 0.000002 0.000001 0.000001 0.000242 0.000000 0.000001 0.003544 0.003551 0.053176 0.000002 0.000039 0.939301 0.000005 0.000037 0.000004 0.000003 0.000000 0.000034
 0.078029 0.000000 0.000002 0.000001 0.000001 0.907586 0.000000 0.000001 0.000000 0.003551 0.000000 0.000002 0.000039 0.000075 0.000005 0.010668 0.000004 0.000003 0.000000 0.000034
 0.095750 0.000000 0.000002 0.000001 0.000001 0.850879 0.000000 0.000001 0.000000 0.000007 0.000000 0.000002 0.000039 0.000075 0.007092 0.046109 0.000004 0.000003 0.000000 0.000034
 0.092212 0.000000 0.031898 0.000001 0.003545 0.085303 0.000000 0.000001 0.000000 0.053164 0.000000 0.024809 0.053213 0.109953 0.014180 0.053197 0.000004 0.003547 0.000000 0.474971
 0.070939 0.000000 0.003546 0.028354 0.000001 0.829618 0.000000 0.000001 0.000000 0.000007 0.000000 0.000002 0.000039 0.000075 0.000005 0.067372 0.000004 0.000003 0.000000 0.000034
 0.439557 0.000000 0.021264 0.000001 0.000001 0.042767 0.000000 0.000001 0.000000 0.000007 0.000000 0.000002 0.000039 0.202100 0.007092 0.102811 0.170143 0.014179 0.000000 0.000034
 0.184347 0.000000 0.035440 0.000001 0.000001 0.772916 0.000000 0.000001 0.000000 0.000007 0.000000 0.000002 0.000039 0.003619 0.000005 0.003580 0.000004 0.000003 0.000000 0.000034
 0.591970 0.000000 0.000002 0.000001 0.000001 0.202268 0.000000 0.000001 0.000000 0.000007 0.000000 0.000002 0.000039 0.141838 0.000005 0.039018 0.000004 0.000003 0.000000 0.024840

MOTIF 9-YGP STREME-9
letter-probability matrix: alength= 20 w= 3 nsites= 395 E= 2.7e-003
 0.010364 0.000001 0.000344 0.000204 0.000168 0.043028 0.000010 0.000177 0.000044 0.001280 0.000085 0.000414 0.006867 0.013318 0.000824 0.006497 0.000709 0.000607 0.000004 0.915055
 0.010364 0.000001 0.000344 0.000204 0.000168 0.952119 0.000010 0.000177 0.000044 0.001280 0.000085 0.000414 0.006867 0.013318 0.000824 0.006497 0.000709 0.000607 0.000004 0.005964
 0.010364 0.000001 0.000344 0.000204 0.000168 0.043028 0.000010 0.000177 0.000044 0.001280 0.000085 0.000414 0.915957 0.013318 0.000824 0.006497 0.000709 0.000607 0.000004 0.005964

MOTIF 10-SGPG STREME-10
letter-probability matrix: alength= 20 w= 4 nsites= 311 E= 7.7e-003
 0.010364 0.000001 0.000344 0.000204 0.000168 0.043028 0.000010 0.000177 0.000044 0.001280 0.000085 0.000414 0.006867 0.013318 0.000824 0.915587 0.000709 0.000607 0.000004 0.005964
 0.010364 0.000001 0.000344 0.000204 0.000168 0.952119 0.000010 0.000177 0.000044 0.001280 0.000085 0.000414 0.006867 0.013318 0.000824 0.006497 0.000709 0.000607 0.000004 0.005964
 0.010364 0.000001 0.000344 0.000204 0.000168 0.043028 0.000010 0.000177 0.000044 0.001280 0.000085 0.000414 0.915957 0.013318 0.000824 0.006497 0.000709 0.000607 0.000004 0.005964
 0.010364 0.000001 0.000344 0.000204 0.000168 0.952119 0.000010 0.000177 0.000044 0.001280 0.000085 0.000414 0.006867 0.013318 0.000824 0.006497 0.000709 0.000607 0.000004 0.005964

MOTIF 11-GPGGAGQ STREME-11
letter-probability matrix: alength= 20 w= 7 nsites= 70 E= 2.2e-002
 0.010364 0.000001 0.000344 0.000204 0.000168 0.952119 0.000010 0.000177 0.000044 0.001280 0.000085 0.000414 0.006867 0.013318 0.000824 0.006497 0.000709 0.000607 0.000004 0.005964
 0.010364 0.000001 0.000344 0.000204 0.000168 0.043028 0.000010 0.000177 0.000044 0.001280 0.000085 0.000414 0.915957 0.013318 0.000824 0.006497 0.000709 0.000607 0.000004 0.005964
 0.010364 0.000001 0.000344 0.000204 0.000168 0.952119 0.000010 0.000177 0.000044 0.001280 0.000085 0.000414 0.006867 0.013318 0.000824 0.006497 0.000709 0.000607 0.000004 0.005964
 0.010364 0.000001 0.000344 0.000204 0.000168 0.952119 0.000010 0.000177 0.000044 0.001280 0.000085 0.000414 0.006867 0.013318 0.000824 0.006497 0.000709 0.000607 0.000004 0.005964
 0.919455 0.000001 0.000344 0.000204 0.000168 0.043028 0.000010 0.000177 0.000044 0.001280 0.000085 0.000414 0.006867 0.013318 0.000824 0.006497 0.000709 0.000607 0.000004 0.005964
 0.010364 0.000001 0.000344 0.000204 0.000168 0.952119 0.000010 0.000177 0.000044 0.001280 0.000085 0.000414 0.006867 0.013318 0.000824 0.006497 0.000709 0.000607 0.000004 0.005964
 0.010364 0.000001 0.000344 0.000204 0.000168 0.043028 0.000010 0.000177 0.000044 0.001280 0.000085 0.000414 0.006867 0.922409 0.000824 0.006497 0.000709 0.000607 0.000004 0.005964

MOTIF 12-QQAGSSGS STREME-12
letter-probability matrix: alength= 20 w= 8 nsites= 93 E= 8.9e-002
 0.000193 0.000000 0.000006 0.023488 0.000003 0.000802 0.000000 0.000003 0.046969 0.000024 0.000002 0.000008 0.000128 0.928101 0.000015 0.000121 0.000013 0.000011 0.000000 0.000111
 0.000193 0.000000 0.000006 0.023488 0.000003 0.000802 0.000000 0.000003 0.000001 0.000024 0.000002 0.000008 0.000128 0.975070 0.000015 0.000121 0.000013 0.000011 0.000000 0.000111
 0.540489 0.000000 0.000006 0.000004 0.000003 0.223939 0.000000 0.000003 0.000001 0.000024 0.000002 0.000008 0.000128 0.000248 0.000015 0.000121 0.093973 0.093951 0.000000 0.047084
 0.023677 0.000000 0.000006 0.000004 0.000003 0.834702 0.000000 0.000003 0.000001 0.000024 0.000002 0.000008 0.000128 0.000248 0.000015 0.047094 0.000013 0.000011 0.000000 0.094060
 0.000193 0.000000 0.000006 0.000004 0.117429 0.000802 0.000000 0.000003 0.000001 0.000024 0.000002 0.000008 0.258493 0.199892 0.000015 0.422993 0.000013 0.000011 0.000000 0.000111
 0.000193 0.000000 0.000006 0.000004 0.000003 0.036028 0.000000 0.000003 0.000001 0.000024 0.000002 0.093954 0.000128 0.000248 0.000015 0.869255 0.000013 0.000011 0.000000 0.000111
 0.000193 0.000000 0.000006 0.035232 0.000003 0.811217 0.000000 0.000003 0.000001 0.000024 0.000002 0.011749 0.023612 0.000248 0.000015 0.117558 0.000013 0.000011 0.000000 0.000111
 0.000193 0.000000 0.000006 0.000004 0.000003 0.000802 0.000000 0.000003 0.000001 0.000024 0.000002 0.000008 0.035356 0.000248 0.000015 0.963199 0.000013 0.000011 0.000000 0.000111

MOTIF 13-GQGGPGGYG STREME-13
letter-probability matrix: alength= 20 w= 9 nsites= 72 E= 1.8e-001
 0.000262 0.000000 0.000009 0.000005 0.000004 0.998791 0.000000 0.000004 0.000001 0.000032 0.000002 0.000010 0.000173 0.000336 0.000021 0.000164 0.000018 0.000015 0.000000 0.000151
 0.000262 0.000000 0.000009 0.000005 0.000004 0.001086 0.000000 0.000004 0.000001 0.000032 0.000002 0.000010 0.000173 0.998041 0.000021 0.000164 0.000018 0.000015 0.000000 0.000151
 0.000262 0.000000 0.000009 0.000005 0.000004 0.951058 0.000000 0.000004 0.000001 0.000032 0.000002 0.000010 0.000173 0.048069 0.000021 0.000164 0.000018 0.000015 0.000000 0.000151
 0.000262 0.000000 0.000009 0.000005 0.000004 0.998791 0.000000 0.000004 0.000001 0.000032 0.000002 0.000010 0.000173 0.000336 0.000021 0.000164 0.000018 0.000015 0.000000 0.000151
 0.000262 0.000000 0.000009 0.000005 0.000004 0.001086 0.000000 0.000004 0.000001 0.079588 0.000002 0.000010 0.445820 0.366587 0.015930 0.026863 0.015928 0.000015 0.000000 0.047883
 0.000262 0.000000 0.000009 0.000005 0.000004 0.998791 0.000000 0.000004 0.000001 0.000032 0.000002 0.000010 0.000173 0.000336 0.000021 0.000164 0.000018 0.000015 0.000000 0.000151
 0.000262 0.000000 0.000009 0.000005 0.000004 0.966972 0.000000 0.000004 0.000001 0.000032 0.000002 0.000010 0.000173 0.000336 0.000021 0.016074 0.000018 0.015925 0.000000 0.000151
 0.000262 0.000000 0.000009 0.000005 0.000004 0.001086 0.000000 0.000004 0.000001 0.000032 0.000002 0.000010 0.000173 0.111740 0.031840 0.000164 0.000018 0.000015 0.000000 0.854632
 0.000262 0.000000 0.000009 0.000005 0.000004 0.998791 0.000000 0.000004 0.000001 0.000032 0.000002 0.000010 0.000173 0.000336 0.000021 0.000164 0.000018 0.000015 0.000000 0.000151

MOTIF 14-GLGGYG STREME-14
letter-probability matrix: alength= 20 w= 6 nsites= 73 E= 3.6e-001
 0.019005 0.000000 0.000010 0.000006 0.000005 0.979882 0.000000 0.000005 0.000001 0.000038 0.000003 0.000012 0.000204 0.000395 0.000024 0.000193 0.000021 0.000018 0.000000 0.000177
 0.000308 0.000000 0.000010 0.000006 0.000005 0.001277 0.000000 0.000005 0.000001 0.997341 0.000003 0.000012 0.000204 0.000395 0.000024 0.000193 0.000021 0.000018 0.000000 0.000177
 0.000308 0.000000 0.000010 0.000006 0.000005 0.998579 0.000000 0.000005 0.000001 0.000038 0.000003 0.000012 0.000204 0.000395 0.000024 0.000193 0.000021 0.000018 0.000000 0.000177
 0.000308 0.000000 0.000010 0.000006 0.000005 0.998579 0.000000 0.000005 0.000001 0.000038 0.000003 0.000012 0.000204 0.000395 0.000024 0.000193 0.000021 0.000018 0.000000 0.000177
 0.000308 0.000000 0.000010 0.000006 0.000005 0.001277 0.000000 0.000005 0.000001 0.000038 0.000003 0.000012 0.000204 0.000395 0.000024 0.000193 0.000021 0.000018 0.000000 0.997480
 0.000308 0.000000 0.018707 0.000006 0.000005 0.923791 0.000000 0.000005 0.000001 0.000038 0.000003 0.018709 0.000204 0.000395 0.000024 0.037587 0.000021 0.000018 0.000000 0.000177

MOTIF 15-GGQGGPGQGG STREME-15
letter-probability matrix: alength= 20 w= 10 nsites= 53 E= 3.6e-001
 0.000392 0.000000 0.000013 0.000008 0.000006 0.998188 0.000000 0.000007 0.000002 0.000048 0.000003 0.000016 0.000260 0.000504 0.000031 0.000246 0.000027 0.000023 0.000000 0.000226
 0.000392 0.000000 0.000013 0.000008 0.000006 0.998188 0.000000 0.000007 0.000002 0.000048 0.000003 0.000016 0.000260 0.000504 0.000031 0.000246 0.000027 0.000023 0.000000 0.000226
 0.000392 0.000000 0.000013 0.000008 0.000006 0.001628 0.000000 0.000007 0.000002 0.000048 0.000003 0.000016 0.000260 0.997064 0.000031 0.000246 0.000027 0.000023 0.000000 0.000226
 0.000392 0.000000 0.000013 0.000008 0.000006 0.616666 0.000000 0.000007 0.000002 0.000048 0.000003 0.000016 0.000260 0.262816 0.119242 0.000246 0.000027 0.000023 0.000000 0.000226
 0.000392 0.000000 0.000013 0.000008 0.000006 0.998188 0.000000 0.000007 0.000002 0.000048 0.000003 0.000016 0.000260 0.000504 0.000031 0.000246 0.000027 0.000023 0.000000 0.000226
 0.238861 0.000000 0.000013 0.000008 0.000006 0.001628 0.000000 0.000007 0.000002 0.066592 0.000003 0.000016 0.429516 0.000504 0.071561 0.191008 0.000027 0.000023 0.000000 0.000226
 0.024234 0.000000 0.000013 0.000008 0.000006 0.950506 0.000000 0.000007 0.000002 0.000048 0.000003 0.000016 0.000260 0.000504 0.000031 0.024087 0.000027 0.000023 0.000000 0.000226
 0.000392 0.000000 0.000013 0.000008 0.000006 0.001628 0.000000 0.000007 0.000002 0.000048 0.000003 0.000016 0.000260 0.997064 0.000031 0.000246 0.000027 0.000023 0.000000 0.000226
 0.000392 0.000000 0.000013 0.000008 0.000006 0.950504 0.000000 0.000007 0.000002 0.000048 0.000003 0.000016 0.000260 0.048189 0.000031 0.000246 0.000027 0.000023 0.000000 0.000226
 0.000392 0.000000 0.000013 0.000008 0.000006 0.998188 0.000000 0.000007 0.000002 0.000048 0.000003 0.000016 0.000260 0.000504 0.000031 0.000246 0.000027 0.000023 0.000000 0.000226

MOTIF 16-AGGYGQGQGA STREME-16
letter-probability matrix: alength= 20 w= 10 nsites= 59 E= 7.2e-001
 0.865884 0.000000 0.037642 0.000006 0.000005 0.020101 0.000000 0.000005 0.000001 0.000038 0.000003 0.000012 0.000205 0.000398 0.000025 0.000194 0.037653 0.000018 0.000000 0.037810
 0.019125 0.000000 0.000010 0.018822 0.000005 0.866860 0.000000 0.000005 0.000001 0.000038 0.000003 0.000012 0.000205 0.000398 0.037656 0.037826 0.000021 0.018834 0.000000 0.000178
 0.000309 0.000000 0.000010 0.018822 0.000005 0.829226 0.000000 0.000005 0.000001 0.000038 0.000003 0.000012 0.000205 0.000398 0.056474 0.056641 0.000021 0.037650 0.000000 0.000178
 0.000309 0.000000 0.000010 0.000006 0.112901 0.001285 0.000000 0.000005 0.000001 0.000038 0.000003 0.000012 0.000205 0.000398 0.000025 0.000194 0.000021 0.000018 0.000000 0.884567
 0.000309 0.000000 0.000010 0.000006 0.000005 0.866858 0.000000 0.000005 0.000001 0.000038 0.000003 0.075277 0.000205 0.000398 0.000025 0.056641 0.000021 0.000018 0.000000 0.000178
 0.000309 0.000000 0.000010 0.000006 0.000005 0.001285 0.000000 0.000005 0.037634 0.000038 0.000003 0.000012 0.000205 0.960050 0.000025 0.000194 0.000021 0.000018 0.000000 0.000178
 0.019125 0.000000 0.075277 0.000006 0.000005 0.772777 0.000000 0.000005 0.000001 0.000038 0.000003 0.037644 0.000205 0.000398 0.018840 0.056641 0.000021 0.018834 0.000000 0.000178
 0.000309 0.000000 0.000010 0.000006 0.000005 0.001285 0.000000 0.000005 0.000001 0.000038 0.000003 0.000012 0.000205 0.978867 0.000025 0.019010 0.000021 0.000018 0.000000 0.000178
 0.207300 0.000000 0.000010 0.037638 0.000005 0.565787 0.000000 0.000005 0.000001 0.000038 0.000003 0.000012 0.000205 0.000398 0.131738 0.056641 0.000021 0.000018 0.000000 0.000178
 0.414285 0.000000 0.000010 0.000006 0.000005 0.170642 0.000000 0.000005 0.000001 0.000038 0.000003 0.000012 0.000205 0.000398 0.056474 0.131906 0.094100 0.131730 0.000000 0.000178

MOTIF 17-GSGGAGQ STREME-17
letter-probability matrix: alength= 20 w= 7 nsites= 42 E= 7.2e-001
 0.010364 0.000001 0.000344 0.000204 0.000168 0.952119 0.000010 0.000177 0.000044 0.001280 0.000085 0.000414 0.006867 0.013318 0.000824 0.006497 0.000709 0.000607 0.000004 0.005964
 0.010364 0.000001 0.000344 0.000204 0.000168 0.043028 0.000010 0.000177 0.000044 0.001280 0.000085 0.000414 0.006867 0.013318 0.000824 0.915587 0.000709 0.000607 0.000004 0.005964
 0.010364 0.000001 0.000344 0.000204 0.000168 0.952119 0.000010 0.000177 0.000044 0.001280 0.000085 0.000414 0.006867 0.013318 0.000824 0.006497 0.000709 0.000607 0.000004 0.005964
 0.010364 0.000001 0.000344 0.000204 0.000168 0.952119 0.000010 0.000177 0.000044 0.001280 0.000085 0.000414 0.006867 0.013318 0.000824 0.006497 0.000709 0.000607 0.000004 0.005964
 0.919455 0.000001 0.000344 0.000204 0.000168 0.043028 0.000010 0.000177 0.000044 0.001280 0.000085 0.000414 0.006867 0.013318 0.000824 0.006497 0.000709 0.000607 0.000004 0.005964
 0.010364 0.000001 0.000344 0.000204 0.000168 0.952119 0.000010 0.000177 0.000044 0.001280 0.000085 0.000414 0.006867 0.013318 0.000824 0.006497 0.000709 0.000607 0.000004 0.005964
 0.010364 0.000001 0.000344 0.000204 0.000168 0.043028 0.000010 0.000177 0.000044 0.001280 0.000085 0.000414 0.006867 0.922409 0.000824 0.006497 0.000709 0.000607 0.000004 0.005964

MOTIF 18-AGQGGY STREME-18
letter-probability matrix: alength= 20 w= 6 nsites= 69 E= 7.4e-001
 0.919455 0.000001 0.000344 0.000204 0.000168 0.043028 0.000010 0.000177 0.000044 0.001280 0.000085 0.000414 0.006867 0.013318 0.000824 0.006497 0.000709 0.000607 0.000004 0.005964
 0.010364 0.000001 0.000344 0.000204 0.000168 0.952119 0.000010 0.000177 0.000044 0.001280 0.000085 0.000414 0.006867 0.013318 0.000824 0.006497 0.000709 0.000607 0.000004 0.005964
 0.010364 0.000001 0.000344 0.000204 0.000168 0.043028 0.000010 0.000177 0.000044 0.001280 0.000085 0.000414 0.006867 0.922409 0.000824 0.006497 0.000709 0.000607 0.000004 0.005964
 0.010364 0.000001 0.000344 0.000204 0.000168 0.952119 0.000010 0.000177 0.000044 0.001280 0.000085 0.000414 0.006867 0.013318 0.000824 0.006497 0.000709 0.000607 0.000004 0.005964
 0.010364 0.000001 0.000344 0.000204 0.000168 0.952119 0.000010 0.000177 0.000044 0.001280 0.000085 0.000414 0.006867 0.013318 0.000824 0.006497 0.000709 0.000607 0.000004 0.005964
 0.010364 0.000001 0.000344 0.000204 0.000168 0.043028 0.000010 0.000177 0.000044 0.001280 0.000085 0.000414 0.006867 0.013318 0.000824 0.006497 0.000709 0.000607 0.000004 0.915055

MOTIF 19-GPGSVGQ STREME-19
letter-probability matrix: alength= 20 w= 7 nsites= 97 E= 8.0e-001
 0.010364 0.000001 0.000344 0.000204 0.000168 0.952119 0.000010 0.000177 0.000044 0.001280 0.000085 0.000414 0.006867 0.013318 0.000824 0.006497 0.000709 0.000607 0.000004 0.005964
 0.010364 0.000001 0.000344 0.000204 0.000168 0.043028 0.000010 0.000177 0.000044 0.001280 0.000085 0.000414 0.915957 0.013318 0.000824 0.006497 0.000709 0.000607 0.000004 0.005964
 0.010364 0.000001 0.000344 0.000204 0.000168 0.952119 0.000010 0.000177 0.000044 0.001280 0.000085 0.000414 0.006867 0.013318 0.000824 0.006497 0.000709 0.000607 0.000004 0.005964
 0.010364 0.000001 0.000344 0.000204 0.000168 0.043028 0.000010 0.000177 0.000044 0.001280 0.000085 0.000414 0.006867 0.013318 0.000824 0.915587 0.000709 0.000607 0.000004 0.005964
 0.010364 0.000001 0.000344 0.000204 0.000168 0.043028 0.000010 0.000177 0.000044 0.001280 0.000085 0.000414 0.006867 0.013318 0.000824 0.006497 0.000709 0.909698 0.000004 0.005964
 0.010364 0.000001 0.000344 0.000204 0.000168 0.952119 0.000010 0.000177 0.000044 0.001280 0.000085 0.000414 0.006867 0.013318 0.000824 0.006497 0.000709 0.000607 0.000004 0.005964
 0.010364 0.000001 0.000344 0.000204 0.000168 0.043028 0.000010 0.000177 0.000044 0.001280 0.000085 0.000414 0.006867 0.922409 0.000824 0.006497 0.000709 0.000607 0.000004 0.005964

MOTIF 20-YSSSS STREME-20
letter-probability matrix: alength= 20 w= 5 nsites= 56 E= 8.0e-001
 0.000367 0.000000 0.000012 0.000007 0.000006 0.001523 0.000000 0.000006 0.000002 0.000045 0.000003 0.000015 0.000243 0.000471 0.000029 0.000230 0.000025 0.000021 0.000000 0.996994
 0.000367 0.000000 0.000012 0.000007 0.000006 0.023822 0.000000 0.000006 0.000002 0.000045 0.000003 0.000015 0.000243 0.000471 0.000029 0.974714 0.000025 0.000021 0.000000 0.000211
 0.000367 0.000000 0.000012 0.000007 0.000006 0.001523 0.000000 0.000006 0.000002 0.111558 0.000003 0.000015 0.000243 0.000471 0.000029 0.885500 0.000025 0.000021 0.000000 0.000211
 0.000367 0.000000 0.000012 0.000007 0.000006 0.001523 0.000000 0.000006 0.000002 0.000045 0.000003 0.000015 0.000243 0.000471 0.000029 0.997013 0.000025 0.000021 0.000000 0.000211
 0.022666 0.000000 0.000012 0.000007 0.000006 0.001523 0.000000 0.000006 0.000002 0.156156 0.000003 0.000015 0.000243 0.000471 0.000029 0.774003 0.044625 0.000021 0.000000 0.000211

MOTIF 21-LGSQGA STREME-21
letter-probability matrix: alength= 20 w= 6 nsites= 31 E= 2.9e+000
 0.010364 0.000001 0.000344 0.000204 0.000168 0.043028 0.000010 0.000177 0.000044 0.910371 0.000085 0.000414 0.006867 0.013318 0.000824 0.006497 0.000709 0.000607 0.000004 0.005964
 0.010364 0.000001 0.000344 0.000204 0.000168 0.952119 0.000010 0.000177 0.000044 0.001280 0.000085 0.000414 0.006867 0.013318 0.000824 0.006497 0.000709 0.000607 0.000004 0.005964
 0.010364 0.000001 0.000344 0.000204 0.000168 0.043028 0.000010 0.000177 0.000044 0.001280 0.000085 0.000414 0.006867 0.013318 0.000824 0.915587 0.000709 0.000607 0.000004 0.005964
 0.010364 0.000001 0.000344 0.000204 0.000168 0.043028 0.000010 0.000177 0.000044 0.001280 0.000085 0.000414 0.006867 0.922409 0.000824 0.006497 0.000709 0.000607 0.000004 0.005964
 0.010364 0.000001 0.000344 0.000204 0.000168 0.952119 0.000010 0.000177 0.000044 0.001280 0.000085 0.000414 0.006867 0.013318 0.000824 0.006497 0.000709 0.000607 0.000004 0.005964
 0.919455 0.000001 0.000344 0.000204 0.000168 0.043028 0.000010 0.000177 0.000044 0.001280 0.000085 0.000414 0.006867 0.013318 0.000824 0.006497 0.000709 0.000607 0.000004 0.005964

MOTIF 22-AAAAAG STREME-22
letter-probability matrix: alength= 20 w= 6 nsites= 42 E= 2.9e+000
 0.995026 0.000000 0.000021 0.000013 0.000010 0.002657 0.000001 0.000011 0.000003 0.000079 0.000005 0.000026 0.000424 0.000822 0.000051 0.000401 0.000044 0.000037 0.000000 0.000368
 0.995026 0.000000 0.000021 0.000013 0.000010 0.002657 0.000001 0.000011 0.000003 0.000079 0.000005 0.000026 0.000424 0.000822 0.000051 0.000401 0.000044 0.000037 0.000000 0.000368
 0.995026 0.000000 0.000021 0.000013 0.000010 0.002657 0.000001 0.000011 0.000003 0.000079 0.000005 0.000026 0.000424 0.000822 0.000051 0.000401 0.000044 0.000037 0.000000 0.000368
 0.995026 0.000000 0.000021 0.000013 0.000010 0.002657 0.000001 0.000011 0.000003 0.000079 0.000005 0.000026 0.000424 0.000822 0.000051 0.000401 0.000044 0.000037 0.000000 0.000368
 0.995026 0.000000 0.000021 0.000013 0.000010 0.002657 0.000001 0.000011 0.000003 0.000079 0.000005 0.000026 0.000424 0.000822 0.000051 0.000401 0.000044 0.000037 0.000000 0.000368
 0.000640 0.000000 0.038932 0.000013 0.000010 0.557226 0.000001 0.000011 0.000003 0.000079 0.000005 0.000026 0.000424 0.000822 0.077875 0.323485 0.000044 0.000037 0.000000 0.000368

MOTIF 23-SGTGQGQAGYSG STREME-23
letter-probability matrix: alength= 20 w= 12 nsites= 39 E= 5.7e+000
 0.000654 0.000000 0.000022 0.000013 0.000011 0.002715 0.000001 0.000011 0.000003 0.000081 0.000005 0.000026 0.000433 0.000840 0.000052 0.994673 0.000045 0.000038 0.000000 0.000376
 0.000654 0.000000 0.000022 0.000013 0.000011 0.996979 0.000001 0.000011 0.000003 0.000081 0.000005 0.000026 0.000433 0.000840 0.000052 0.000410 0.000045 0.000038 0.000000 0.000376
 0.080182 0.000000 0.000022 0.000013 0.000011 0.002715 0.000001 0.000011 0.000003 0.000081 0.000005 0.000026 0.000433 0.000840 0.000052 0.000410 0.914780 0.000038 0.000000 0.000376
 0.000654 0.000000 0.000022 0.000013 0.000011 0.837916 0.000001 0.000011 0.000003 0.000081 0.000005 0.000026 0.000433 0.000840 0.000052 0.159472 0.000045 0.000038 0.000000 0.000376
 0.000654 0.000000 0.000022 0.000013 0.000011 0.002715 0.000001 0.000011 0.000003 0.000081 0.000005 0.000026 0.000433 0.995104 0.000052 0.000410 0.000045 0.000038 0.000000 0.000376
 0.000654 0.000000 0.000022 0.000013 0.000011 0.917447 0.000001 0.000011 0.000003 0.000081 0.000005 0.079557 0.000433 0.000840 0.000052 0.000410 0.000045 0.000038 0.000000 0.000376
 0.000654 0.000000 0.000022 0.000013 0.000011 0.002715 0.000001 0.000011 0.000003 0.000081 0.000005 0.000026 0.000433 0.995104 0.000052 0.000410 0.000045 0.000038 0.000000 0.000376
 0.557501 0.000000 0.000022 0.159075 0.000011 0.281069 0.000001 0.000011 0.000003 0.000081 0.000005 0.000026 0.000433 0.000840 0.000052 0.000410 0.000045 0.000038 0.000000 0.000376
 0.000654 0.000000 0.238615 0.000013 0.000011 0.639090 0.000001 0.000011 0.000003 0.000081 0.000005 0.000026 0.000433 0.000840 0.000052 0.000410 0.000045 0.039802 0.000000 0.079907
 0.000654 0.000000 0.000022 0.000013 0.000011 0.002715 0.000001 0.000011 0.000003 0.000081 0.000005 0.000026 0.000433 0.000840 0.000052 0.000410 0.000045 0.000038 0.000000 0.994640
 0.000654 0.000000 0.000022 0.000013 0.000011 0.201538 0.000001 0.000011 0.000003 0.000081 0.000005 0.000026 0.000433 0.000840 0.000052 0.795850 0.000045 0.000038 0.000000 0.000376
 0.000654 0.000000 0.000022 0.000013 0.000011 0.917447 0.000001 0.000011 0.000003 0.000081 0.000005 0.000026 0.000433 0.000840 0.000052 0.000410 0.079576 0.000038 0.000000 0.000376

********************************************************************************
Stopped because 3 consecutive motifs exceeded the p-value threshold (0.05).
********************************************************************************
COMMAND:	streme --protein --p ./Data/v0_cluster_windows_15mers/cluster_17.fasta --minw 3 --maxw 15 --thresh 0.05 --oc ./Results/v0_Parallel_Run_20250503_171149/streme_out_cluster_17
********************************************************************************
CPU:		Hirokis-MacBook-Air.local
********************************************************************************
FINALTIME:	109.85 seconds
********************************************************************************
