********************************************************************************
STREME - Sensitive, Thorough, Rapid, Enriched Motif Elicitation
********************************************************************************
MEME version 5.5.7 (Release date: Wed Jun 19 13:59:04 2024 -0700)

For further information on how to interpret these results please access https://meme-suite.org/meme.
To get a copy of the MEME Suite software please access https://meme-suite.org.

********************************************************************************


********************************************************************************
REFERENCE
********************************************************************************
If you use this program in your research, please cite:

Timothy L. Bailey,
"STREME: accurate and versatile sequence motif discovery",
Bioinformatics, Mar. 24, 2021.
********************************************************************************


ALPHABET= ACDEFGHIKLMNPQRSTVWY

strands: +

Background letter frequencies
A 0.235 C 7.08e-05 D 0.0851 E 7.08e-05 F 0.0666 G 0.312 H 7.08e-05 I 7.08e-05 K 7.08e-05 L 0.00574 M 7.08e-05 N 0.0426 P 7.08e-05 Q 0.0652 R 0.0695 S 0.0298 T 0.0652 V 0.00149 W 7.08e-05 Y 0.0213 

MOTIF 1-TGNRAGD STREME-1
letter-probability matrix: alength= 20 w= 7 nsites= 47 S= 6.2e-028
 0.018918 0.000000 0.000225 0.000000 0.000176 0.000823 0.000000 0.000000 0.000000 0.000015 0.000000 0.000112 0.000000 0.000172 0.000183 0.000079 0.979235 0.000004 0.000000 0.000056
 0.000621 0.000000 0.000225 0.000000 0.000176 0.998183 0.000000 0.000000 0.000000 0.000015 0.000000 0.000112 0.000000 0.000172 0.000183 0.000079 0.000172 0.000004 0.000000 0.000056
 0.000621 0.000000 0.263448 0.000000 0.000176 0.000823 0.000000 0.000000 0.000000 0.000015 0.000000 0.641013 0.000000 0.000172 0.000183 0.093314 0.000172 0.000004 0.000000 0.000056
 0.000621 0.000000 0.000225 0.000000 0.000176 0.000823 0.000000 0.000000 0.000000 0.000015 0.000000 0.000112 0.000000 0.000172 0.997544 0.000079 0.000172 0.000004 0.000000 0.000056
 0.997981 0.000000 0.000225 0.000000 0.000176 0.000823 0.000000 0.000000 0.000000 0.000015 0.000000 0.000112 0.000000 0.000172 0.000183 0.000079 0.000172 0.000004 0.000000 0.000056
 0.037500 0.000000 0.000225 0.000000 0.000176 0.961304 0.000000 0.000000 0.000000 0.000015 0.000000 0.000112 0.000000 0.000172 0.000183 0.000079 0.000172 0.000004 0.000000 0.000056
 0.000621 0.000000 0.979288 0.000000 0.000176 0.000823 0.000000 0.000000 0.000000 0.000015 0.000000 0.018409 0.000000 0.000172 0.000183 0.000079 0.000172 0.000004 0.000000 0.000056

MOTIF 2-AFAQ STREME-2
letter-probability matrix: alength= 20 w= 4 nsites= 46 S= 3.0e-026
 0.994668 0.000000 0.000593 0.000000 0.000465 0.002173 0.000000 0.000000 0.000000 0.000040 0.000000 0.000297 0.000000 0.000455 0.000484 0.000208 0.000455 0.000010 0.000000 0.000149
 0.001640 0.000000 0.000593 0.000000 0.993493 0.002173 0.000000 0.000000 0.000000 0.000040 0.000000 0.000297 0.000000 0.000455 0.000484 0.000208 0.000455 0.000010 0.000000 0.000149
 0.994668 0.000000 0.000593 0.000000 0.000465 0.002173 0.000000 0.000000 0.000000 0.000040 0.000000 0.000297 0.000000 0.000455 0.000484 0.000208 0.000455 0.000010 0.000000 0.000149
 0.001640 0.000000 0.000593 0.000000 0.000465 0.002173 0.000000 0.000000 0.000000 0.000040 0.000000 0.000297 0.000000 0.945163 0.048804 0.000208 0.000455 0.000010 0.000000 0.000149

MOTIF 3-GAG STREME-3
letter-probability matrix: alength= 20 w= 3 nsites= 28 S= 1.5e-004
 0.021381 0.000006 0.007732 0.000006 0.006058 0.937426 0.000006 0.000006 0.000006 0.000522 0.000006 0.003869 0.000006 0.005930 0.006316 0.002711 0.005930 0.000135 0.000006 0.001938
 0.930472 0.000006 0.007732 0.000006 0.006058 0.028335 0.000006 0.000006 0.000006 0.000522 0.000006 0.003869 0.000006 0.005930 0.006316 0.002711 0.005930 0.000135 0.000006 0.001938
 0.021381 0.000006 0.007732 0.000006 0.006058 0.937426 0.000006 0.000006 0.000006 0.000522 0.000006 0.003869 0.000006 0.005930 0.006316 0.002711 0.005930 0.000135 0.000006 0.001938

MOTIF 4-AGSG STREME-4
letter-probability matrix: alength= 20 w= 4 nsites= 4 S= 5.8e-002
 0.930472 0.000006 0.007732 0.000006 0.006058 0.028335 0.000006 0.000006 0.000006 0.000522 0.000006 0.003869 0.000006 0.005930 0.006316 0.002711 0.005930 0.000135 0.000006 0.001938
 0.021381 0.000006 0.007732 0.000006 0.006058 0.937426 0.000006 0.000006 0.000006 0.000522 0.000006 0.003869 0.000006 0.005930 0.006316 0.002711 0.005930 0.000135 0.000006 0.001938
 0.021381 0.000006 0.007732 0.000006 0.006058 0.028335 0.000006 0.000006 0.000006 0.000522 0.000006 0.003869 0.000006 0.005930 0.006316 0.911802 0.005930 0.000135 0.000006 0.001938
 0.021381 0.000006 0.007732 0.000006 0.006058 0.937426 0.000006 0.000006 0.000006 0.000522 0.000006 0.003869 0.000006 0.005930 0.006316 0.002711 0.005930 0.000135 0.000006 0.001938

MOTIF 5-GGYG STREME-5
letter-probability matrix: alength= 20 w= 4 nsites= 3 S= 1.2e-001
 0.021381 0.000006 0.007732 0.000006 0.006058 0.937426 0.000006 0.000006 0.000006 0.000522 0.000006 0.003869 0.000006 0.005930 0.006316 0.002711 0.005930 0.000135 0.000006 0.001938
 0.021381 0.000006 0.007732 0.000006 0.006058 0.937426 0.000006 0.000006 0.000006 0.000522 0.000006 0.003869 0.000006 0.005930 0.006316 0.002711 0.005930 0.000135 0.000006 0.001938
 0.021381 0.000006 0.007732 0.000006 0.006058 0.028335 0.000006 0.000006 0.000006 0.000522 0.000006 0.003869 0.000006 0.005930 0.006316 0.002711 0.005930 0.000135 0.000006 0.911029
 0.021381 0.000006 0.007732 0.000006 0.006058 0.937426 0.000006 0.000006 0.000006 0.000522 0.000006 0.003869 0.000006 0.005930 0.006316 0.002711 0.005930 0.000135 0.000006 0.001938

********************************************************************************
Stopped because maximum number of motifs (5) reached.
********************************************************************************
COMMAND:	streme --protein --p ./Data/v1_cluster_windows_15mers/cluster_6957.fasta --minw 3 --maxw 15 --thresh 0.05 --oc ./Results/v1_Top500_Run_20250504_162200/streme_out_cluster_6957
********************************************************************************
CPU:		Hirokis-MacBook-Air.local
********************************************************************************
FINALTIME:	0.16 seconds
********************************************************************************
