********************************************************************************
STREME - Sensitive, Thorough, Rapid, Enriched Motif Elicitation
********************************************************************************
MEME version 5.5.7 (Release date: Wed Jun 19 13:59:04 2024 -0700)

For further information on how to interpret these results please access https://meme-suite.org/meme.
To get a copy of the MEME Suite software please access https://meme-suite.org.

********************************************************************************


********************************************************************************
REFERENCE
********************************************************************************
If you use this program in your research, please cite:

Timothy L. Bailey,
"STREME: accurate and versatile sequence motif discovery",
Bioinformatics, Mar. 24, 2021.
********************************************************************************


ALPHABET= ACDEFGHIKLMNPQRSTVWY

strands: +

Background letter frequencies
A 0.284 C 3.33e-05 D 0.0693 E 0.00203 F 0.0007 G 0.188 H 3.33e-05 I 3.33e-05 K 3.33e-05 L 0.00403 M 0.00203 N 3.33e-05 P 0.0567 Q 0.0653 R 0.0027 S 0.218 T 0.0353 V 0.00403 W 3.33e-05 Y 0.068 

MOTIF 1-AAAASSADSQGYGPG STREME-1
letter-probability matrix: alength= 20 w= 15 nsites= 99 E= 1.2e-004
 0.619449 0.000000 0.000108 0.000003 0.000001 0.000293 0.000000 0.000000 0.000000 0.000006 0.000003 0.000000 0.000088 0.000102 0.000004 0.293083 0.086746 0.000006 0.000000 0.000106
 0.868980 0.000000 0.000108 0.010807 0.000001 0.000293 0.000000 0.000000 0.000000 0.000006 0.000003 0.000000 0.000088 0.000102 0.000004 0.087030 0.010858 0.021613 0.000000 0.000106
 0.508865 0.000000 0.000108 0.000003 0.000001 0.000293 0.000000 0.000000 0.000000 0.000006 0.000003 0.000000 0.000088 0.000102 0.000004 0.097834 0.381776 0.010810 0.000000 0.000106
 0.771311 0.000000 0.000108 0.010807 0.000001 0.000293 0.000000 0.000000 0.000000 0.000006 0.032413 0.000000 0.000088 0.000102 0.000004 0.141485 0.032465 0.010810 0.000000 0.000106
 0.011246 0.000000 0.000108 0.000003 0.000001 0.000293 0.000000 0.000000 0.000000 0.000006 0.000003 0.000000 0.000088 0.000102 0.000004 0.987978 0.000055 0.000006 0.000000 0.000106
 0.345849 0.000000 0.000108 0.000003 0.000001 0.032966 0.000000 0.000000 0.000000 0.010810 0.000003 0.000000 0.000088 0.000102 0.000004 0.588203 0.021749 0.000006 0.000000 0.000106
 0.966210 0.000000 0.000108 0.000003 0.000001 0.000293 0.000000 0.000000 0.000000 0.000006 0.000003 0.000000 0.000088 0.000102 0.000004 0.033013 0.000055 0.000006 0.000000 0.000106
 0.000442 0.000000 0.998549 0.000003 0.000001 0.000293 0.000000 0.000000 0.000000 0.000006 0.000003 0.000000 0.000088 0.000102 0.000004 0.000340 0.000055 0.000006 0.000000 0.000106
 0.000442 0.000000 0.000108 0.000003 0.010804 0.000293 0.000000 0.000000 0.000000 0.000006 0.000003 0.000000 0.000088 0.000102 0.000004 0.987978 0.000055 0.000006 0.000000 0.000106
 0.000442 0.000000 0.000108 0.010807 0.000001 0.000293 0.000000 0.000000 0.000000 0.010810 0.000003 0.000000 0.000088 0.976936 0.000004 0.000340 0.000055 0.000006 0.000000 0.000106
 0.000442 0.000000 0.000108 0.000003 0.000001 0.966324 0.000000 0.000000 0.000000 0.000006 0.000003 0.000000 0.000088 0.000102 0.032414 0.000340 0.000055 0.000006 0.000000 0.000106
 0.000442 0.000000 0.000108 0.000003 0.000001 0.000293 0.000000 0.000000 0.000000 0.000006 0.000003 0.000000 0.000088 0.000102 0.000004 0.000340 0.000055 0.000006 0.000000 0.998547
 0.099560 0.000000 0.043585 0.000003 0.000001 0.834446 0.000000 0.000000 0.000000 0.000006 0.000003 0.000000 0.000088 0.000102 0.000004 0.000340 0.000055 0.021700 0.000000 0.000106
 0.076330 0.000000 0.000108 0.000003 0.000001 0.000293 0.000000 0.000000 0.000000 0.043483 0.000003 0.000000 0.857559 0.000102 0.000004 0.011143 0.000055 0.000006 0.000000 0.010909
 0.000442 0.000000 0.000108 0.000003 0.000001 0.987931 0.000000 0.000000 0.000000 0.000006 0.000003 0.000000 0.000088 0.000102 0.010808 0.000340 0.000055 0.000006 0.000000 0.000106

MOTIF 2-SSS STREME-2
letter-probability matrix: alength= 20 w= 3 nsites= 4 E= 1.0e+000
 0.025801 0.000003 0.006302 0.000185 0.000064 0.017083 0.000003 0.000003 0.000003 0.000366 0.000185 0.000003 0.005151 0.005938 0.000245 0.928901 0.003213 0.000366 0.000003 0.006181
 0.025801 0.000003 0.006302 0.000185 0.000064 0.017083 0.000003 0.000003 0.000003 0.000366 0.000185 0.000003 0.005151 0.005938 0.000245 0.928901 0.003213 0.000366 0.000003 0.006181
 0.025801 0.000003 0.006302 0.000185 0.000064 0.017083 0.000003 0.000003 0.000003 0.000366 0.000185 0.000003 0.005151 0.005938 0.000245 0.928901 0.003213 0.000366 0.000003 0.006181

********************************************************************************
Stopped because the next motif had no positive sites with scores > 0.
********************************************************************************
COMMAND:	streme --protein --p ./Data/v1_cluster_windows_15mers/cluster_10307.fasta --minw 3 --maxw 15 --thresh 0.05 --oc ./Results/v1_Top500_Run_20250504_162200/streme_out_cluster_10307
********************************************************************************
CPU:		Hirokis-MacBook-Air.local
********************************************************************************
FINALTIME:	0.18 seconds
********************************************************************************
