********************************************************************************
STREME - Sensitive, Thorough, Rapid, Enriched Motif Elicitation
********************************************************************************
MEME version 5.5.7 (Release date: Wed Jun 19 13:59:04 2024 -0700)

For further information on how to interpret these results please access https://meme-suite.org/meme.
To get a copy of the MEME Suite software please access https://meme-suite.org.

********************************************************************************


********************************************************************************
REFERENCE
********************************************************************************
If you use this program in your research, please cite:

Timothy L. Bailey,
"STREME: accurate and versatile sequence motif discovery",
Bioinformatics, Mar. 24, 2021.
********************************************************************************


ALPHABET= ACDEFGHIKLMNPQRSTVWY

strands: +

Background letter frequencies
A 0.218 C 6.53e-05 D 6.53e-05 E 6.53e-05 F 0.00137 G 0.329 H 6.53e-05 I 0.034 K 6.53e-05 L 6.53e-05 M 6.53e-05 N 0.00137 P 6.53e-05 Q 0.00659 R 6.53e-05 S 0.152 T 0.0693 V 0.0523 W 6.53e-05 Y 0.136 

MOTIF 1-SGGYGYGAGA STREME-1
letter-probability matrix: alength= 20 w= 10 nsites= 50 E= 2.0e-002
 0.143329 0.000000 0.000000 0.000000 0.000005 0.117121 0.000000 0.000114 0.000000 0.000000 0.000000 0.000005 0.000000 0.000022 0.000000 0.715414 0.000231 0.000174 0.000000 0.023584
 0.116751 0.000000 0.000000 0.000000 0.000005 0.592726 0.000000 0.000114 0.000000 0.000000 0.000000 0.000005 0.000000 0.000022 0.000000 0.023636 0.266112 0.000174 0.000000 0.000453
 0.000728 0.000000 0.000000 0.000000 0.000005 0.853185 0.000000 0.000114 0.000000 0.000000 0.000000 0.000005 0.000000 0.000022 0.000000 0.145081 0.000231 0.000174 0.000000 0.000453
 0.000728 0.000000 0.000000 0.000000 0.000005 0.001098 0.000000 0.000114 0.000000 0.000000 0.000000 0.000005 0.000000 0.000022 0.000000 0.000506 0.000231 0.000174 0.000000 0.997116
 0.000728 0.000000 0.000000 0.000000 0.000005 0.997761 0.000000 0.000114 0.000000 0.000000 0.000000 0.000005 0.000000 0.000022 0.000000 0.000506 0.000231 0.000174 0.000000 0.000453
 0.000728 0.000000 0.000000 0.000000 0.000005 0.001098 0.000000 0.000114 0.000000 0.000000 0.000000 0.000005 0.000000 0.000022 0.000000 0.000506 0.000231 0.000174 0.000000 0.997116
 0.023859 0.000000 0.000000 0.000000 0.000005 0.974630 0.000000 0.000114 0.000000 0.000000 0.000000 0.000005 0.000000 0.000022 0.000000 0.000506 0.000231 0.000174 0.000000 0.000453
 0.740319 0.000000 0.000000 0.000000 0.000005 0.024229 0.000000 0.000114 0.000000 0.000000 0.000000 0.000005 0.000000 0.000022 0.000000 0.070267 0.164410 0.000174 0.000000 0.000453
 0.120198 0.000000 0.000000 0.000000 0.000005 0.615798 0.000000 0.000114 0.000000 0.000000 0.000000 0.000005 0.000000 0.000022 0.000000 0.262999 0.000231 0.000174 0.000000 0.000453
 0.472518 0.000000 0.000000 0.000000 0.000005 0.143699 0.000000 0.000114 0.000000 0.000000 0.000000 0.023135 0.000000 0.000022 0.000000 0.336516 0.023362 0.000174 0.000000 0.000453

MOTIF 2-IVT STREME-2
letter-probability matrix: alength= 20 w= 3 nsites= 25 E= 1.2e-001
 0.019829 0.000006 0.000006 0.000006 0.000125 0.029911 0.000006 0.912183 0.000006 0.000006 0.000006 0.000125 0.000006 0.000599 0.000006 0.013774 0.006297 0.004753 0.000006 0.012346
 0.019829 0.000006 0.000006 0.000006 0.000125 0.029911 0.000006 0.003092 0.000006 0.000006 0.000006 0.000125 0.000006 0.000599 0.000006 0.013774 0.006297 0.913844 0.000006 0.012346
 0.019829 0.000006 0.000006 0.000006 0.000125 0.029911 0.000006 0.003092 0.000006 0.000006 0.000006 0.000125 0.000006 0.000599 0.000006 0.013774 0.915388 0.004753 0.000006 0.012346

MOTIF 3-AGGV STREME-3
letter-probability matrix: alength= 20 w= 4 nsites= 5 E= 5.0e+000
 0.928919 0.000006 0.000006 0.000006 0.000125 0.029911 0.000006 0.003092 0.000006 0.000006 0.000006 0.000125 0.000006 0.000599 0.000006 0.013774 0.006297 0.004753 0.000006 0.012346
 0.019829 0.000006 0.000006 0.000006 0.000125 0.939002 0.000006 0.003092 0.000006 0.000006 0.000006 0.000125 0.000006 0.000599 0.000006 0.013774 0.006297 0.004753 0.000006 0.012346
 0.019829 0.000006 0.000006 0.000006 0.000125 0.939002 0.000006 0.003092 0.000006 0.000006 0.000006 0.000125 0.000006 0.000599 0.000006 0.013774 0.006297 0.004753 0.000006 0.012346
 0.019829 0.000006 0.000006 0.000006 0.000125 0.029911 0.000006 0.003092 0.000006 0.000006 0.000006 0.000125 0.000006 0.000599 0.000006 0.013774 0.006297 0.913844 0.000006 0.012346

MOTIF 4-AGSGAS STREME-4
letter-probability matrix: alength= 20 w= 6 nsites= 2 E= 5.0e+000
 0.928919 0.000006 0.000006 0.000006 0.000125 0.029911 0.000006 0.003092 0.000006 0.000006 0.000006 0.000125 0.000006 0.000599 0.000006 0.013774 0.006297 0.004753 0.000006 0.012346
 0.019829 0.000006 0.000006 0.000006 0.000125 0.939002 0.000006 0.003092 0.000006 0.000006 0.000006 0.000125 0.000006 0.000599 0.000006 0.013774 0.006297 0.004753 0.000006 0.012346
 0.019829 0.000006 0.000006 0.000006 0.000125 0.029911 0.000006 0.003092 0.000006 0.000006 0.000006 0.000125 0.000006 0.000599 0.000006 0.922864 0.006297 0.004753 0.000006 0.012346
 0.019829 0.000006 0.000006 0.000006 0.000125 0.939002 0.000006 0.003092 0.000006 0.000006 0.000006 0.000125 0.000006 0.000599 0.000006 0.013774 0.006297 0.004753 0.000006 0.012346
 0.928919 0.000006 0.000006 0.000006 0.000125 0.029911 0.000006 0.003092 0.000006 0.000006 0.000006 0.000125 0.000006 0.000599 0.000006 0.013774 0.006297 0.004753 0.000006 0.012346
 0.019829 0.000006 0.000006 0.000006 0.000125 0.029911 0.000006 0.003092 0.000006 0.000006 0.000006 0.000125 0.000006 0.000599 0.000006 0.922864 0.006297 0.004753 0.000006 0.012346

MOTIF 5-ASA STREME-5
letter-probability matrix: alength= 20 w= 3 nsites= 6 E= 5.0e+000
 0.928919 0.000006 0.000006 0.000006 0.000125 0.029911 0.000006 0.003092 0.000006 0.000006 0.000006 0.000125 0.000006 0.000599 0.000006 0.013774 0.006297 0.004753 0.000006 0.012346
 0.019829 0.000006 0.000006 0.000006 0.000125 0.029911 0.000006 0.003092 0.000006 0.000006 0.000006 0.000125 0.000006 0.000599 0.000006 0.922864 0.006297 0.004753 0.000006 0.012346
 0.928919 0.000006 0.000006 0.000006 0.000125 0.029911 0.000006 0.003092 0.000006 0.000006 0.000006 0.000125 0.000006 0.000599 0.000006 0.013774 0.006297 0.004753 0.000006 0.012346

********************************************************************************
Stopped because 3 consecutive motifs exceeded the p-value threshold (0.05).
********************************************************************************
COMMAND:	streme --protein --p ./Data/v1_cluster_windows_15mers/cluster_18471.fasta --minw 3 --maxw 15 --thresh 0.05 --oc ./Results/v1_Top500_Run_20250504_162200/streme_out_cluster_18471
********************************************************************************
CPU:		Hirokis-MacBook-Air.local
********************************************************************************
FINALTIME:	0.18 seconds
********************************************************************************
