********************************************************************************
STREME - Sensitive, Thorough, Rapid, Enriched Motif Elicitation
********************************************************************************
MEME version 5.5.7 (Release date: Wed Jun 19 13:59:04 2024 -0700)

For further information on how to interpret these results please access https://meme-suite.org/meme.
To get a copy of the MEME Suite software please access https://meme-suite.org.

********************************************************************************


********************************************************************************
REFERENCE
********************************************************************************
If you use this program in your research, please cite:

Timothy L. Bailey,
"STREME: accurate and versatile sequence motif discovery",
Bioinformatics, Mar. 24, 2021.
********************************************************************************


ALPHABET= ACDEFGHIKLMNPQRSTVWY

strands: +

Background letter frequencies
A 0.0651 C 0.0004 D 0.00497 E 0.00306 F 0.00535 G 0.299 H 1.9e-05 I 0.0575 K 1.9e-05 L 0.0693 M 0.0004 N 0.0716 P 0.0617 Q 0.0674 R 0.000781 S 0.14 T 0.0152 V 0.00535 W 1.9e-05 Y 0.132 

MOTIF 1-AISLGYGQNGYGPGS STREME-1
letter-probability matrix: alength= 20 w= 15 nsites= 174 E= 1.7e-009
 0.731455 0.000000 0.006288 0.000003 0.000005 0.000271 0.000000 0.000052 0.000000 0.000063 0.000000 0.000065 0.000056 0.000061 0.000001 0.261541 0.000014 0.000005 0.000000 0.000120
 0.000059 0.000000 0.000005 0.000003 0.025167 0.000271 0.000000 0.866612 0.000000 0.069647 0.006284 0.000065 0.000056 0.000061 0.000001 0.000127 0.000014 0.031509 0.000000 0.000120
 0.000059 0.000000 0.000005 0.000003 0.000005 0.000271 0.000000 0.000052 0.000000 0.000063 0.000000 0.000065 0.012652 0.000061 0.000001 0.980342 0.006297 0.000005 0.000000 0.000120
 0.000059 0.000000 0.000005 0.000003 0.050710 0.000271 0.000000 0.000052 0.000000 0.948451 0.000000 0.000065 0.000056 0.000061 0.000001 0.000127 0.000014 0.000005 0.000000 0.000120
 0.006342 0.000000 0.018855 0.000003 0.000005 0.949010 0.000000 0.000052 0.000000 0.000063 0.000000 0.000065 0.000056 0.000061 0.000001 0.006410 0.018951 0.000005 0.000000 0.000120
 0.000059 0.000000 0.000005 0.000003 0.000005 0.000271 0.000000 0.000052 0.000000 0.000063 0.000000 0.000065 0.000056 0.000061 0.000001 0.006410 0.000014 0.000005 0.000000 0.992930
 0.000059 0.000000 0.012600 0.000003 0.000005 0.980485 0.000000 0.000052 0.000000 0.000063 0.000000 0.000065 0.000056 0.000061 0.000001 0.006410 0.000014 0.000005 0.000000 0.000120
 0.000059 0.000000 0.000005 0.000003 0.000005 0.000271 0.000000 0.000052 0.000000 0.000063 0.000000 0.000065 0.000056 0.999155 0.000001 0.000127 0.000014 0.000005 0.000000 0.000120
 0.000059 0.000000 0.006288 0.000003 0.000005 0.000271 0.000000 0.000052 0.000000 0.000063 0.000000 0.974025 0.000056 0.000061 0.000001 0.012694 0.006297 0.000005 0.000000 0.000120
 0.006342 0.000000 0.006288 0.044044 0.000005 0.923906 0.000000 0.000052 0.000000 0.000063 0.000000 0.000065 0.000056 0.000061 0.000001 0.018977 0.000014 0.000005 0.000000 0.000120
 0.000059 0.000000 0.000005 0.000003 0.000005 0.255288 0.000000 0.000052 0.000000 0.000063 0.000000 0.000065 0.000056 0.000061 0.000001 0.000127 0.000014 0.012572 0.000000 0.731629
 0.006342 0.006284 0.012600 0.000003 0.000005 0.681484 0.000000 0.000052 0.000000 0.000063 0.000000 0.006348 0.000056 0.000061 0.012568 0.006410 0.000014 0.006288 0.000000 0.261421
 0.006342 0.000000 0.006288 0.000003 0.012600 0.223842 0.000000 0.000052 0.000000 0.006346 0.000000 0.006348 0.668587 0.000061 0.000001 0.056822 0.000014 0.006288 0.000000 0.006404
 0.044129 0.000000 0.000005 0.000003 0.000005 0.461568 0.000000 0.000052 0.000000 0.006346 0.000000 0.057054 0.242478 0.000061 0.000001 0.175592 0.006297 0.006288 0.000000 0.000120
 0.171538 0.000000 0.000005 0.000003 0.000005 0.025579 0.000000 0.000052 0.000000 0.006346 0.000000 0.038056 0.000056 0.000061 0.000001 0.565949 0.185941 0.006288 0.000000 0.000120

MOTIF 2-ATL STREME-2
letter-probability matrix: alength= 20 w= 3 nsites= 1 E= 4.0e+000
 0.882132 0.000050 0.000627 0.000386 0.000674 0.037696 0.000002 0.007252 0.000002 0.008741 0.000050 0.009028 0.007780 0.008500 0.000098 0.017675 0.001923 0.000674 0.000002 0.016705
 0.008212 0.000050 0.000627 0.000386 0.000674 0.037696 0.000002 0.007252 0.000002 0.008741 0.000050 0.009028 0.007780 0.008500 0.000098 0.017675 0.875843 0.000674 0.000002 0.016705
 0.008212 0.000050 0.000627 0.000386 0.000674 0.037696 0.000002 0.007252 0.000002 0.882661 0.000050 0.009028 0.007780 0.008500 0.000098 0.017675 0.001923 0.000674 0.000002 0.016705

MOTIF 3-GYGEQ STREME-3
letter-probability matrix: alength= 20 w= 5 nsites= 1 E= 4.0e+000
 0.008212 0.000050 0.000627 0.000386 0.000674 0.911616 0.000002 0.007252 0.000002 0.008741 0.000050 0.009028 0.007780 0.008500 0.000098 0.017675 0.001923 0.000674 0.000002 0.016705
 0.008212 0.000050 0.000627 0.000386 0.000674 0.037696 0.000002 0.007252 0.000002 0.008741 0.000050 0.009028 0.007780 0.008500 0.000098 0.017675 0.001923 0.000674 0.000002 0.890625
 0.008212 0.000050 0.000627 0.000386 0.000674 0.911616 0.000002 0.007252 0.000002 0.008741 0.000050 0.009028 0.007780 0.008500 0.000098 0.017675 0.001923 0.000674 0.000002 0.016705
 0.008212 0.000050 0.000627 0.874306 0.000674 0.037696 0.000002 0.007252 0.000002 0.008741 0.000050 0.009028 0.007780 0.008500 0.000098 0.017675 0.001923 0.000674 0.000002 0.016705
 0.008212 0.000050 0.000627 0.000386 0.000674 0.037696 0.000002 0.007252 0.000002 0.008741 0.000050 0.009028 0.007780 0.882420 0.000098 0.017675 0.001923 0.000674 0.000002 0.016705

MOTIF 4-SGAGQNQ STREME-4
letter-probability matrix: alength= 20 w= 7 nsites= 1 E= 4.0e+000
 0.008212 0.000050 0.000627 0.000386 0.000674 0.037696 0.000002 0.007252 0.000002 0.008741 0.000050 0.009028 0.007780 0.008500 0.000098 0.891595 0.001923 0.000674 0.000002 0.016705
 0.008212 0.000050 0.000627 0.000386 0.000674 0.911616 0.000002 0.007252 0.000002 0.008741 0.000050 0.009028 0.007780 0.008500 0.000098 0.017675 0.001923 0.000674 0.000002 0.016705
 0.882132 0.000050 0.000627 0.000386 0.000674 0.037696 0.000002 0.007252 0.000002 0.008741 0.000050 0.009028 0.007780 0.008500 0.000098 0.017675 0.001923 0.000674 0.000002 0.016705
 0.008212 0.000050 0.000627 0.000386 0.000674 0.911616 0.000002 0.007252 0.000002 0.008741 0.000050 0.009028 0.007780 0.008500 0.000098 0.017675 0.001923 0.000674 0.000002 0.016705
 0.008212 0.000050 0.000627 0.000386 0.000674 0.037696 0.000002 0.007252 0.000002 0.008741 0.000050 0.009028 0.007780 0.882420 0.000098 0.017675 0.001923 0.000674 0.000002 0.016705
 0.008212 0.000050 0.000627 0.000386 0.000674 0.037696 0.000002 0.007252 0.000002 0.008741 0.000050 0.882948 0.007780 0.008500 0.000098 0.017675 0.001923 0.000674 0.000002 0.016705
 0.008212 0.000050 0.000627 0.000386 0.000674 0.037696 0.000002 0.007252 0.000002 0.008741 0.000050 0.009028 0.007780 0.882420 0.000098 0.017675 0.001923 0.000674 0.000002 0.016705

********************************************************************************
Stopped because 3 consecutive motifs exceeded the p-value threshold (0.05).
********************************************************************************
COMMAND:	streme --protein --p ./Data/v1_cluster_windows_15mers/cluster_10189.fasta --minw 3 --maxw 15 --thresh 0.05 --oc ./Results/v1_Top500_Run_20250504_162200/streme_out_cluster_10189
********************************************************************************
CPU:		Hirokis-MacBook-Air.local
********************************************************************************
FINALTIME:	0.34 seconds
********************************************************************************
