********************************************************************************
STREME - Sensitive, Thorough, Rapid, Enriched Motif Elicitation
********************************************************************************
MEME version 5.5.7 (Release date: Wed Jun 19 13:59:04 2024 -0700)

For further information on how to interpret these results please access https://meme-suite.org/meme.
To get a copy of the MEME Suite software please access https://meme-suite.org.

********************************************************************************


********************************************************************************
REFERENCE
********************************************************************************
If you use this program in your research, please cite:

Timothy L. Bailey,
"STREME: accurate and versatile sequence motif discovery",
Bioinformatics, Mar. 24, 2021.
********************************************************************************


ALPHABET= ACDEFGHIKLMNPQRSTVWY

strands: +

Background letter frequencies
A 0.201 C 6.93e-05 D 6.93e-05 E 6.93e-05 F 6.93e-05 G 0.234 H 6.93e-05 I 0.00423 K 6.93e-05 L 0.0639 M 6.93e-05 N 0.133 P 0.068 Q 6.93e-05 R 0.00146 S 0.169 T 0.0542 V 0.0694 W 6.93e-05 Y 6.93e-05 

MOTIF 1-SGPTNGAAVSGALNS STREME-1
letter-probability matrix: alength= 20 w= 15 nsites= 48 S= 1.6e-028
 0.018290 0.000006 0.000006 0.000006 0.000006 0.021317 0.000006 0.000385 0.000006 0.005806 0.000006 0.012108 0.006184 0.000006 0.000132 0.924481 0.004923 0.006311 0.000006 0.000006
 0.018290 0.000006 0.000006 0.000006 0.000006 0.930408 0.000006 0.000385 0.000006 0.005806 0.000006 0.012108 0.006184 0.000006 0.000132 0.015390 0.004923 0.006311 0.000006 0.000006
 0.018290 0.000006 0.000006 0.000006 0.000006 0.021317 0.000006 0.000385 0.000006 0.005806 0.000006 0.012108 0.915275 0.000006 0.000132 0.015390 0.004923 0.006311 0.000006 0.000006
 0.018290 0.000006 0.000006 0.000006 0.000006 0.021317 0.000006 0.000385 0.000006 0.005806 0.000006 0.012108 0.006184 0.000006 0.000132 0.015390 0.914014 0.006311 0.000006 0.000006
 0.018290 0.000006 0.000006 0.000006 0.000006 0.021317 0.000006 0.000385 0.000006 0.005806 0.000006 0.921199 0.006184 0.000006 0.000132 0.015390 0.004923 0.006311 0.000006 0.000006
 0.018290 0.000006 0.000006 0.000006 0.000006 0.930408 0.000006 0.000385 0.000006 0.005806 0.000006 0.012108 0.006184 0.000006 0.000132 0.015390 0.004923 0.006311 0.000006 0.000006
 0.927381 0.000006 0.000006 0.000006 0.000006 0.021317 0.000006 0.000385 0.000006 0.005806 0.000006 0.012108 0.006184 0.000006 0.000132 0.015390 0.004923 0.006311 0.000006 0.000006
 0.927381 0.000006 0.000006 0.000006 0.000006 0.021317 0.000006 0.000385 0.000006 0.005806 0.000006 0.012108 0.006184 0.000006 0.000132 0.015390 0.004923 0.006311 0.000006 0.000006
 0.018290 0.000006 0.000006 0.000006 0.000006 0.021317 0.000006 0.000385 0.000006 0.005806 0.000006 0.012108 0.006184 0.000006 0.000132 0.015390 0.004923 0.915401 0.000006 0.000006
 0.018290 0.000006 0.000006 0.000006 0.000006 0.021317 0.000006 0.000385 0.000006 0.005806 0.000006 0.012108 0.006184 0.000006 0.000132 0.924481 0.004923 0.006311 0.000006 0.000006
 0.018290 0.000006 0.000006 0.000006 0.000006 0.930408 0.000006 0.000385 0.000006 0.005806 0.000006 0.012108 0.006184 0.000006 0.000132 0.015390 0.004923 0.006311 0.000006 0.000006
 0.927381 0.000006 0.000006 0.000006 0.000006 0.021317 0.000006 0.000385 0.000006 0.005806 0.000006 0.012108 0.006184 0.000006 0.000132 0.015390 0.004923 0.006311 0.000006 0.000006
 0.018290 0.000006 0.000006 0.000006 0.000006 0.021317 0.000006 0.000385 0.000006 0.914897 0.000006 0.012108 0.006184 0.000006 0.000132 0.015390 0.004923 0.006311 0.000006 0.000006
 0.018290 0.000006 0.000006 0.000006 0.000006 0.021317 0.000006 0.000385 0.000006 0.005806 0.000006 0.921199 0.006184 0.000006 0.000132 0.015390 0.004923 0.006311 0.000006 0.000006
 0.018290 0.000006 0.000006 0.000006 0.000006 0.021317 0.000006 0.000385 0.000006 0.005806 0.000006 0.012108 0.006184 0.000006 0.000132 0.924481 0.004923 0.006311 0.000006 0.000006

********************************************************************************
Stopped because the next motif had no positive sites with scores > 0.
********************************************************************************
COMMAND:	streme --protein --p ./Data/v1_cluster_windows_15mers/cluster_20473.fasta --minw 3 --maxw 15 --thresh 0.05 --oc ./Results/v1_Top500_Run_20250504_162200/streme_out_cluster_20473
********************************************************************************
CPU:		Hirokis-MacBook-Air.local
********************************************************************************
FINALTIME:	0.11 seconds
********************************************************************************
