********************************************************************************
STREME - Sensitive, Thorough, Rapid, Enriched Motif Elicitation
********************************************************************************
MEME version 5.5.7 (Release date: Wed Jun 19 13:59:04 2024 -0700)

For further information on how to interpret these results please access https://meme-suite.org/meme.
To get a copy of the MEME Suite software please access https://meme-suite.org.

********************************************************************************


********************************************************************************
REFERENCE
********************************************************************************
If you use this program in your research, please cite:

Timothy L. Bailey,
"STREME: accurate and versatile sequence motif discovery",
Bioinformatics, Mar. 24, 2021.
********************************************************************************


ALPHABET= ACDEFGHIKLMNPQRSTVWY

strands: +

Background letter frequencies
A 0.0595 C 9.21e-06 D 0.00111 E 0.135 F 0.000562 G 0.395 H 9.21e-06 I 0.123 K 9.21e-06 L 0.00093 M 0.000746 N 9.21e-06 P 0.0168 Q 0.0083 R 0.000746 S 0.161 T 0.0144 V 0.0083 W 9.21e-06 Y 0.0751 

MOTIF 1-GGYEEIISSG STREME-1
letter-probability matrix: alength= 20 w= 10 nsites= 362 E= 1.4e-020
 0.000024 0.000000 0.000000 0.000055 0.000000 0.999755 0.000000 0.000050 0.000000 0.000000 0.000000 0.000000 0.000007 0.000003 0.000000 0.000065 0.000006 0.000003 0.000000 0.000030
 0.000024 0.000000 0.000000 0.000055 0.000000 0.991326 0.000000 0.000050 0.000000 0.000000 0.000000 0.000000 0.000007 0.000003 0.002808 0.005687 0.000006 0.000003 0.000000 0.000030
 0.000024 0.000000 0.000000 0.000055 0.000000 0.002968 0.000000 0.000050 0.000000 0.000000 0.000000 0.000000 0.000007 0.000003 0.000000 0.000065 0.000006 0.000003 0.000000 0.996818
 0.000024 0.000000 0.005622 0.954532 0.000000 0.000160 0.000000 0.000050 0.000000 0.000000 0.000000 0.000000 0.000007 0.019751 0.000000 0.000065 0.016946 0.000003 0.000000 0.002838
 0.000024 0.000000 0.005616 0.982766 0.000000 0.000160 0.000000 0.000050 0.000000 0.000000 0.000000 0.000000 0.000007 0.000003 0.000000 0.000065 0.011274 0.000003 0.000000 0.000030
 0.000024 0.000000 0.000000 0.016995 0.000000 0.000160 0.000000 0.920255 0.000000 0.002808 0.005622 0.000000 0.000007 0.000003 0.000000 0.000065 0.005628 0.048402 0.000000 0.000030
 0.000024 0.000000 0.000000 0.000055 0.002808 0.000160 0.000000 0.963038 0.000000 0.000000 0.000000 0.000000 0.000007 0.000003 0.000000 0.000065 0.000006 0.022534 0.000000 0.011299
 0.000024 0.000000 0.000000 0.019771 0.000000 0.000160 0.000000 0.016990 0.000000 0.000000 0.000000 0.000000 0.000007 0.000003 0.000000 0.862440 0.089326 0.000003 0.000000 0.011274
 0.000024 0.000000 0.000000 0.011298 0.002808 0.177097 0.000000 0.000050 0.000000 0.008430 0.000000 0.000000 0.000007 0.000003 0.005622 0.738114 0.002814 0.000003 0.000000 0.053730
 0.000024 0.000000 0.005616 0.000055 0.000000 0.769296 0.000000 0.000050 0.000000 0.000000 0.000000 0.000000 0.182565 0.000003 0.000000 0.042350 0.000006 0.000003 0.000000 0.000030

MOTIF 2-GAGGS STREME-2
letter-probability matrix: alength= 20 w= 5 nsites= 270 E= 4.8e-009
 0.043086 0.000000 0.000001 0.000083 0.000000 0.956576 0.000000 0.000076 0.000000 0.000001 0.000000 0.000000 0.000010 0.000005 0.000000 0.000099 0.000009 0.000005 0.000000 0.000046
 0.911744 0.000000 0.000001 0.000083 0.000000 0.000244 0.000000 0.000076 0.000000 0.000001 0.000000 0.000000 0.000010 0.000005 0.000000 0.087773 0.000009 0.000005 0.000000 0.000046
 0.000037 0.000000 0.000001 0.000083 0.000000 0.982446 0.000000 0.000076 0.000000 0.000001 0.000000 0.000000 0.000010 0.000005 0.000000 0.017279 0.000009 0.000005 0.000000 0.000046
 0.000037 0.000000 0.000001 0.000083 0.000000 0.999626 0.000000 0.000076 0.000000 0.000001 0.000000 0.000000 0.000010 0.000005 0.000000 0.000099 0.000009 0.000005 0.000000 0.000046
 0.212871 0.000000 0.000001 0.000083 0.000000 0.000244 0.000000 0.000076 0.000000 0.000001 0.000000 0.000000 0.000010 0.004293 0.000000 0.720927 0.052855 0.000005 0.000000 0.008631

MOTIF 3-GGGQ STREME-3
letter-probability matrix: alength= 20 w= 4 nsites= 31 E= 1.6e-001
 0.005407 0.000001 0.000101 0.012255 0.000051 0.945010 0.000001 0.011182 0.000001 0.000085 0.000068 0.000001 0.001524 0.000754 0.000068 0.014600 0.001306 0.000754 0.000001 0.006830
 0.005407 0.000001 0.000101 0.012255 0.000051 0.945010 0.000001 0.011182 0.000001 0.000085 0.000068 0.000001 0.001524 0.000754 0.000068 0.014600 0.001306 0.000754 0.000001 0.006830
 0.005407 0.000001 0.000101 0.012255 0.000051 0.945010 0.000001 0.011182 0.000001 0.000085 0.000068 0.000001 0.001524 0.000754 0.000068 0.014600 0.001306 0.000754 0.000001 0.006830
 0.005407 0.000001 0.000101 0.012255 0.000051 0.035919 0.000001 0.011182 0.000001 0.000085 0.000068 0.000001 0.001524 0.909845 0.000068 0.014600 0.001306 0.000754 0.000001 0.006830

MOTIF 4-GGGGP STREME-4
letter-probability matrix: alength= 20 w= 5 nsites= 21 E= 3.4e-001
 0.000596 0.000000 0.000011 0.001350 0.000006 0.993940 0.000000 0.001232 0.000000 0.000009 0.000007 0.000000 0.000168 0.000083 0.000007 0.001609 0.000144 0.000083 0.000000 0.000753
 0.000596 0.000000 0.000011 0.001350 0.000006 0.993940 0.000000 0.001232 0.000000 0.000009 0.000007 0.000000 0.000168 0.000083 0.000007 0.001609 0.000144 0.000083 0.000000 0.000753
 0.279272 0.000000 0.000011 0.001350 0.000006 0.715264 0.000000 0.001232 0.000000 0.000009 0.000007 0.000000 0.000168 0.000083 0.000007 0.001609 0.000144 0.000083 0.000000 0.000753
 0.000596 0.000000 0.000011 0.001350 0.000006 0.993940 0.000000 0.001232 0.000000 0.000009 0.000007 0.000000 0.000168 0.000083 0.000007 0.001609 0.000144 0.000083 0.000000 0.000753
 0.000596 0.000000 0.000011 0.001350 0.000006 0.003958 0.000000 0.001232 0.000000 0.000009 0.000007 0.000000 0.990150 0.000083 0.000007 0.001609 0.000144 0.000083 0.000000 0.000753

MOTIF 5-EYS STREME-5
letter-probability matrix: alength= 20 w= 3 nsites= 16 E= 4.5e+000
 0.005407 0.000001 0.000101 0.921346 0.000051 0.035919 0.000001 0.011182 0.000001 0.000085 0.000068 0.000001 0.001524 0.000754 0.000068 0.014600 0.001306 0.000754 0.000001 0.006830
 0.005407 0.000001 0.000101 0.012255 0.000051 0.035919 0.000001 0.011182 0.000001 0.000085 0.000068 0.000001 0.001524 0.000754 0.000068 0.014600 0.001306 0.000754 0.000001 0.915921
 0.005407 0.000001 0.000101 0.012255 0.000051 0.035919 0.000001 0.011182 0.000001 0.000085 0.000068 0.000001 0.001524 0.000754 0.000068 0.923691 0.001306 0.000754 0.000001 0.006830

MOTIF 6-AGGSG STREME-6
letter-probability matrix: alength= 20 w= 5 nsites= 9 E= 6.0e+000
 0.914498 0.000001 0.000101 0.012255 0.000051 0.035919 0.000001 0.011182 0.000001 0.000085 0.000068 0.000001 0.001524 0.000754 0.000068 0.014600 0.001306 0.000754 0.000001 0.006830
 0.005407 0.000001 0.000101 0.012255 0.000051 0.945010 0.000001 0.011182 0.000001 0.000085 0.000068 0.000001 0.001524 0.000754 0.000068 0.014600 0.001306 0.000754 0.000001 0.006830
 0.005407 0.000001 0.000101 0.012255 0.000051 0.945010 0.000001 0.011182 0.000001 0.000085 0.000068 0.000001 0.001524 0.000754 0.000068 0.014600 0.001306 0.000754 0.000001 0.006830
 0.005407 0.000001 0.000101 0.012255 0.000051 0.035919 0.000001 0.011182 0.000001 0.000085 0.000068 0.000001 0.001524 0.000754 0.000068 0.923691 0.001306 0.000754 0.000001 0.006830
 0.005407 0.000001 0.000101 0.012255 0.000051 0.945010 0.000001 0.011182 0.000001 0.000085 0.000068 0.000001 0.001524 0.000754 0.000068 0.014600 0.001306 0.000754 0.000001 0.006830

********************************************************************************
Stopped because 3 consecutive motifs exceeded the p-value threshold (0.05).
********************************************************************************
COMMAND:	streme --protein --p ./Data/v1_cluster_windows_15mers/cluster_5708.fasta --minw 3 --maxw 15 --thresh 0.05 --oc ./Results/v1_Top500_Run_20250504_162200/streme_out_cluster_5708
********************************************************************************
CPU:		Hirokis-MacBook-Air.local
********************************************************************************
FINALTIME:	0.54 seconds
********************************************************************************
