********************************************************************************
STREME - Sensitive, Thorough, Rapid, Enriched Motif Elicitation
********************************************************************************
MEME version 5.5.7 (Release date: Wed Jun 19 13:59:04 2024 -0700)

For further information on how to interpret these results please access https://meme-suite.org/meme.
To get a copy of the MEME Suite software please access https://meme-suite.org.

********************************************************************************


********************************************************************************
REFERENCE
********************************************************************************
If you use this program in your research, please cite:

Timothy L. Bailey,
"STREME: accurate and versatile sequence motif discovery",
Bioinformatics, Mar. 24, 2021.
********************************************************************************


ALPHABET= ACDEFGHIKLMNPQRSTVWY

strands: +

Background letter frequencies
A 0.135 C 0.005 D 0.0142 E 0.0129 F 0.00814 G 0.0723 H 0.00742 I 0.0492 K 0.00107 L 0.0766 M 0.0105 N 0.0548 P 0.0303 Q 0.0385 R 0.0314 S 0.292 T 0.0358 V 0.11 W 0.000184 Y 0.0152 

MOTIF 1-SRVSSAV STREME-1
letter-probability matrix: alength= 20 w= 7 nsites= 3800 E= 1.1e-088
 0.072756 0.000000 0.001457 0.000001 0.000000 0.000003 0.000000 0.000002 0.000000 0.001751 0.000000 0.051575 0.000875 0.002915 0.000875 0.832234 0.021272 0.000005 0.000000 0.014278
 0.169150 0.000000 0.004954 0.000001 0.000000 0.029356 0.001748 0.000002 0.000000 0.000003 0.007576 0.004664 0.000001 0.002333 0.722937 0.002762 0.054507 0.000005 0.000000 0.000001
 0.000006 0.000000 0.000001 0.000001 0.000000 0.000003 0.000000 0.154885 0.000000 0.294178 0.044133 0.000002 0.000001 0.000002 0.000001 0.000012 0.000002 0.506771 0.000000 0.000001
 0.022350 0.000000 0.000001 0.000001 0.000000 0.002334 0.000000 0.000002 0.000000 0.000003 0.000000 0.000002 0.000001 0.006995 0.000001 0.956647 0.011657 0.000005 0.000000 0.000001
 0.022059 0.000000 0.000001 0.002040 0.001748 0.000003 0.000000 0.000002 0.000000 0.000003 0.000000 0.081345 0.000001 0.004955 0.000001 0.842058 0.045777 0.000005 0.000000 0.000001
 0.427392 0.000000 0.000001 0.000001 0.002040 0.000003 0.008450 0.008452 0.000000 0.106552 0.007284 0.017779 0.223766 0.003789 0.000001 0.091287 0.046936 0.056266 0.000000 0.000001
 0.208190 0.000000 0.031188 0.042965 0.000000 0.000003 0.000000 0.018848 0.000000 0.000003 0.001748 0.000002 0.000001 0.026561 0.000001 0.141382 0.013112 0.515994 0.000000 0.000001

MOTIF 2-VGQV STREME-2
letter-probability matrix: alength= 20 w= 4 nsites= 1773 E= 6.3e-047
 0.000015 0.000001 0.000002 0.000001 0.052642 0.000008 0.000001 0.327220 0.000000 0.007998 0.000001 0.022355 0.000003 0.000004 0.000003 0.000032 0.000004 0.566036 0.000000 0.023673
 0.050546 0.000001 0.000763 0.000001 0.000001 0.623838 0.000001 0.000005 0.000000 0.000008 0.000001 0.000006 0.000003 0.000766 0.000003 0.323575 0.000467 0.000012 0.000000 0.000002
 0.000015 0.000001 0.000002 0.000001 0.000001 0.000008 0.000001 0.000005 0.000000 0.000008 0.000001 0.000006 0.000003 0.999894 0.000003 0.000032 0.000004 0.000012 0.000000 0.000002
 0.004044 0.000001 0.000002 0.002566 0.000001 0.000008 0.000001 0.259006 0.000000 0.000008 0.000001 0.000006 0.000003 0.000004 0.000003 0.112736 0.026802 0.594806 0.000000 0.000002

MOTIF 3-VHILS STREME-3
letter-probability matrix: alength= 20 w= 5 nsites= 1437 E= 3.8e-046
 0.003292 0.000001 0.000002 0.000002 0.001639 0.001647 0.000001 0.219093 0.000000 0.061800 0.000001 0.000006 0.000004 0.000005 0.000004 0.006834 0.000004 0.705666 0.000000 0.000002
 0.023002 0.000001 0.000002 0.000002 0.000001 0.000009 0.813534 0.000006 0.000000 0.000009 0.000001 0.004921 0.000004 0.053908 0.000004 0.041048 0.063535 0.000013 0.000000 0.000002
 0.000016 0.000001 0.000002 0.000002 0.000001 0.000009 0.000001 0.831610 0.000000 0.026221 0.006554 0.000006 0.000004 0.000005 0.000004 0.000034 0.000004 0.135525 0.000000 0.000002
 0.000016 0.000001 0.000002 0.000002 0.000001 0.000009 0.000001 0.015091 0.000000 0.973602 0.000001 0.000006 0.000004 0.000005 0.000004 0.000034 0.000004 0.011217 0.000000 0.000002
 0.013945 0.000001 0.000002 0.000002 0.000001 0.297837 0.000001 0.000006 0.012288 0.000009 0.000001 0.053431 0.000004 0.000005 0.018031 0.604420 0.000004 0.000013 0.000000 0.000002

MOTIF 4-ASNPGLS STREME-4
letter-probability matrix: alength= 20 w= 7 nsites= 1180 E= 2.4e-039
 0.639375 0.000001 0.000002 0.011162 0.000001 0.009310 0.000001 0.001866 0.000000 0.056224 0.000001 0.007447 0.000004 0.013956 0.000004 0.231789 0.006514 0.001875 0.000000 0.020468
 0.038783 0.000001 0.004651 0.000932 0.000001 0.013029 0.000001 0.002796 0.000000 0.000010 0.000001 0.065123 0.000004 0.000935 0.000004 0.868126 0.002795 0.000945 0.001860 0.000002
 0.012108 0.000001 0.002792 0.007442 0.000001 0.000010 0.033485 0.000007 0.000000 0.000010 0.000001 0.480695 0.000004 0.013025 0.000004 0.375023 0.056775 0.000015 0.000000 0.018603
 0.012880 0.000001 0.000002 0.000002 0.000001 0.000010 0.000001 0.000007 0.000000 0.005591 0.000001 0.000007 0.909779 0.000005 0.000004 0.069827 0.001865 0.000015 0.000000 0.000002
 0.000018 0.000001 0.000002 0.024187 0.000001 0.947788 0.000001 0.000007 0.000000 0.000010 0.000001 0.014891 0.000004 0.000005 0.000004 0.013059 0.000005 0.000015 0.000000 0.000002
 0.240576 0.000001 0.000002 0.000002 0.000001 0.000010 0.000001 0.022327 0.000000 0.637059 0.017671 0.000007 0.000004 0.000005 0.000004 0.021431 0.000005 0.054383 0.000000 0.006512
 0.030731 0.000001 0.000002 0.000002 0.000001 0.000010 0.000001 0.000007 0.000000 0.019542 0.000001 0.007448 0.005584 0.000005 0.000004 0.934780 0.001865 0.000015 0.000000 0.000002

MOTIF 5-ALLEVI STREME-5
letter-probability matrix: alength= 20 w= 6 nsites= 1111 E= 1.3e-027
 0.565976 0.000001 0.000002 0.000002 0.000001 0.002039 0.000001 0.001021 0.000000 0.002039 0.000002 0.000008 0.000004 0.000006 0.000005 0.240723 0.055793 0.132374 0.000000 0.000002
 0.000020 0.000001 0.000002 0.000002 0.000001 0.000011 0.000001 0.000007 0.000000 0.999865 0.000002 0.000008 0.000004 0.000006 0.000005 0.000043 0.000005 0.000016 0.000000 0.000002
 0.000020 0.000001 0.000002 0.000002 0.000001 0.000011 0.000001 0.009555 0.000000 0.394397 0.040568 0.000008 0.180277 0.000006 0.000005 0.373095 0.002033 0.000016 0.000000 0.000002
 0.000020 0.000001 0.014201 0.425151 0.000001 0.061891 0.000001 0.000007 0.000000 0.000011 0.000002 0.267085 0.000004 0.022400 0.001019 0.207169 0.001019 0.000016 0.000000 0.000002
 0.000020 0.001015 0.000002 0.000002 0.002029 0.000011 0.000001 0.236063 0.000000 0.070046 0.013185 0.000008 0.000004 0.000006 0.000005 0.000043 0.086249 0.591308 0.000000 0.000002
 0.000020 0.000001 0.000002 0.000002 0.004058 0.000011 0.000001 0.625352 0.000000 0.037536 0.006086 0.000008 0.000004 0.000006 0.000005 0.008157 0.007104 0.311645 0.000000 0.000002

MOTIF 6-GCEVLVQ STREME-6
letter-probability matrix: alength= 20 w= 7 nsites= 569 E= 5.4e-021
 0.015897 0.000001 0.073361 0.116985 0.000002 0.414836 0.000002 0.003979 0.001983 0.000022 0.000003 0.011910 0.000009 0.045606 0.005956 0.249924 0.003975 0.000031 0.000000 0.055517
 0.017881 0.722118 0.000004 0.027762 0.000002 0.073393 0.000002 0.000014 0.000000 0.000022 0.000003 0.023804 0.000009 0.000011 0.000009 0.130954 0.003975 0.000031 0.000000 0.000004
 0.000039 0.000001 0.432587 0.559205 0.000002 0.000021 0.000002 0.000014 0.000000 0.000022 0.000003 0.000016 0.000009 0.007941 0.000009 0.000084 0.000010 0.000031 0.000000 0.000004
 0.057533 0.000001 0.000004 0.000004 0.000002 0.000021 0.000002 0.154659 0.000000 0.055534 0.000003 0.003980 0.000009 0.000011 0.000009 0.006031 0.007940 0.714252 0.000000 0.000004
 0.000039 0.000001 0.000004 0.005951 0.003967 0.000021 0.000002 0.043629 0.000000 0.765787 0.061470 0.000016 0.000009 0.000011 0.001991 0.031807 0.015869 0.051580 0.000000 0.017846
 0.004003 0.000001 0.000004 0.001986 0.000002 0.019850 0.000002 0.202239 0.000000 0.021828 0.000003 0.001998 0.000009 0.000011 0.000009 0.004048 0.025782 0.718219 0.000000 0.000004
 0.000039 0.000001 0.000004 0.041636 0.000002 0.000021 0.000002 0.000014 0.009913 0.000022 0.000003 0.000016 0.000009 0.948181 0.000009 0.000084 0.000010 0.000031 0.000000 0.000004

MOTIF 7-SGGP STREME-7
letter-probability matrix: alength= 20 w= 4 nsites= 1004 E= 4.1e-018
 0.002285 0.000001 0.000003 0.000003 0.001647 0.000700 0.000002 0.000012 0.000000 0.000018 0.000002 0.033336 0.001653 0.000009 0.000007 0.953383 0.000325 0.000026 0.000000 0.006586
 0.000091 0.000001 0.000003 0.000003 0.001647 0.566455 0.000002 0.013379 0.000000 0.000027 0.000002 0.041316 0.000007 0.000056 0.006590 0.358195 0.003904 0.000089 0.000000 0.008232
 0.000046 0.000001 0.000003 0.000003 0.000002 0.990648 0.000002 0.000012 0.000000 0.000018 0.000002 0.001658 0.002344 0.000009 0.004944 0.000178 0.000008 0.000117 0.000000 0.000004
 0.115810 0.000001 0.000041 0.000003 0.016617 0.000042 0.000002 0.000219 0.000000 0.000020 0.000002 0.000013 0.761907 0.004602 0.001653 0.001220 0.013841 0.047455 0.000000 0.036553

MOTIF 8-BYSSAGQSAQ STREME-8
letter-probability matrix: alength= 20 w= 10 nsites= 666 E= 7.3e-018
 0.000031 0.000001 0.334320 0.000003 0.000002 0.000017 0.000002 0.074480 0.000000 0.000018 0.000002 0.589414 0.000007 0.000009 0.000007 0.000067 0.000008 0.000025 0.000000 0.001588
 0.069737 0.000001 0.000003 0.000003 0.218676 0.000017 0.000002 0.004764 0.000000 0.137865 0.055450 0.000013 0.000007 0.000009 0.000007 0.106236 0.034862 0.036464 0.000000 0.335886
 0.034883 0.000001 0.022182 0.000003 0.000002 0.294702 0.000002 0.000011 0.000000 0.000018 0.000002 0.158455 0.000007 0.000009 0.007928 0.465916 0.001592 0.000025 0.000000 0.014261
 0.323268 0.000001 0.000003 0.001587 0.000002 0.122012 0.000002 0.000011 0.000000 0.006354 0.000002 0.036450 0.000007 0.003177 0.026940 0.421523 0.058631 0.000025 0.000000 0.000003
 0.358103 0.000001 0.000003 0.000003 0.000002 0.001601 0.000002 0.085567 0.000000 0.017445 0.000002 0.000013 0.000007 0.000009 0.000007 0.242487 0.028523 0.266221 0.000000 0.000003
 0.099838 0.000001 0.001587 0.000003 0.004755 0.524476 0.000002 0.000011 0.000000 0.000018 0.000002 0.000013 0.000007 0.000009 0.000007 0.369235 0.000008 0.000025 0.000000 0.000003
 0.031721 0.000001 0.087155 0.055455 0.000002 0.003185 0.000002 0.000011 0.000000 0.000018 0.009508 0.164779 0.000007 0.437305 0.017434 0.145853 0.014267 0.000025 0.000000 0.033273
 0.014289 0.000001 0.000003 0.000003 0.012676 0.000017 0.000002 0.000011 0.000000 0.000018 0.000002 0.000013 0.000007 0.000009 0.000007 0.689295 0.088728 0.001609 0.000000 0.193312
 0.716213 0.000001 0.001587 0.000003 0.000002 0.019029 0.000002 0.011102 0.000000 0.000018 0.000002 0.011104 0.000007 0.000009 0.000007 0.055514 0.158441 0.026956 0.000000 0.000003
 0.280484 0.000001 0.003172 0.000003 0.009508 0.088740 0.000002 0.000011 0.003169 0.000018 0.000002 0.041202 0.000007 0.331137 0.012681 0.225074 0.004761 0.000025 0.000000 0.000003

MOTIF 9-SSIGNV STREME-9
letter-probability matrix: alength= 20 w= 6 nsites= 499 E= 4.6e-013
 0.467680 0.000002 0.000005 0.000004 0.000003 0.000025 0.000003 0.000017 0.000000 0.000026 0.000004 0.052583 0.000010 0.000013 0.000011 0.479558 0.000012 0.000038 0.000000 0.000005
 0.103419 0.000002 0.011948 0.000004 0.000003 0.000025 0.000003 0.000017 0.000000 0.000026 0.000004 0.291710 0.000010 0.000013 0.004788 0.451791 0.107527 0.028705 0.000000 0.000005
 0.000046 0.000002 0.000005 0.000004 0.023890 0.000025 0.000003 0.709876 0.000000 0.000026 0.000004 0.000019 0.000010 0.000013 0.000011 0.000101 0.000012 0.265947 0.000000 0.000005
 0.000046 0.000002 0.000005 0.000004 0.000003 0.953962 0.000003 0.000017 0.000000 0.000026 0.000004 0.000019 0.000010 0.000013 0.000011 0.045819 0.000012 0.000038 0.000000 0.000005
 0.014378 0.000002 0.000005 0.124256 0.000003 0.000025 0.000003 0.000017 0.000000 0.000026 0.000004 0.519669 0.000010 0.000013 0.000011 0.081030 0.000012 0.000038 0.000000 0.260498
 0.000046 0.000002 0.000005 0.000004 0.000003 0.000025 0.000003 0.140991 0.000000 0.002415 0.000004 0.000019 0.000010 0.000013 0.000011 0.000101 0.000012 0.856330 0.000000 0.000005

MOTIF 10-VISNJSSSV STREME-10
letter-probability matrix: alength= 20 w= 9 nsites= 331 E= 1.1e-007
 0.120548 0.000002 0.000007 0.000006 0.000004 0.000034 0.000003 0.234449 0.000001 0.006547 0.009771 0.013047 0.000014 0.000018 0.000015 0.000137 0.000017 0.615373 0.000000 0.000007
 0.000063 0.000002 0.000007 0.000006 0.009770 0.000034 0.000003 0.774894 0.000001 0.000036 0.052091 0.000026 0.000014 0.000018 0.000015 0.000137 0.000017 0.162859 0.000000 0.000007
 0.055404 0.000002 0.000007 0.000006 0.000004 0.009800 0.000003 0.000023 0.000001 0.006547 0.000005 0.000026 0.000014 0.000018 0.000015 0.928050 0.000017 0.000052 0.000000 0.000007
 0.000063 0.000002 0.123728 0.000006 0.000004 0.048865 0.000003 0.000023 0.000001 0.000036 0.000005 0.602340 0.000014 0.009784 0.000015 0.205269 0.000017 0.000052 0.000000 0.009773
 0.006574 0.000002 0.000007 0.000006 0.000004 0.000034 0.000003 0.403754 0.000001 0.393958 0.013026 0.000026 0.000014 0.000018 0.000015 0.000137 0.000017 0.182397 0.000000 0.000007
 0.084709 0.000002 0.000007 0.000006 0.045579 0.000034 0.000003 0.000023 0.000001 0.029334 0.081425 0.000026 0.000014 0.009784 0.000015 0.706640 0.000017 0.000052 0.000000 0.042330
 0.169344 0.000002 0.000007 0.000006 0.000004 0.003289 0.000003 0.000023 0.000001 0.000036 0.000005 0.068389 0.000014 0.000018 0.006525 0.739237 0.013038 0.000052 0.000000 0.000007
 0.100984 0.000002 0.000007 0.000006 0.000004 0.110719 0.000003 0.000023 0.000001 0.000036 0.000005 0.000026 0.000014 0.185620 0.000015 0.595949 0.006527 0.000052 0.000000 0.000007
 0.000063 0.000002 0.000007 0.000006 0.000004 0.000034 0.000003 0.400502 0.000001 0.000036 0.000005 0.000026 0.000014 0.000018 0.000015 0.000137 0.000017 0.599103 0.000000 0.000007

MOTIF 11-RLSSP STREME-11
letter-probability matrix: alength= 20 w= 5 nsites= 427 E= 4.4e-007
 0.039531 0.000002 0.000006 0.000005 0.000003 0.000029 0.000003 0.000020 0.000000 0.109057 0.000004 0.000022 0.000012 0.000016 0.851105 0.000119 0.000015 0.000045 0.000000 0.000006
 0.000055 0.000002 0.000006 0.000005 0.000003 0.000029 0.000003 0.000020 0.000000 0.954519 0.045110 0.000022 0.000012 0.000016 0.000013 0.000119 0.000015 0.000045 0.000000 0.000006
 0.000055 0.000002 0.000006 0.000005 0.000003 0.011304 0.000003 0.000020 0.000000 0.016944 0.000004 0.000022 0.000012 0.005653 0.000013 0.965887 0.000015 0.000045 0.000000 0.000006
 0.000055 0.000002 0.000006 0.000005 0.000003 0.000029 0.000003 0.000020 0.000000 0.025402 0.000004 0.002841 0.000012 0.005653 0.000013 0.965886 0.000015 0.000045 0.000000 0.000006
 0.073380 0.000002 0.039479 0.000005 0.000003 0.362583 0.000003 0.000020 0.000000 0.000031 0.000004 0.000022 0.496971 0.004746 0.000013 0.000119 0.022568 0.000045 0.000000 0.000006

MOTIF 12-AASSLV STREME-12
letter-probability matrix: alength= 20 w= 6 nsites= 256 E= 3.4e-006
 0.994871 0.000003 0.000009 0.000008 0.000005 0.000048 0.004564 0.000032 0.000001 0.000050 0.000007 0.000036 0.000020 0.000025 0.000021 0.000192 0.000024 0.000072 0.000000 0.000010
 0.689168 0.000003 0.000009 0.000008 0.000005 0.000048 0.000005 0.000032 0.000001 0.000050 0.000007 0.000036 0.000020 0.000025 0.000021 0.000192 0.000024 0.310335 0.000000 0.000010
 0.000089 0.000003 0.000009 0.000008 0.000005 0.000048 0.000005 0.000032 0.000001 0.000050 0.000007 0.000036 0.000020 0.000025 0.000021 0.999534 0.000024 0.000072 0.000000 0.000010
 0.000089 0.000003 0.000009 0.000008 0.000005 0.000048 0.000005 0.000032 0.000001 0.000050 0.000007 0.132325 0.000020 0.000025 0.234270 0.418635 0.214384 0.000072 0.000000 0.000010
 0.000089 0.000003 0.000009 0.000008 0.052058 0.000048 0.000005 0.000032 0.000001 0.837458 0.109889 0.000036 0.000020 0.000025 0.000021 0.000192 0.000024 0.000072 0.000000 0.000010
 0.330874 0.000003 0.000009 0.000008 0.000005 0.000048 0.000005 0.000032 0.000001 0.000050 0.000007 0.000036 0.000020 0.000025 0.000021 0.248122 0.000024 0.420699 0.000000 0.000010

MOTIF 13-LSSPAAS STREME-13
letter-probability matrix: alength= 20 w= 7 nsites= 184 E= 1.6e-005
 0.000126 0.000005 0.000013 0.000012 0.000008 0.000068 0.000007 0.000046 0.000001 0.999135 0.000010 0.000051 0.000028 0.000036 0.000029 0.000273 0.000033 0.000103 0.000000 0.000014
 0.045570 0.000005 0.000013 0.000012 0.000008 0.006559 0.000007 0.000046 0.000001 0.000072 0.000010 0.000051 0.000028 0.000036 0.000029 0.947401 0.000033 0.000103 0.000000 0.000014
 0.000126 0.000005 0.000013 0.000012 0.000008 0.000068 0.000007 0.000046 0.000001 0.000072 0.000010 0.000051 0.000028 0.013019 0.000029 0.966878 0.019509 0.000103 0.000000 0.000014
 0.000126 0.000005 0.012997 0.000012 0.000008 0.026039 0.000007 0.000046 0.000001 0.000072 0.123365 0.000051 0.836781 0.000036 0.000029 0.000273 0.000033 0.000103 0.000000 0.000014
 0.545762 0.000005 0.025981 0.025979 0.000008 0.000068 0.000007 0.000046 0.000001 0.000072 0.000010 0.013035 0.000028 0.123414 0.000029 0.258912 0.006525 0.000103 0.000000 0.000014
 0.818499 0.000005 0.000013 0.000012 0.000008 0.000068 0.000007 0.000046 0.000001 0.000072 0.000010 0.000051 0.000028 0.000036 0.000029 0.180964 0.000033 0.000103 0.000000 0.000014
 0.188437 0.000005 0.000013 0.000012 0.000008 0.058498 0.000007 0.000046 0.000001 0.000072 0.000010 0.026020 0.000028 0.000036 0.000029 0.668199 0.058463 0.000103 0.000000 0.000014

MOTIF 14-ASSRV STREME-14
letter-probability matrix: alength= 20 w= 5 nsites= 540 E= 4.4e-005
 0.607319 0.000002 0.000006 0.000006 0.000004 0.000032 0.000003 0.000022 0.000000 0.000034 0.000005 0.000024 0.000013 0.000017 0.000014 0.268483 0.123960 0.000048 0.000000 0.000007
 0.229200 0.000002 0.000006 0.000006 0.000004 0.107009 0.000003 0.000022 0.000000 0.000034 0.000005 0.045864 0.000013 0.000017 0.000014 0.320516 0.141839 0.155441 0.000000 0.000007
 0.144249 0.000002 0.006117 0.000006 0.000004 0.000032 0.000003 0.000022 0.000000 0.000034 0.000005 0.000024 0.000013 0.000017 0.000014 0.786202 0.047924 0.000048 0.000000 0.015284
 0.000059 0.000002 0.000006 0.000006 0.000004 0.000032 0.000003 0.000022 0.000000 0.000034 0.000005 0.000024 0.000013 0.000017 0.999573 0.000129 0.000016 0.000048 0.000000 0.000007
 0.000059 0.000002 0.000006 0.000006 0.000004 0.000032 0.000003 0.000022 0.000000 0.000034 0.000005 0.000024 0.000013 0.000017 0.000014 0.000129 0.000016 0.999608 0.000000 0.000007

MOTIF 15-SQISASNP STREME-15
letter-probability matrix: alength= 20 w= 8 nsites= 116 E= 2.6e-004
 0.000201 0.000007 0.000021 0.000019 0.000012 0.000108 0.000011 0.000073 0.000002 0.000114 0.000016 0.000082 0.000045 0.000057 0.000047 0.998945 0.000053 0.000164 0.000000 0.000023
 0.010526 0.000007 0.000021 0.051654 0.000012 0.000108 0.000011 0.000073 0.000002 0.000114 0.000016 0.010407 0.000045 0.785035 0.000047 0.141681 0.000053 0.000164 0.000000 0.000023
 0.000201 0.000007 0.000021 0.000019 0.000012 0.000108 0.000011 0.616500 0.000002 0.000114 0.000016 0.000082 0.000045 0.000057 0.000047 0.000435 0.000053 0.382248 0.000000 0.000023
 0.062160 0.000007 0.000021 0.000019 0.000012 0.247950 0.000011 0.000073 0.000002 0.000114 0.000016 0.000082 0.000045 0.010383 0.082656 0.596209 0.000053 0.000164 0.000000 0.000023
 0.750872 0.000007 0.000021 0.000019 0.000012 0.000108 0.000011 0.000073 0.000002 0.000114 0.000016 0.000082 0.000045 0.010383 0.000047 0.227623 0.010379 0.000164 0.000000 0.000023
 0.000201 0.000007 0.010347 0.000019 0.000012 0.020759 0.000011 0.020725 0.000002 0.000114 0.000016 0.072364 0.000045 0.000057 0.000047 0.875034 0.000053 0.000164 0.000000 0.000023
 0.000201 0.000007 0.010347 0.020671 0.000012 0.000108 0.051642 0.000073 0.000002 0.000114 0.000016 0.774741 0.000045 0.010383 0.000047 0.069396 0.031031 0.000164 0.000000 0.031002
 0.000201 0.000007 0.000021 0.000019 0.000012 0.000108 0.000011 0.000073 0.000002 0.020766 0.000016 0.000082 0.977903 0.000057 0.000047 0.000435 0.000053 0.000164 0.000000 0.000023

MOTIF 16-TSSAALS STREME-16
letter-probability matrix: alength= 20 w= 7 nsites= 150 E= 2.1e-003
 0.007628 0.000005 0.000015 0.000014 0.014975 0.000078 0.000008 0.000053 0.000001 0.000083 0.000011 0.037475 0.000033 0.000042 0.000034 0.153181 0.786228 0.000119 0.000000 0.000016
 0.000145 0.000005 0.000015 0.000014 0.000009 0.000078 0.000008 0.000053 0.000001 0.000083 0.000011 0.359347 0.000033 0.000042 0.000034 0.639948 0.000039 0.000119 0.000000 0.000016
 0.037565 0.000005 0.000015 0.000014 0.000009 0.030012 0.000008 0.000053 0.000001 0.000083 0.000011 0.000059 0.429810 0.000042 0.000034 0.502104 0.000039 0.000119 0.000000 0.000016
 0.946683 0.000005 0.000015 0.014980 0.000009 0.015044 0.000008 0.000053 0.000001 0.000083 0.000011 0.000059 0.000033 0.000042 0.000034 0.022765 0.000039 0.000119 0.000000 0.000016
 0.939200 0.000005 0.000015 0.000014 0.000009 0.037495 0.000008 0.000053 0.000001 0.000083 0.000011 0.000059 0.000033 0.000042 0.000034 0.015281 0.007521 0.000119 0.000000 0.000016
 0.000145 0.000005 0.000015 0.000014 0.000009 0.000078 0.000008 0.015019 0.000001 0.969071 0.000011 0.000059 0.000033 0.000042 0.000034 0.000315 0.015005 0.000119 0.000000 0.000016
 0.000145 0.000005 0.000015 0.000014 0.000009 0.000078 0.000008 0.000053 0.000001 0.000083 0.000011 0.000059 0.000033 0.000042 0.000034 0.991753 0.007521 0.000119 0.000000 0.000016

MOTIF 17-TVYNS STREME-17
letter-probability matrix: alength= 20 w= 5 nsites= 145 E= 4.3e-003
 0.042490 0.000005 0.000015 0.000014 0.000009 0.000078 0.000008 0.000053 0.000001 0.000082 0.000011 0.111948 0.000033 0.000041 0.000034 0.026239 0.811348 0.007574 0.000000 0.000016
 0.000145 0.000005 0.000015 0.000014 0.000009 0.000078 0.000008 0.022422 0.000001 0.000082 0.000011 0.000059 0.000033 0.000041 0.000034 0.000314 0.000038 0.976673 0.000000 0.000016
 0.014892 0.000005 0.000015 0.000014 0.014921 0.000078 0.000008 0.001489 0.000001 0.007538 0.007467 0.029885 0.000033 0.000041 0.000034 0.011801 0.014951 0.351068 0.000000 0.545759
 0.000145 0.000005 0.000015 0.000014 0.000009 0.000078 0.000008 0.000053 0.000001 0.000082 0.000011 0.998983 0.000033 0.000041 0.000034 0.000314 0.000038 0.000118 0.000000 0.000016
 0.000145 0.000005 0.000015 0.000014 0.000009 0.000078 0.000008 0.000053 0.000001 0.000082 0.000011 0.000059 0.000033 0.000041 0.000034 0.864959 0.134318 0.000118 0.000000 0.000016

MOTIF 18-QSASMVSQSV STREME-18
letter-probability matrix: alength= 20 w= 10 nsites= 174 E= 8.6e-003
 0.000117 0.000004 0.294984 0.000011 0.000007 0.006081 0.000006 0.000043 0.000001 0.000067 0.000009 0.228754 0.000026 0.379191 0.036139 0.000254 0.000031 0.000095 0.000000 0.054179
 0.000117 0.000004 0.000012 0.000011 0.018062 0.000063 0.000006 0.000043 0.000001 0.000067 0.000009 0.000048 0.000026 0.000033 0.000027 0.565992 0.054196 0.012132 0.000000 0.349150
 0.722400 0.000004 0.000012 0.000011 0.000007 0.000063 0.000006 0.000043 0.000001 0.012103 0.000009 0.000048 0.000026 0.000033 0.000027 0.162750 0.102347 0.000095 0.000000 0.000013
 0.222804 0.000004 0.006030 0.000011 0.000007 0.030154 0.000006 0.000043 0.000001 0.000067 0.000009 0.048193 0.000026 0.258826 0.006045 0.427632 0.000031 0.000095 0.000000 0.000013
 0.096419 0.000004 0.000012 0.000011 0.006025 0.000063 0.000006 0.108373 0.000001 0.222746 0.433408 0.000048 0.000026 0.000033 0.012064 0.012290 0.018086 0.090370 0.000000 0.000013
 0.000117 0.000004 0.000012 0.000011 0.000007 0.000063 0.000006 0.018098 0.000001 0.042196 0.000009 0.000048 0.000026 0.000033 0.000027 0.000254 0.000031 0.939043 0.000000 0.000013
 0.072337 0.000004 0.000012 0.000011 0.000007 0.355219 0.000006 0.000043 0.000001 0.000067 0.000009 0.000048 0.000026 0.006052 0.024101 0.541918 0.000031 0.000095 0.000000 0.000013
 0.000117 0.000004 0.000012 0.018066 0.000007 0.006081 0.000006 0.000043 0.000001 0.012103 0.000009 0.042177 0.000026 0.625954 0.000027 0.295226 0.000031 0.000095 0.000000 0.000013
 0.222797 0.000004 0.000012 0.000011 0.000007 0.000063 0.000006 0.000043 0.000001 0.000067 0.000009 0.000048 0.000026 0.000033 0.000027 0.776706 0.000031 0.000095 0.000000 0.000013
 0.000117 0.000004 0.000012 0.000011 0.174567 0.000063 0.000006 0.078281 0.000001 0.295016 0.126399 0.000048 0.000026 0.000033 0.000027 0.000254 0.000031 0.325090 0.000000 0.000013

MOTIF 19-NYG STREME-19
letter-probability matrix: alength= 20 w= 3 nsites= 93 E= 8.6e-003
 0.012245 0.000455 0.001290 0.001171 0.000740 0.006571 0.000674 0.004474 0.000098 0.006965 0.000952 0.914077 0.002759 0.003496 0.002855 0.026544 0.003251 0.009981 0.000017 0.001384
 0.012245 0.000455 0.001290 0.001171 0.000740 0.006571 0.000674 0.004474 0.000098 0.006965 0.000952 0.004986 0.002759 0.003496 0.002855 0.026544 0.003251 0.009981 0.000017 0.910475
 0.012245 0.000455 0.001290 0.001171 0.000740 0.915662 0.000674 0.004474 0.000098 0.006965 0.000952 0.004986 0.002759 0.003496 0.002855 0.026544 0.003251 0.009981 0.000017 0.001384

MOTIF 20-YSGLD STREME-20
letter-probability matrix: alength= 20 w= 5 nsites= 113 E= 3.2e-002
 0.093527 0.000007 0.000019 0.000017 0.000011 0.009431 0.000010 0.000066 0.000001 0.000103 0.000014 0.018742 0.028043 0.018720 0.000042 0.284359 0.000048 0.000148 0.000000 0.546691
 0.084207 0.000007 0.037355 0.056022 0.028013 0.009431 0.000010 0.003940 0.000001 0.140164 0.018682 0.000074 0.000041 0.009386 0.000042 0.537730 0.046723 0.000148 0.000000 0.028024
 0.000181 0.000007 0.000019 0.000017 0.000011 0.952076 0.000010 0.000066 0.000001 0.000103 0.000014 0.000074 0.000041 0.000052 0.000042 0.000393 0.046723 0.000148 0.000000 0.000021
 0.000181 0.000007 0.000019 0.000017 0.009345 0.000097 0.000010 0.000066 0.000001 0.942748 0.000014 0.000074 0.000041 0.000052 0.000042 0.047068 0.000048 0.000148 0.000000 0.000021
 0.000181 0.000007 0.750885 0.000017 0.000011 0.009431 0.000010 0.005111 0.000001 0.112148 0.000014 0.000074 0.000041 0.000052 0.000042 0.037732 0.000048 0.084173 0.000000 0.000021

MOTIF 21-INEST STREME-21
letter-probability matrix: alength= 20 w= 5 nsites= 104 E= 3.5e-002
 0.000231 0.000009 0.000024 0.000022 0.000014 0.000124 0.000013 0.998370 0.000002 0.000131 0.000018 0.000094 0.000052 0.000066 0.000054 0.000500 0.000061 0.000188 0.000000 0.000026
 0.000231 0.000009 0.059431 0.000022 0.000014 0.000124 0.000013 0.000084 0.000002 0.000131 0.000018 0.641925 0.000052 0.011946 0.000054 0.154971 0.130759 0.000188 0.000000 0.000026
 0.000231 0.000009 0.023786 0.927022 0.000014 0.000124 0.000013 0.000084 0.000002 0.000131 0.000018 0.000094 0.035696 0.011946 0.000054 0.000500 0.000061 0.000188 0.000000 0.000026
 0.000231 0.000009 0.000024 0.000022 0.000014 0.000124 0.000013 0.320951 0.011882 0.000131 0.000018 0.011974 0.000052 0.000066 0.000054 0.642278 0.011942 0.000188 0.000000 0.000026
 0.178519 0.000009 0.000024 0.000022 0.000014 0.000124 0.000013 0.000084 0.000002 0.000131 0.000018 0.059499 0.000052 0.000066 0.000054 0.214369 0.546785 0.000188 0.000000 0.000026

MOTIF 22-AFAQSMSS STREME-22
letter-probability matrix: alength= 20 w= 8 nsites= 107 E= 6.9e-002
 0.541518 0.000009 0.240533 0.096243 0.000014 0.000125 0.000013 0.000085 0.000002 0.000133 0.000018 0.000095 0.000053 0.000067 0.000054 0.072657 0.048164 0.000190 0.000000 0.000026
 0.000234 0.000009 0.000025 0.000022 0.974230 0.000125 0.000013 0.000085 0.000002 0.024183 0.000018 0.000095 0.000053 0.000067 0.000054 0.000507 0.000062 0.000190 0.000000 0.000026
 0.553539 0.000009 0.000025 0.000022 0.000014 0.000125 0.000013 0.096288 0.000002 0.000133 0.000018 0.000095 0.000053 0.000067 0.000054 0.096714 0.000062 0.252741 0.000000 0.000026
 0.000234 0.000009 0.000025 0.000022 0.000014 0.000125 0.000013 0.000085 0.048106 0.000133 0.000018 0.024145 0.000053 0.601469 0.240578 0.072667 0.012087 0.000190 0.000000 0.000026
 0.084410 0.000009 0.000025 0.000022 0.000014 0.000125 0.000013 0.000085 0.000002 0.000133 0.000018 0.156430 0.000053 0.000067 0.000054 0.722186 0.036137 0.000190 0.000000 0.000026
 0.000234 0.000009 0.000025 0.000022 0.048114 0.000125 0.000013 0.000085 0.000002 0.409121 0.541195 0.000095 0.000053 0.000067 0.000054 0.000507 0.000062 0.000190 0.000000 0.000026
 0.120494 0.000009 0.000025 0.000022 0.000014 0.000125 0.000013 0.000085 0.000002 0.132416 0.000018 0.000095 0.000053 0.000067 0.000054 0.734204 0.012087 0.000190 0.000000 0.000026
 0.024283 0.000009 0.012049 0.072183 0.000014 0.000125 0.000013 0.000085 0.000002 0.000133 0.000018 0.036170 0.000053 0.024117 0.000054 0.589904 0.000062 0.000190 0.000000 0.240534

MOTIF 23-SNLSSSVS STREME-23
letter-probability matrix: alength= 20 w= 8 nsites= 119 E= 2.8e-001
 0.000158 0.000006 0.000017 0.000015 0.000010 0.016323 0.000009 0.000058 0.000001 0.000090 0.000012 0.000064 0.000036 0.000045 0.000037 0.982932 0.000042 0.000129 0.000000 0.000018
 0.000158 0.000006 0.186786 0.000015 0.000010 0.000085 0.000009 0.000058 0.000001 0.000090 0.000012 0.722804 0.000036 0.000045 0.000037 0.089661 0.000042 0.000129 0.000000 0.000018
 0.000158 0.000006 0.000017 0.000015 0.000010 0.000085 0.000009 0.316801 0.000001 0.682176 0.000012 0.000064 0.000036 0.000045 0.000037 0.000342 0.000042 0.000129 0.000000 0.000018
 0.105713 0.000006 0.000017 0.000015 0.000010 0.000085 0.000009 0.040654 0.000001 0.048806 0.056848 0.000064 0.000036 0.000045 0.000037 0.747467 0.000042 0.000129 0.000000 0.000018
 0.056994 0.000006 0.000017 0.000015 0.000010 0.048802 0.000009 0.000058 0.000001 0.000090 0.000012 0.089384 0.000036 0.000045 0.000037 0.804297 0.000042 0.000129 0.000000 0.000018
 0.065117 0.000006 0.000017 0.000015 0.000010 0.000085 0.000009 0.016296 0.000001 0.000090 0.000012 0.000064 0.000036 0.332969 0.000037 0.585049 0.000042 0.000129 0.000000 0.000018
 0.024516 0.000006 0.000017 0.000015 0.000010 0.000085 0.000009 0.406125 0.000001 0.000090 0.000012 0.000064 0.000036 0.000045 0.000037 0.000342 0.000042 0.568532 0.000000 0.000018
 0.000158 0.000006 0.000017 0.000015 0.000010 0.000085 0.000009 0.000058 0.000001 0.000090 0.000012 0.000064 0.000036 0.000045 0.056873 0.942335 0.000042 0.000129 0.000000 0.000018

MOTIF 24-AASSAASSVTSTI STREME-24
letter-probability matrix: alength= 20 w= 13 nsites= 66 E= 2.8e-001
 0.499187 0.000011 0.000032 0.000029 0.000018 0.000163 0.000017 0.000111 0.000002 0.000172 0.000024 0.031301 0.000068 0.062446 0.000071 0.125377 0.280690 0.000247 0.000000 0.000034
 0.904518 0.000011 0.000032 0.000029 0.000018 0.078110 0.000017 0.000111 0.000002 0.000172 0.000024 0.000123 0.000068 0.000086 0.000071 0.000657 0.015669 0.000247 0.000000 0.000034
 0.156198 0.000011 0.000032 0.000029 0.000018 0.000163 0.000017 0.000111 0.000002 0.000172 0.000024 0.000123 0.000068 0.000086 0.000071 0.671024 0.171569 0.000247 0.000000 0.000034
 0.015892 0.000011 0.000032 0.000029 0.000018 0.015752 0.000017 0.000111 0.000002 0.000172 0.000024 0.062482 0.000068 0.000086 0.000071 0.904871 0.000080 0.000247 0.000000 0.000034
 0.686260 0.000011 0.000032 0.000029 0.015607 0.000163 0.000017 0.015700 0.000002 0.000172 0.000024 0.000123 0.000068 0.000086 0.000071 0.031836 0.155981 0.093783 0.000000 0.000034
 0.592717 0.000011 0.000032 0.000029 0.000018 0.015752 0.000017 0.000111 0.000002 0.000172 0.000024 0.000123 0.000068 0.000086 0.000071 0.328046 0.000080 0.062606 0.000000 0.000034
 0.047070 0.000011 0.000032 0.000029 0.000018 0.000163 0.000017 0.000111 0.000002 0.000172 0.000024 0.015712 0.000068 0.000086 0.000071 0.936052 0.000080 0.000247 0.000000 0.000034
 0.015892 0.000011 0.000032 0.000029 0.000018 0.000163 0.000017 0.000111 0.000002 0.000172 0.000024 0.031302 0.000068 0.000086 0.000071 0.686613 0.265107 0.000247 0.000000 0.000034
 0.187374 0.000011 0.015621 0.000029 0.000018 0.000163 0.000017 0.000111 0.000002 0.000172 0.000024 0.000123 0.000068 0.000086 0.000071 0.000657 0.000080 0.795337 0.000000 0.000034
 0.249739 0.000011 0.000032 0.000029 0.000018 0.015752 0.000017 0.000111 0.000002 0.000172 0.000024 0.000123 0.000068 0.015676 0.000071 0.140960 0.576914 0.000247 0.000000 0.000034
 0.000303 0.000011 0.000032 0.109163 0.000018 0.000163 0.000017 0.000111 0.015591 0.000172 0.000024 0.062483 0.000068 0.187160 0.000071 0.390398 0.233934 0.000247 0.000000 0.000034
 0.000303 0.000011 0.000032 0.000029 0.000018 0.000163 0.000017 0.000111 0.000002 0.000172 0.000024 0.000123 0.000068 0.000086 0.078019 0.140961 0.779579 0.000247 0.000000 0.000034
 0.000303 0.000011 0.000032 0.000029 0.000018 0.000163 0.000017 0.405448 0.000002 0.265205 0.000024 0.000123 0.000068 0.000086 0.000071 0.000657 0.000080 0.327628 0.000000 0.000034

MOTIF 25-YQSSSQYSLS STREME-25
letter-probability matrix: alength= 20 w= 10 nsites= 36 E= 2.8e-001
 0.012245 0.000455 0.001290 0.001171 0.000740 0.006571 0.000674 0.004474 0.000098 0.006965 0.000952 0.004986 0.002759 0.003496 0.002855 0.026544 0.003251 0.009981 0.000017 0.910475
 0.012245 0.000455 0.001290 0.001171 0.000740 0.006571 0.000674 0.004474 0.000098 0.006965 0.000952 0.004986 0.002759 0.912587 0.002855 0.026544 0.003251 0.009981 0.000017 0.001384
 0.012245 0.000455 0.001290 0.001171 0.000740 0.006571 0.000674 0.004474 0.000098 0.006965 0.000952 0.004986 0.002759 0.003496 0.002855 0.935635 0.003251 0.009981 0.000017 0.001384
 0.012245 0.000455 0.001290 0.001171 0.000740 0.006571 0.000674 0.004474 0.000098 0.006965 0.000952 0.004986 0.002759 0.003496 0.002855 0.935635 0.003251 0.009981 0.000017 0.001384
 0.012245 0.000455 0.001290 0.001171 0.000740 0.006571 0.000674 0.004474 0.000098 0.006965 0.000952 0.004986 0.002759 0.003496 0.002855 0.935635 0.003251 0.009981 0.000017 0.001384
 0.012245 0.000455 0.001290 0.001171 0.000740 0.006571 0.000674 0.004474 0.000098 0.006965 0.000952 0.004986 0.002759 0.912587 0.002855 0.026544 0.003251 0.009981 0.000017 0.001384
 0.012245 0.000455 0.001290 0.001171 0.000740 0.006571 0.000674 0.004474 0.000098 0.006965 0.000952 0.004986 0.002759 0.003496 0.002855 0.026544 0.003251 0.009981 0.000017 0.910475
 0.012245 0.000455 0.001290 0.001171 0.000740 0.006571 0.000674 0.004474 0.000098 0.006965 0.000952 0.004986 0.002759 0.003496 0.002855 0.935635 0.003251 0.009981 0.000017 0.001384
 0.012245 0.000455 0.001290 0.001171 0.000740 0.006571 0.000674 0.004474 0.000098 0.916056 0.000952 0.004986 0.002759 0.003496 0.002855 0.026544 0.003251 0.009981 0.000017 0.001384
 0.012245 0.000455 0.001290 0.001171 0.000740 0.006571 0.000674 0.004474 0.000098 0.006965 0.000952 0.004986 0.002759 0.003496 0.002855 0.935635 0.003251 0.009981 0.000017 0.001384

MOTIF 26-AAA STREME-26
letter-probability matrix: alength= 20 w= 3 nsites= 647 E= 2.9e-001
 0.921336 0.000455 0.001290 0.001171 0.000740 0.006571 0.000674 0.004474 0.000098 0.006965 0.000952 0.004986 0.002759 0.003496 0.002855 0.026544 0.003251 0.009981 0.000017 0.001384
 0.921336 0.000455 0.001290 0.001171 0.000740 0.006571 0.000674 0.004474 0.000098 0.006965 0.000952 0.004986 0.002759 0.003496 0.002855 0.026544 0.003251 0.009981 0.000017 0.001384
 0.921336 0.000455 0.001290 0.001171 0.000740 0.006571 0.000674 0.004474 0.000098 0.006965 0.000952 0.004986 0.002759 0.003496 0.002855 0.026544 0.003251 0.009981 0.000017 0.001384

MOTIF 27-YGPGS STREME-27
letter-probability matrix: alength= 20 w= 5 nsites= 78 E= 5.6e-001
 0.000257 0.000010 0.000027 0.000025 0.026481 0.000138 0.000014 0.000094 0.000002 0.000146 0.000020 0.000105 0.000058 0.000073 0.000060 0.027023 0.000068 0.000210 0.000000 0.945189
 0.026723 0.000010 0.000027 0.000025 0.000016 0.905600 0.000014 0.000094 0.000002 0.053077 0.000020 0.000105 0.000058 0.000073 0.000060 0.013790 0.000068 0.000210 0.000000 0.000029
 0.039957 0.000010 0.000027 0.000025 0.000016 0.032097 0.000014 0.000094 0.000002 0.000146 0.000020 0.000105 0.873558 0.013306 0.000060 0.040257 0.000068 0.000210 0.000000 0.000029
 0.053187 0.000010 0.000027 0.000025 0.000016 0.376161 0.000014 0.000094 0.000002 0.000146 0.000020 0.000105 0.000058 0.158900 0.052992 0.344704 0.000068 0.013442 0.000000 0.000029
 0.119362 0.000010 0.000027 0.000025 0.000016 0.066303 0.000014 0.000094 0.000002 0.026612 0.026485 0.000105 0.198633 0.026538 0.132422 0.297183 0.026534 0.079607 0.000000 0.000029

MOTIF 28-SSLVSGG STREME-28
letter-probability matrix: alength= 20 w= 7 nsites= 59 E= 5.6e-001
 0.000350 0.000013 0.000037 0.000033 0.000021 0.000188 0.000019 0.000128 0.000003 0.000199 0.000027 0.000142 0.000079 0.090071 0.000082 0.746232 0.162052 0.000285 0.000000 0.000040
 0.000350 0.000013 0.000037 0.000033 0.000021 0.000188 0.000019 0.000128 0.000003 0.000199 0.000027 0.000142 0.000079 0.000100 0.000082 0.998162 0.000093 0.000285 0.000000 0.000040
 0.000350 0.000013 0.000037 0.000033 0.000021 0.000188 0.000019 0.000128 0.000003 0.997603 0.000027 0.000142 0.000079 0.000100 0.000082 0.000758 0.000093 0.000285 0.000000 0.000040
 0.061796 0.000013 0.000037 0.000033 0.000021 0.000188 0.000019 0.000128 0.000003 0.000199 0.000027 0.054122 0.000079 0.000100 0.000082 0.000758 0.000093 0.882263 0.000000 0.000040
 0.133776 0.000013 0.000037 0.000033 0.000021 0.000188 0.000019 0.000128 0.000003 0.000199 0.000027 0.000142 0.000079 0.000100 0.000082 0.864736 0.000093 0.000285 0.000000 0.000040
 0.000350 0.000013 0.000037 0.000033 0.000021 0.763661 0.000019 0.000128 0.000003 0.000199 0.000027 0.234073 0.000079 0.000100 0.000082 0.000758 0.000093 0.000285 0.000000 0.000040
 0.000350 0.000013 0.000037 0.000033 0.000021 0.997592 0.000019 0.000128 0.000003 0.000199 0.000027 0.000142 0.000079 0.000100 0.000082 0.000758 0.000093 0.000285 0.000000 0.000040

MOTIF 29-PVASA STREME-29
letter-probability matrix: alength= 20 w= 5 nsites= 48 E= 5.6e-001
 0.012245 0.000455 0.001290 0.001171 0.000740 0.006571 0.000674 0.004474 0.000098 0.006965 0.000952 0.004986 0.911850 0.003496 0.002855 0.026544 0.003251 0.009981 0.000017 0.001384
 0.012245 0.000455 0.001290 0.001171 0.000740 0.006571 0.000674 0.004474 0.000098 0.006965 0.000952 0.004986 0.002759 0.003496 0.002855 0.026544 0.003251 0.919072 0.000017 0.001384
 0.921336 0.000455 0.001290 0.001171 0.000740 0.006571 0.000674 0.004474 0.000098 0.006965 0.000952 0.004986 0.002759 0.003496 0.002855 0.026544 0.003251 0.009981 0.000017 0.001384
 0.012245 0.000455 0.001290 0.001171 0.000740 0.006571 0.000674 0.004474 0.000098 0.006965 0.000952 0.004986 0.002759 0.003496 0.002855 0.935635 0.003251 0.009981 0.000017 0.001384
 0.921336 0.000455 0.001290 0.001171 0.000740 0.006571 0.000674 0.004474 0.000098 0.006965 0.000952 0.004986 0.002759 0.003496 0.002855 0.026544 0.003251 0.009981 0.000017 0.001384

MOTIF 30-SRISS STREME-30
letter-probability matrix: alength= 20 w= 5 nsites= 84 E= 7.0e-001
 0.070894 0.000009 0.000024 0.000022 0.000014 0.000123 0.000013 0.000084 0.000002 0.000130 0.000018 0.000093 0.000052 0.011841 0.000053 0.845691 0.070726 0.000187 0.000000 0.000026
 0.000229 0.000009 0.000024 0.000022 0.000014 0.000123 0.000013 0.000084 0.000002 0.000130 0.000018 0.000093 0.000052 0.000065 0.998354 0.000496 0.000061 0.000187 0.000000 0.000026
 0.000229 0.000009 0.000024 0.000022 0.000014 0.000123 0.000013 0.998385 0.000002 0.000130 0.000018 0.000093 0.000052 0.000065 0.000053 0.000496 0.000061 0.000187 0.000000 0.000026
 0.005116 0.000009 0.000024 0.000022 0.000014 0.005010 0.000013 0.000084 0.000002 0.049514 0.000018 0.023647 0.000052 0.000065 0.000053 0.786512 0.000061 0.129761 0.000000 0.000026
 0.002497 0.000009 0.000024 0.000022 0.004901 0.000123 0.000013 0.000084 0.000002 0.018272 0.000018 0.011869 0.000052 0.000065 0.000053 0.808581 0.000061 0.000187 0.000000 0.153169

MOTIF 31-ASNP STREME-31
letter-probability matrix: alength= 20 w= 4 nsites= 61 E= 1.1e+000
 0.921336 0.000455 0.001290 0.001171 0.000740 0.006571 0.000674 0.004474 0.000098 0.006965 0.000952 0.004986 0.002759 0.003496 0.002855 0.026544 0.003251 0.009981 0.000017 0.001384
 0.012245 0.000455 0.001290 0.001171 0.000740 0.006571 0.000674 0.004474 0.000098 0.006965 0.000952 0.004986 0.002759 0.003496 0.002855 0.935635 0.003251 0.009981 0.000017 0.001384
 0.012245 0.000455 0.001290 0.001171 0.000740 0.006571 0.000674 0.004474 0.000098 0.006965 0.000952 0.914077 0.002759 0.003496 0.002855 0.026544 0.003251 0.009981 0.000017 0.001384
 0.012245 0.000455 0.001290 0.001171 0.000740 0.006571 0.000674 0.004474 0.000098 0.006965 0.000952 0.004986 0.911850 0.003496 0.002855 0.026544 0.003251 0.009981 0.000017 0.001384

MOTIF 32-PTNVN STREME-32
letter-probability matrix: alength= 20 w= 5 nsites= 37 E= 1.1e+000
 0.000604 0.000022 0.000064 0.000058 0.000037 0.000324 0.000033 0.000221 0.000005 0.000344 0.000047 0.000246 0.995649 0.000173 0.000141 0.001310 0.000160 0.000493 0.000001 0.000068
 0.218375 0.000022 0.000064 0.000058 0.000037 0.000324 0.000033 0.031325 0.000005 0.000344 0.000047 0.000246 0.000136 0.000173 0.000141 0.125738 0.622371 0.000493 0.000001 0.000068
 0.000604 0.000022 0.000064 0.000058 0.000037 0.000324 0.000033 0.000221 0.000005 0.000344 0.000047 0.715750 0.000136 0.000173 0.000141 0.281319 0.000160 0.000493 0.000001 0.000068
 0.031708 0.000022 0.000064 0.000058 0.000037 0.000324 0.000033 0.000221 0.000005 0.000344 0.000047 0.000246 0.000136 0.000173 0.000141 0.001310 0.062370 0.902691 0.000001 0.000068
 0.000604 0.000022 0.000064 0.000058 0.000037 0.000324 0.000033 0.000221 0.000005 0.000344 0.000047 0.995759 0.000136 0.000173 0.000141 0.001310 0.000160 0.000493 0.000001 0.000068

MOTIF 33-STLL STREME-33
letter-probability matrix: alength= 20 w= 4 nsites= 41 E= 1.1e+000
 0.012245 0.000455 0.001290 0.001171 0.000740 0.006571 0.000674 0.004474 0.000098 0.006965 0.000952 0.004986 0.002759 0.003496 0.002855 0.935635 0.003251 0.009981 0.000017 0.001384
 0.012245 0.000455 0.001290 0.001171 0.000740 0.006571 0.000674 0.004474 0.000098 0.006965 0.000952 0.004986 0.002759 0.003496 0.002855 0.026544 0.912342 0.009981 0.000017 0.001384
 0.012245 0.000455 0.001290 0.001171 0.000740 0.006571 0.000674 0.004474 0.000098 0.916056 0.000952 0.004986 0.002759 0.003496 0.002855 0.026544 0.003251 0.009981 0.000017 0.001384
 0.012245 0.000455 0.001290 0.001171 0.000740 0.006571 0.000674 0.004474 0.000098 0.916056 0.000952 0.004986 0.002759 0.003496 0.002855 0.026544 0.003251 0.009981 0.000017 0.001384

MOTIF 34-LSSGVISSET STREME-34
letter-probability matrix: alength= 20 w= 10 nsites= 55 E= 2.2e+000
 0.000412 0.000015 0.000043 0.000039 0.000025 0.000221 0.000023 0.148627 0.000003 0.763854 0.000032 0.063802 0.000093 0.000118 0.000096 0.022104 0.000109 0.000336 0.000001 0.000047
 0.127678 0.000015 0.000043 0.000039 0.000025 0.000221 0.000023 0.000151 0.000003 0.063869 0.000032 0.275917 0.000093 0.000118 0.000096 0.531184 0.000109 0.000336 0.000001 0.000047
 0.000412 0.000015 0.000043 0.000039 0.000025 0.000221 0.000023 0.000151 0.000003 0.000234 0.000032 0.000168 0.000093 0.000118 0.000096 0.997834 0.000109 0.000336 0.000001 0.000047
 0.000412 0.000015 0.000043 0.000039 0.000025 0.869891 0.000023 0.000151 0.000003 0.000234 0.000032 0.127438 0.000093 0.000118 0.000096 0.000893 0.000109 0.000336 0.000001 0.000047
 0.000412 0.000015 0.000043 0.000039 0.000025 0.000221 0.000023 0.000151 0.000003 0.191139 0.000032 0.000168 0.000093 0.000118 0.000096 0.000893 0.000109 0.806371 0.000001 0.000047
 0.000412 0.000015 0.000043 0.000039 0.000025 0.000221 0.000023 0.381956 0.000003 0.254780 0.318201 0.000168 0.021303 0.000118 0.000096 0.022104 0.000109 0.000336 0.000001 0.000047
 0.000412 0.000015 0.000043 0.000039 0.000025 0.063851 0.000023 0.000151 0.000003 0.000234 0.000032 0.000168 0.000093 0.000118 0.000096 0.743301 0.191011 0.000336 0.000001 0.000047
 0.000412 0.000015 0.000043 0.000039 0.000025 0.042641 0.000023 0.000151 0.000003 0.000234 0.000032 0.000168 0.000093 0.000118 0.000096 0.891782 0.063741 0.000336 0.000001 0.000047
 0.000412 0.000015 0.000043 0.509120 0.000025 0.000221 0.000023 0.000151 0.000003 0.000234 0.000032 0.000168 0.000093 0.169804 0.000096 0.000893 0.318283 0.000336 0.000001 0.000047
 0.021622 0.000015 0.000043 0.000039 0.000025 0.000221 0.084871 0.000151 0.000003 0.000234 0.000032 0.000168 0.000093 0.000118 0.000096 0.000893 0.827359 0.021546 0.000001 0.042468

MOTIF 35-SSSSAGAS STREME-35
letter-probability matrix: alength= 20 w= 8 nsites= 76 E= 3.9e+000
 0.000281 0.000010 0.000030 0.000027 0.000017 0.000151 0.000015 0.000103 0.000002 0.000160 0.000022 0.000114 0.000063 0.000080 0.000066 0.998523 0.000075 0.000229 0.000000 0.000032
 0.217180 0.000010 0.000030 0.000027 0.000017 0.000151 0.000015 0.000103 0.000002 0.000160 0.000022 0.000114 0.000063 0.000080 0.000066 0.781624 0.000075 0.000229 0.000000 0.000032
 0.000281 0.000010 0.000030 0.000027 0.000017 0.000151 0.000015 0.000103 0.000002 0.000160 0.000022 0.000114 0.000063 0.000080 0.000066 0.998523 0.000075 0.000229 0.000000 0.000032
 0.188250 0.000010 0.000030 0.000027 0.000017 0.000151 0.000015 0.000103 0.000002 0.000160 0.000022 0.000114 0.000063 0.000080 0.000066 0.810554 0.000075 0.000229 0.000000 0.000032
 0.737891 0.000010 0.000030 0.000027 0.000017 0.000151 0.000015 0.000103 0.000002 0.000160 0.000022 0.000114 0.000063 0.000080 0.000066 0.260913 0.000075 0.000229 0.000000 0.000032
 0.000281 0.000010 0.000030 0.000027 0.000017 0.998065 0.000015 0.000103 0.000002 0.000160 0.000022 0.000114 0.000063 0.000080 0.000066 0.000609 0.000075 0.000229 0.000000 0.000032
 0.708983 0.000010 0.000030 0.000027 0.000017 0.000151 0.000015 0.000103 0.000002 0.000160 0.231397 0.000114 0.000063 0.000080 0.000066 0.000609 0.000075 0.058066 0.000000 0.000032
 0.000281 0.000010 0.000030 0.000027 0.000017 0.000151 0.000015 0.000103 0.000002 0.000160 0.000022 0.000114 0.000063 0.000080 0.000066 0.998523 0.000075 0.000229 0.000000 0.000032

MOTIF 36-SQIS STREME-36
letter-probability matrix: alength= 20 w= 4 nsites= 97 E= 4.8e+000
 0.012245 0.000455 0.001290 0.001171 0.000740 0.006571 0.000674 0.004474 0.000098 0.006965 0.000952 0.004986 0.002759 0.003496 0.002855 0.935635 0.003251 0.009981 0.000017 0.001384
 0.012245 0.000455 0.001290 0.001171 0.000740 0.006571 0.000674 0.004474 0.000098 0.006965 0.000952 0.004986 0.002759 0.912587 0.002855 0.026544 0.003251 0.009981 0.000017 0.001384
 0.012245 0.000455 0.001290 0.001171 0.000740 0.006571 0.000674 0.913565 0.000098 0.006965 0.000952 0.004986 0.002759 0.003496 0.002855 0.026544 0.003251 0.009981 0.000017 0.001384
 0.012245 0.000455 0.001290 0.001171 0.000740 0.006571 0.000674 0.004474 0.000098 0.006965 0.000952 0.004986 0.002759 0.003496 0.002855 0.935635 0.003251 0.009981 0.000017 0.001384

********************************************************************************
Stopped because 3 consecutive motifs exceeded the p-value threshold (0.05).
********************************************************************************
COMMAND:	streme --protein --p ./Data/v0_cluster_windows_15mers/cluster_10.fasta --minw 3 --maxw 15 --thresh 0.05 --oc ./Results/v0_Parallel_Run_20250503_171149/streme_out_cluster_10
********************************************************************************
CPU:		Hirokis-MacBook-Air.local
********************************************************************************
FINALTIME:	602.75 seconds
********************************************************************************
