********************************************************************************
STREME - Sensitive, Thorough, Rapid, Enriched Motif Elicitation
********************************************************************************
MEME version 5.5.7 (Release date: Wed Jun 19 13:59:04 2024 -0700)

For further information on how to interpret these results please access https://meme-suite.org/meme.
To get a copy of the MEME Suite software please access https://meme-suite.org.

********************************************************************************


********************************************************************************
REFERENCE
********************************************************************************
If you use this program in your research, please cite:

Timothy L. Bailey,
"STREME: accurate and versatile sequence motif discovery",
Bioinformatics, Mar. 24, 2021.
********************************************************************************


ALPHABET= ACDEFGHIKLMNPQRSTVWY

strands: +

Background letter frequencies
A 0.0597 C 4.32e-05 D 0.00177 E 0.0684 F 4.32e-05 G 0.132 H 4.32e-05 I 0.0199 K 4.32e-05 L 0.136 M 0.00264 N 0.00177 P 0.0398 Q 0.0666 R 4.32e-05 S 0.249 T 0.0113 V 0.21 W 4.32e-05 Y 4.32e-05 

MOTIF 1-SSPGVSSGEVLVQVL STREME-1
letter-probability matrix: alength= 20 w= 15 nsites= 77 E= 2.9e-004
 0.005429 0.000004 0.000161 0.006216 0.000004 0.012035 0.000004 0.001813 0.000004 0.012353 0.000240 0.000161 0.003621 0.006058 0.000004 0.931743 0.001026 0.019116 0.000004 0.000004
 0.005429 0.000004 0.000161 0.006216 0.000004 0.012035 0.000004 0.001813 0.000004 0.012353 0.000240 0.000161 0.003621 0.006058 0.000004 0.931743 0.001026 0.019116 0.000004 0.000004
 0.005429 0.000004 0.000161 0.006216 0.000004 0.012035 0.000004 0.001813 0.000004 0.012353 0.000240 0.000161 0.912712 0.006058 0.000004 0.022652 0.001026 0.019116 0.000004 0.000004
 0.005429 0.000004 0.000161 0.006216 0.000004 0.921126 0.000004 0.001813 0.000004 0.012353 0.000240 0.000161 0.003621 0.006058 0.000004 0.022652 0.001026 0.019116 0.000004 0.000004
 0.005429 0.000004 0.000161 0.006216 0.000004 0.012035 0.000004 0.001813 0.000004 0.012353 0.000240 0.000161 0.003621 0.006058 0.000004 0.022652 0.001026 0.928207 0.000004 0.000004
 0.005429 0.000004 0.000161 0.006216 0.000004 0.012035 0.000004 0.001813 0.000004 0.012353 0.000240 0.000161 0.003621 0.006058 0.000004 0.931743 0.001026 0.019116 0.000004 0.000004
 0.005429 0.000004 0.000161 0.006216 0.000004 0.012035 0.000004 0.001813 0.000004 0.012353 0.000240 0.000161 0.003621 0.006058 0.000004 0.931743 0.001026 0.019116 0.000004 0.000004
 0.005429 0.000004 0.000161 0.006216 0.000004 0.921126 0.000004 0.001813 0.000004 0.012353 0.000240 0.000161 0.003621 0.006058 0.000004 0.022652 0.001026 0.019116 0.000004 0.000004
 0.005429 0.000004 0.000161 0.915307 0.000004 0.012035 0.000004 0.001813 0.000004 0.012353 0.000240 0.000161 0.003621 0.006058 0.000004 0.022652 0.001026 0.019116 0.000004 0.000004
 0.005429 0.000004 0.000161 0.006216 0.000004 0.012035 0.000004 0.001813 0.000004 0.012353 0.000240 0.000161 0.003621 0.006058 0.000004 0.022652 0.001026 0.928207 0.000004 0.000004
 0.005429 0.000004 0.000161 0.006216 0.000004 0.012035 0.000004 0.001813 0.000004 0.921444 0.000240 0.000161 0.003621 0.006058 0.000004 0.022652 0.001026 0.019116 0.000004 0.000004
 0.005429 0.000004 0.000161 0.006216 0.000004 0.012035 0.000004 0.001813 0.000004 0.012353 0.000240 0.000161 0.003621 0.006058 0.000004 0.022652 0.001026 0.928207 0.000004 0.000004
 0.005429 0.000004 0.000161 0.006216 0.000004 0.012035 0.000004 0.001813 0.000004 0.012353 0.000240 0.000161 0.003621 0.915149 0.000004 0.022652 0.001026 0.019116 0.000004 0.000004
 0.005429 0.000004 0.000161 0.006216 0.000004 0.012035 0.000004 0.001813 0.000004 0.012353 0.000240 0.000161 0.003621 0.006058 0.000004 0.022652 0.001026 0.928207 0.000004 0.000004
 0.005429 0.000004 0.000161 0.006216 0.000004 0.012035 0.000004 0.001813 0.000004 0.921444 0.000240 0.000161 0.003621 0.006058 0.000004 0.022652 0.001026 0.019116 0.000004 0.000004

********************************************************************************
Stopped because the next motif had no positive sites with scores > 0.
********************************************************************************
COMMAND:	streme --protein --p ./Data/v1_cluster_windows_15mers/cluster_19333.fasta --minw 3 --maxw 15 --thresh 0.05 --oc ./Results/v1_Top500_Run_20250504_162200/streme_out_cluster_19333
********************************************************************************
CPU:		Hirokis-MacBook-Air.local
********************************************************************************
FINALTIME:	0.13 seconds
********************************************************************************
