********************************************************************************
STREME - Sensitive, Thorough, Rapid, Enriched Motif Elicitation
********************************************************************************
MEME version 5.5.7 (Release date: Wed Jun 19 13:59:04 2024 -0700)

For further information on how to interpret these results please access https://meme-suite.org/meme.
To get a copy of the MEME Suite software please access https://meme-suite.org.

********************************************************************************


********************************************************************************
REFERENCE
********************************************************************************
If you use this program in your research, please cite:

Timothy L. Bailey,
"STREME: accurate and versatile sequence motif discovery",
Bioinformatics, Mar. 24, 2021.
********************************************************************************


ALPHABET= ACDEFGHIKLMNPQRSTVWY

strands: +

Background letter frequencies
A 0.0853 C 4.44e-05 D 0.0107 E 0.0142 F 0.00537 G 0.492 H 4.44e-05 I 0.00804 K 4.44e-05 L 0.0036 M 4.44e-05 N 0.0036 P 4.44e-05 Q 4.44e-05 R 0.00271 S 0.346 T 0.00271 V 0.0205 W 4.44e-05 Y 0.00448 

MOTIF 1-GSGAGSG STREME-1
letter-probability matrix: alength= 20 w= 7 nsites= 73 E= 9.3e-003
 0.000203 0.000000 0.000025 0.050089 0.000013 0.881631 0.000000 0.000019 0.000000 0.000009 0.000000 0.000009 0.000000 0.000000 0.000006 0.067929 0.000006 0.000049 0.000000 0.000011
 0.120982 0.000000 0.000025 0.000034 0.000013 0.017678 0.000000 0.000019 0.000000 0.000009 0.000000 0.000009 0.000000 0.000000 0.000006 0.827968 0.000006 0.033239 0.000000 0.000011
 0.000203 0.000000 0.033216 0.000034 0.000013 0.915546 0.000000 0.000019 0.000000 0.000009 0.000000 0.000009 0.000000 0.000000 0.000006 0.050879 0.000006 0.000049 0.000000 0.000011
 0.614295 0.000000 0.000025 0.000034 0.000013 0.001172 0.000000 0.000019 0.000000 0.000009 0.000000 0.000009 0.000000 0.000000 0.000006 0.384352 0.000006 0.000049 0.000000 0.000011
 0.000203 0.000000 0.000025 0.000034 0.000013 0.998790 0.000000 0.000019 0.000000 0.000009 0.000000 0.000009 0.000000 0.000000 0.000006 0.000825 0.000006 0.000049 0.000000 0.000011
 0.034711 0.000000 0.000025 0.000034 0.000013 0.017857 0.000000 0.000019 0.000000 0.000009 0.000000 0.000009 0.000000 0.000000 0.000006 0.947250 0.000006 0.000049 0.000000 0.000011
 0.000203 0.000000 0.000025 0.000034 0.000013 0.998790 0.000000 0.000019 0.000000 0.000009 0.000000 0.000009 0.000000 0.000000 0.000006 0.000825 0.000006 0.000049 0.000000 0.000011

MOTIF 2-GSVS STREME-2
letter-probability matrix: alength= 20 w= 4 nsites= 6 E= 2.0e+000
 0.007754 0.000004 0.000973 0.001295 0.000488 0.953826 0.000004 0.000731 0.000004 0.000327 0.000004 0.000327 0.000004 0.000004 0.000246 0.031490 0.000246 0.001861 0.000004 0.000408
 0.007754 0.000004 0.000973 0.001295 0.000488 0.044735 0.000004 0.000731 0.000004 0.000327 0.000004 0.000327 0.000004 0.000004 0.000246 0.940581 0.000246 0.001861 0.000004 0.000408
 0.007754 0.000004 0.000973 0.001295 0.000488 0.044735 0.000004 0.000731 0.000004 0.000327 0.000004 0.000327 0.000004 0.000004 0.000246 0.031490 0.000246 0.910952 0.000004 0.000408
 0.007754 0.000004 0.000973 0.001295 0.000488 0.044735 0.000004 0.000731 0.000004 0.000327 0.000004 0.000327 0.000004 0.000004 0.000246 0.940581 0.000246 0.001861 0.000004 0.000408

MOTIF 3-SESS STREME-3
letter-probability matrix: alength= 20 w= 4 nsites= 5 E= 2.0e+000
 0.007754 0.000004 0.000973 0.001295 0.000488 0.044735 0.000004 0.000731 0.000004 0.000327 0.000004 0.000327 0.000004 0.000004 0.000246 0.940581 0.000246 0.001861 0.000004 0.000408
 0.007754 0.000004 0.000973 0.910386 0.000488 0.044735 0.000004 0.000731 0.000004 0.000327 0.000004 0.000327 0.000004 0.000004 0.000246 0.031490 0.000246 0.001861 0.000004 0.000408
 0.007754 0.000004 0.000973 0.001295 0.000488 0.044735 0.000004 0.000731 0.000004 0.000327 0.000004 0.000327 0.000004 0.000004 0.000246 0.940581 0.000246 0.001861 0.000004 0.000408
 0.007754 0.000004 0.000973 0.001295 0.000488 0.044735 0.000004 0.000731 0.000004 0.000327 0.000004 0.000327 0.000004 0.000004 0.000246 0.940581 0.000246 0.001861 0.000004 0.000408

MOTIF 4-AGLGYG STREME-4
letter-probability matrix: alength= 20 w= 6 nsites= 5 E= 4.0e+000
 0.916845 0.000004 0.000973 0.001295 0.000488 0.044735 0.000004 0.000731 0.000004 0.000327 0.000004 0.000327 0.000004 0.000004 0.000246 0.031490 0.000246 0.001861 0.000004 0.000408
 0.007754 0.000004 0.000973 0.001295 0.000488 0.953826 0.000004 0.000731 0.000004 0.000327 0.000004 0.000327 0.000004 0.000004 0.000246 0.031490 0.000246 0.001861 0.000004 0.000408
 0.007754 0.000004 0.000973 0.001295 0.000488 0.044735 0.000004 0.000731 0.000004 0.909418 0.000004 0.000327 0.000004 0.000004 0.000246 0.031490 0.000246 0.001861 0.000004 0.000408
 0.007754 0.000004 0.000973 0.001295 0.000488 0.953826 0.000004 0.000731 0.000004 0.000327 0.000004 0.000327 0.000004 0.000004 0.000246 0.031490 0.000246 0.001861 0.000004 0.000408
 0.007754 0.000004 0.000973 0.001295 0.000488 0.044735 0.000004 0.000731 0.000004 0.000327 0.000004 0.000327 0.000004 0.000004 0.000246 0.031490 0.000246 0.001861 0.000004 0.909499
 0.007754 0.000004 0.000973 0.001295 0.000488 0.953826 0.000004 0.000731 0.000004 0.000327 0.000004 0.000327 0.000004 0.000004 0.000246 0.031490 0.000246 0.001861 0.000004 0.000408

********************************************************************************
Stopped because 3 consecutive motifs exceeded the p-value threshold (0.05).
********************************************************************************
COMMAND:	streme --protein --p ./Data/v1_cluster_windows_15mers/cluster_5528.fasta --minw 3 --maxw 15 --thresh 0.05 --oc ./Results/v1_Top500_Run_20250504_162200/streme_out_cluster_5528
********************************************************************************
CPU:		Hirokis-MacBook-Air.local
********************************************************************************
FINALTIME:	0.23 seconds
********************************************************************************
