********************************************************************************
STREME - Sensitive, Thorough, Rapid, Enriched Motif Elicitation
********************************************************************************
MEME version 5.5.7 (Release date: Wed Jun 19 13:59:04 2024 -0700)

For further information on how to interpret these results please access https://meme-suite.org/meme.
To get a copy of the MEME Suite software please access https://meme-suite.org.

********************************************************************************


********************************************************************************
REFERENCE
********************************************************************************
If you use this program in your research, please cite:

Timothy L. Bailey,
"STREME: accurate and versatile sequence motif discovery",
Bioinformatics, Mar. 24, 2021.
********************************************************************************


ALPHABET= ACDEFGHIKLMNPQRSTVWY

strands: +

Background letter frequencies
A 0.17 C 6.4e-05 D 0.0154 E 0.0794 F 6.4e-05 G 0.0666 H 6.4e-05 I 0.0871 K 6.4e-05 L 0.0897 M 0.0141 N 0.11 P 6.4e-05 Q 0.00134 R 0.00519 S 0.282 T 0.0654 V 0.0129 W 6.4e-05 Y 6.4e-05 

MOTIF 1-LLSNSGAINESTASS STREME-1
letter-probability matrix: alength= 20 w= 15 nsites= 52 E= 4.0e-003
 0.000550 0.000000 0.000050 0.000257 0.000000 0.000215 0.000000 0.296333 0.000000 0.315817 0.226409 0.000356 0.000000 0.000004 0.000017 0.000910 0.000211 0.158870 0.000000 0.000000
 0.000550 0.000000 0.000050 0.000257 0.000000 0.000215 0.000000 0.000281 0.000000 0.997060 0.000046 0.000356 0.000000 0.000004 0.000017 0.000910 0.000211 0.000042 0.000000 0.000000
 0.204153 0.000000 0.000050 0.000257 0.000000 0.000215 0.000000 0.000281 0.000000 0.000290 0.000046 0.000356 0.000000 0.000004 0.000017 0.794077 0.000211 0.000042 0.000000 0.000000
 0.000550 0.000000 0.158518 0.227739 0.000000 0.000215 0.000000 0.000281 0.000000 0.000290 0.000046 0.588789 0.000000 0.022392 0.000017 0.000910 0.000211 0.000042 0.000000 0.000000
 0.452542 0.000000 0.000050 0.000257 0.000000 0.000215 0.000000 0.000281 0.000000 0.000290 0.000046 0.000356 0.000000 0.000004 0.067527 0.478177 0.000211 0.000042 0.000000 0.000000
 0.000550 0.000000 0.000050 0.000257 0.000000 0.996985 0.000000 0.000281 0.000000 0.000290 0.000046 0.000356 0.000000 0.000004 0.000017 0.000910 0.000211 0.000042 0.000000 0.000000
 0.929100 0.000000 0.000050 0.000257 0.000000 0.000215 0.000000 0.000281 0.000000 0.000290 0.000046 0.000356 0.000000 0.000004 0.000017 0.000910 0.000211 0.068262 0.000000 0.000000
 0.000550 0.000000 0.000050 0.000257 0.000000 0.000215 0.000000 0.997052 0.000000 0.000290 0.000046 0.000356 0.000000 0.000004 0.000017 0.000910 0.000211 0.000042 0.000000 0.000000
 0.000550 0.000000 0.022437 0.000257 0.000000 0.000215 0.000000 0.000281 0.000000 0.000290 0.000046 0.770763 0.000000 0.000004 0.000017 0.000910 0.204187 0.000042 0.000000 0.000000
 0.000550 0.000000 0.000050 0.997027 0.000000 0.000215 0.000000 0.000281 0.000000 0.000290 0.000046 0.000356 0.000000 0.000004 0.000017 0.000910 0.000211 0.000042 0.000000 0.000000
 0.000550 0.000000 0.000050 0.000257 0.000000 0.000215 0.000000 0.000281 0.000000 0.000290 0.000046 0.022743 0.000000 0.000004 0.022404 0.952906 0.000211 0.000042 0.000000 0.000000
 0.000550 0.000000 0.000050 0.000257 0.000000 0.000215 0.000000 0.000281 0.000000 0.000290 0.000046 0.296408 0.000000 0.000004 0.000017 0.090808 0.611032 0.000042 0.000000 0.000000
 0.997321 0.000000 0.000050 0.000257 0.000000 0.000215 0.000000 0.000281 0.000000 0.000290 0.000046 0.000356 0.000000 0.000004 0.000017 0.000910 0.000211 0.000042 0.000000 0.000000
 0.000550 0.000000 0.000050 0.000257 0.000000 0.000215 0.000000 0.000281 0.000000 0.000290 0.000046 0.000356 0.000000 0.000004 0.000017 0.975293 0.022598 0.000042 0.000000 0.000000
 0.022937 0.000000 0.000050 0.000257 0.000000 0.000215 0.000000 0.000281 0.000000 0.000290 0.000046 0.000356 0.000000 0.000004 0.000017 0.859747 0.115757 0.000042 0.000000 0.000000

********************************************************************************
Stopped because the next motif had no positive sites with scores > 0.
********************************************************************************
COMMAND:	streme --protein --p ./Data/v1_cluster_windows_15mers/cluster_12725.fasta --minw 3 --maxw 15 --thresh 0.05 --oc ./Results/v1_Top500_Run_20250504_162200/streme_out_cluster_12725
********************************************************************************
CPU:		Hirokis-MacBook-Air.local
********************************************************************************
FINALTIME:	0.13 seconds
********************************************************************************
