********************************************************************************
STREME - Sensitive, Thorough, Rapid, Enriched Motif Elicitation
********************************************************************************
MEME version 5.5.7 (Release date: Wed Jun 19 13:59:04 2024 -0700)

For further information on how to interpret these results please access https://meme-suite.org/meme.
To get a copy of the MEME Suite software please access https://meme-suite.org.

********************************************************************************


********************************************************************************
REFERENCE
********************************************************************************
If you use this program in your research, please cite:

Timothy L. Bailey,
"STREME: accurate and versatile sequence motif discovery",
Bioinformatics, Mar. 24, 2021.
********************************************************************************


ALPHABET= ACDEFGHIKLMNPQRSTVWY

strands: +

Background letter frequencies
A 0.0666 C 7.08e-05 D 7.08e-05 E 7.08e-05 F 0.00857 G 0.599 H 7.08e-05 I 0.00432 K 7.08e-05 L 0.0624 M 7.08e-05 N 7.08e-05 P 0.00432 Q 7.08e-05 R 0.133 S 0.061 T 0.00149 V 7.08e-05 W 7.08e-05 Y 0.0581 

MOTIF 1-ASGGGRGGLGGRGYG STREME-1
letter-probability matrix: alength= 20 w= 15 nsites= 44 S= 1.2e-023
 0.915149 0.000006 0.000006 0.000006 0.000779 0.054475 0.000006 0.000393 0.000006 0.005672 0.000006 0.000006 0.000393 0.000006 0.012110 0.005544 0.000135 0.000006 0.000006 0.005286
 0.006058 0.000006 0.000006 0.000006 0.000779 0.054475 0.000006 0.000393 0.000006 0.005672 0.000006 0.000006 0.000393 0.000006 0.012110 0.914635 0.000135 0.000006 0.000006 0.005286
 0.006058 0.000006 0.000006 0.000006 0.000779 0.963566 0.000006 0.000393 0.000006 0.005672 0.000006 0.000006 0.000393 0.000006 0.012110 0.005544 0.000135 0.000006 0.000006 0.005286
 0.006058 0.000006 0.000006 0.000006 0.000779 0.963566 0.000006 0.000393 0.000006 0.005672 0.000006 0.000006 0.000393 0.000006 0.012110 0.005544 0.000135 0.000006 0.000006 0.005286
 0.006058 0.000006 0.000006 0.000006 0.000779 0.963566 0.000006 0.000393 0.000006 0.005672 0.000006 0.000006 0.000393 0.000006 0.012110 0.005544 0.000135 0.000006 0.000006 0.005286
 0.006058 0.000006 0.000006 0.000006 0.000779 0.054475 0.000006 0.000393 0.000006 0.005672 0.000006 0.000006 0.000393 0.000006 0.921201 0.005544 0.000135 0.000006 0.000006 0.005286
 0.006058 0.000006 0.000006 0.000006 0.000779 0.963566 0.000006 0.000393 0.000006 0.005672 0.000006 0.000006 0.000393 0.000006 0.012110 0.005544 0.000135 0.000006 0.000006 0.005286
 0.006058 0.000006 0.000006 0.000006 0.000779 0.963566 0.000006 0.000393 0.000006 0.005672 0.000006 0.000006 0.000393 0.000006 0.012110 0.005544 0.000135 0.000006 0.000006 0.005286
 0.006058 0.000006 0.000006 0.000006 0.000779 0.054475 0.000006 0.000393 0.000006 0.914763 0.000006 0.000006 0.000393 0.000006 0.012110 0.005544 0.000135 0.000006 0.000006 0.005286
 0.006058 0.000006 0.000006 0.000006 0.000779 0.963566 0.000006 0.000393 0.000006 0.005672 0.000006 0.000006 0.000393 0.000006 0.012110 0.005544 0.000135 0.000006 0.000006 0.005286
 0.006058 0.000006 0.000006 0.000006 0.000779 0.963566 0.000006 0.000393 0.000006 0.005672 0.000006 0.000006 0.000393 0.000006 0.012110 0.005544 0.000135 0.000006 0.000006 0.005286
 0.006058 0.000006 0.000006 0.000006 0.000779 0.054475 0.000006 0.000393 0.000006 0.005672 0.000006 0.000006 0.000393 0.000006 0.921201 0.005544 0.000135 0.000006 0.000006 0.005286
 0.006058 0.000006 0.000006 0.000006 0.000779 0.963566 0.000006 0.000393 0.000006 0.005672 0.000006 0.000006 0.000393 0.000006 0.012110 0.005544 0.000135 0.000006 0.000006 0.005286
 0.006058 0.000006 0.000006 0.000006 0.000779 0.054475 0.000006 0.000393 0.000006 0.005672 0.000006 0.000006 0.000393 0.000006 0.012110 0.005544 0.000135 0.000006 0.000006 0.914377
 0.006058 0.000006 0.000006 0.000006 0.000779 0.963566 0.000006 0.000393 0.000006 0.005672 0.000006 0.000006 0.000393 0.000006 0.012110 0.005544 0.000135 0.000006 0.000006 0.005286

MOTIF 2-GGRGRFGGLGAGPGG STREME-2
letter-probability matrix: alength= 20 w= 15 nsites= 3 S= 1.2e-001
 0.006058 0.000006 0.000006 0.000006 0.000779 0.963566 0.000006 0.000393 0.000006 0.005672 0.000006 0.000006 0.000393 0.000006 0.012110 0.005544 0.000135 0.000006 0.000006 0.005286
 0.006058 0.000006 0.000006 0.000006 0.000779 0.963566 0.000006 0.000393 0.000006 0.005672 0.000006 0.000006 0.000393 0.000006 0.012110 0.005544 0.000135 0.000006 0.000006 0.005286
 0.006058 0.000006 0.000006 0.000006 0.000779 0.054475 0.000006 0.000393 0.000006 0.005672 0.000006 0.000006 0.000393 0.000006 0.921201 0.005544 0.000135 0.000006 0.000006 0.005286
 0.006058 0.000006 0.000006 0.000006 0.000779 0.963566 0.000006 0.000393 0.000006 0.005672 0.000006 0.000006 0.000393 0.000006 0.012110 0.005544 0.000135 0.000006 0.000006 0.005286
 0.006058 0.000006 0.000006 0.000006 0.000779 0.054475 0.000006 0.000393 0.000006 0.005672 0.000006 0.000006 0.000393 0.000006 0.921201 0.005544 0.000135 0.000006 0.000006 0.005286
 0.006058 0.000006 0.000006 0.000006 0.909870 0.054475 0.000006 0.000393 0.000006 0.005672 0.000006 0.000006 0.000393 0.000006 0.012110 0.005544 0.000135 0.000006 0.000006 0.005286
 0.006058 0.000006 0.000006 0.000006 0.000779 0.963566 0.000006 0.000393 0.000006 0.005672 0.000006 0.000006 0.000393 0.000006 0.012110 0.005544 0.000135 0.000006 0.000006 0.005286
 0.006058 0.000006 0.000006 0.000006 0.000779 0.963566 0.000006 0.000393 0.000006 0.005672 0.000006 0.000006 0.000393 0.000006 0.012110 0.005544 0.000135 0.000006 0.000006 0.005286
 0.006058 0.000006 0.000006 0.000006 0.000779 0.054475 0.000006 0.000393 0.000006 0.914763 0.000006 0.000006 0.000393 0.000006 0.012110 0.005544 0.000135 0.000006 0.000006 0.005286
 0.006058 0.000006 0.000006 0.000006 0.000779 0.963566 0.000006 0.000393 0.000006 0.005672 0.000006 0.000006 0.000393 0.000006 0.012110 0.005544 0.000135 0.000006 0.000006 0.005286
 0.915149 0.000006 0.000006 0.000006 0.000779 0.054475 0.000006 0.000393 0.000006 0.005672 0.000006 0.000006 0.000393 0.000006 0.012110 0.005544 0.000135 0.000006 0.000006 0.005286
 0.006058 0.000006 0.000006 0.000006 0.000779 0.963566 0.000006 0.000393 0.000006 0.005672 0.000006 0.000006 0.000393 0.000006 0.012110 0.005544 0.000135 0.000006 0.000006 0.005286
 0.006058 0.000006 0.000006 0.000006 0.000779 0.054475 0.000006 0.000393 0.000006 0.005672 0.000006 0.000006 0.909484 0.000006 0.012110 0.005544 0.000135 0.000006 0.000006 0.005286
 0.006058 0.000006 0.000006 0.000006 0.000779 0.963566 0.000006 0.000393 0.000006 0.005672 0.000006 0.000006 0.000393 0.000006 0.012110 0.005544 0.000135 0.000006 0.000006 0.005286
 0.006058 0.000006 0.000006 0.000006 0.000779 0.963566 0.000006 0.000393 0.000006 0.005672 0.000006 0.000006 0.000393 0.000006 0.012110 0.005544 0.000135 0.000006 0.000006 0.005286

********************************************************************************
Stopped because the next motif had no positive sites with scores > 0.
********************************************************************************
COMMAND:	streme --protein --p ./Data/v1_cluster_windows_15mers/cluster_14996.fasta --minw 3 --maxw 15 --thresh 0.05 --oc ./Results/v1_Top500_Run_20250504_162200/streme_out_cluster_14996
********************************************************************************
CPU:		Hirokis-MacBook-Air.local
********************************************************************************
FINALTIME:	0.17 seconds
********************************************************************************
