********************************************************************************
STREME - Sensitive, Thorough, Rapid, Enriched Motif Elicitation
********************************************************************************
MEME version 5.5.7 (Release date: Wed Jun 19 13:59:04 2024 -0700)

For further information on how to interpret these results please access https://meme-suite.org/meme.
To get a copy of the MEME Suite software please access https://meme-suite.org.

********************************************************************************


********************************************************************************
REFERENCE
********************************************************************************
If you use this program in your research, please cite:

Timothy L. Bailey,
"STREME: accurate and versatile sequence motif discovery",
Bioinformatics, Mar. 24, 2021.
********************************************************************************


ALPHABET= ACDEFGHIKLMNPQRSTVWY

strands: +

Background letter frequencies
A 0.541 C 8.32e-05 D 0.00508 E 8.32e-05 F 0.0184 G 0.208 H 8.32e-05 I 8.32e-05 K 8.32e-05 L 8.32e-05 M 8.32e-05 N 0.00175 P 8.32e-05 Q 8.32e-05 R 8.32e-05 S 0.178 T 0.03 V 0.0167 W 8.32e-05 Y 8.32e-05 

MOTIF 1-AASAAAAAA STREME-1
letter-probability matrix: alength= 20 w= 9 nsites= 40 S= 9.3e-024
 0.927127 0.000000 0.000017 0.000000 0.000062 0.000701 0.000000 0.000000 0.000000 0.000000 0.000000 0.000006 0.000000 0.000000 0.000000 0.000600 0.000101 0.071383 0.000000 0.000000
 0.727371 0.000000 0.000017 0.000000 0.199818 0.000701 0.000000 0.000000 0.000000 0.000000 0.000000 0.000006 0.000000 0.000000 0.000000 0.000600 0.000101 0.071383 0.000000 0.000000
 0.001821 0.000000 0.000017 0.000000 0.000062 0.000701 0.000000 0.000000 0.000000 0.000000 0.000000 0.000006 0.000000 0.000000 0.000000 0.997232 0.000101 0.000056 0.000000 0.000000
 0.951343 0.000000 0.000017 0.000000 0.000062 0.047812 0.000000 0.000000 0.000000 0.000000 0.000000 0.000006 0.000000 0.000000 0.000000 0.000600 0.000101 0.000056 0.000000 0.000000
 0.998454 0.000000 0.000017 0.000000 0.000062 0.000701 0.000000 0.000000 0.000000 0.000000 0.000000 0.000006 0.000000 0.000000 0.000000 0.000600 0.000101 0.000056 0.000000 0.000000
 0.903786 0.000000 0.000017 0.000000 0.000062 0.000701 0.000000 0.000000 0.000000 0.000000 0.000000 0.000006 0.000000 0.000000 0.000000 0.071926 0.023442 0.000056 0.000000 0.000000
 0.998454 0.000000 0.000017 0.000000 0.000062 0.000701 0.000000 0.000000 0.000000 0.000000 0.000000 0.000006 0.000000 0.000000 0.000000 0.000600 0.000101 0.000056 0.000000 0.000000
 0.998454 0.000000 0.000017 0.000000 0.000062 0.000701 0.000000 0.000000 0.000000 0.000000 0.000000 0.000006 0.000000 0.000000 0.000000 0.000600 0.000101 0.000056 0.000000 0.000000
 0.585593 0.000000 0.000017 0.000000 0.000062 0.000701 0.000000 0.000000 0.000000 0.000000 0.000000 0.000006 0.000000 0.000000 0.000000 0.000600 0.412962 0.000056 0.000000 0.000000

MOTIF 2-GAG STREME-2
letter-probability matrix: alength= 20 w= 3 nsites= 38 S= 4.2e-014
 0.002030 0.000000 0.000019 0.000000 0.000069 0.997028 0.000000 0.000000 0.000000 0.000000 0.000000 0.000007 0.000000 0.000000 0.000000 0.000668 0.000113 0.000063 0.000000 0.000000
 0.918778 0.000000 0.000019 0.000000 0.079568 0.000781 0.000000 0.000000 0.000000 0.000000 0.000000 0.000007 0.000000 0.000000 0.000000 0.000668 0.000113 0.000063 0.000000 0.000000
 0.002030 0.000000 0.000019 0.000000 0.000069 0.997028 0.000000 0.000000 0.000000 0.000000 0.000000 0.000007 0.000000 0.000000 0.000000 0.000668 0.000113 0.000063 0.000000 0.000000

MOTIF 3-GSG STREME-3
letter-probability matrix: alength= 20 w= 3 nsites= 6 S= 1.3e-002
 0.049166 0.000008 0.000461 0.000008 0.001672 0.928010 0.000008 0.000008 0.000008 0.000008 0.000008 0.000159 0.000008 0.000008 0.000008 0.016192 0.002730 0.001520 0.000008 0.000008
 0.049166 0.000008 0.000461 0.000008 0.001672 0.018919 0.000008 0.000008 0.000008 0.000008 0.000008 0.000159 0.000008 0.000008 0.000008 0.925282 0.002730 0.001520 0.000008 0.000008
 0.049166 0.000008 0.000461 0.000008 0.001672 0.928010 0.000008 0.000008 0.000008 0.000008 0.000008 0.000159 0.000008 0.000008 0.000008 0.016192 0.002730 0.001520 0.000008 0.000008

MOTIF 4-GSD STREME-4
letter-probability matrix: alength= 20 w= 3 nsites= 3 S= 1.2e-001
 0.049166 0.000008 0.000461 0.000008 0.001672 0.928010 0.000008 0.000008 0.000008 0.000008 0.000008 0.000159 0.000008 0.000008 0.000008 0.016192 0.002730 0.001520 0.000008 0.000008
 0.049166 0.000008 0.000461 0.000008 0.001672 0.018919 0.000008 0.000008 0.000008 0.000008 0.000008 0.000159 0.000008 0.000008 0.000008 0.925282 0.002730 0.001520 0.000008 0.000008
 0.049166 0.000008 0.909552 0.000008 0.001672 0.018919 0.000008 0.000008 0.000008 0.000008 0.000008 0.000159 0.000008 0.000008 0.000008 0.016192 0.002730 0.001520 0.000008 0.000008

MOTIF 5-AGSAGS STREME-5
letter-probability matrix: alength= 20 w= 6 nsites= 2 S= 5.0e-001
 0.958256 0.000008 0.000461 0.000008 0.001672 0.018919 0.000008 0.000008 0.000008 0.000008 0.000008 0.000159 0.000008 0.000008 0.000008 0.016192 0.002730 0.001520 0.000008 0.000008
 0.049166 0.000008 0.000461 0.000008 0.001672 0.928010 0.000008 0.000008 0.000008 0.000008 0.000008 0.000159 0.000008 0.000008 0.000008 0.016192 0.002730 0.001520 0.000008 0.000008
 0.049166 0.000008 0.000461 0.000008 0.001672 0.018919 0.000008 0.000008 0.000008 0.000008 0.000008 0.000159 0.000008 0.000008 0.000008 0.925282 0.002730 0.001520 0.000008 0.000008
 0.958256 0.000008 0.000461 0.000008 0.001672 0.018919 0.000008 0.000008 0.000008 0.000008 0.000008 0.000159 0.000008 0.000008 0.000008 0.016192 0.002730 0.001520 0.000008 0.000008
 0.049166 0.000008 0.000461 0.000008 0.001672 0.928010 0.000008 0.000008 0.000008 0.000008 0.000008 0.000159 0.000008 0.000008 0.000008 0.016192 0.002730 0.001520 0.000008 0.000008
 0.049166 0.000008 0.000461 0.000008 0.001672 0.018919 0.000008 0.000008 0.000008 0.000008 0.000008 0.000159 0.000008 0.000008 0.000008 0.925282 0.002730 0.001520 0.000008 0.000008

********************************************************************************
Stopped because maximum number of motifs (5) reached.
********************************************************************************
COMMAND:	streme --protein --p ./Data/v1_cluster_windows_15mers/cluster_17718.fasta --minw 3 --maxw 15 --thresh 0.05 --oc ./Results/v1_Top500_Run_20250504_162200/streme_out_cluster_17718
********************************************************************************
CPU:		Hirokis-MacBook-Air.local
********************************************************************************
FINALTIME:	0.21 seconds
********************************************************************************
