********************************************************************************
STREME - Sensitive, Thorough, Rapid, Enriched Motif Elicitation
********************************************************************************
MEME version 5.5.7 (Release date: Wed Jun 19 13:59:04 2024 -0700)

For further information on how to interpret these results please access https://meme-suite.org/meme.
To get a copy of the MEME Suite software please access https://meme-suite.org.

********************************************************************************


********************************************************************************
REFERENCE
********************************************************************************
If you use this program in your research, please cite:

Timothy L. Bailey,
"STREME: accurate and versatile sequence motif discovery",
Bioinformatics, Mar. 24, 2021.
********************************************************************************


ALPHABET= ACDEFGHIKLMNPQRSTVWY

strands: +

Background letter frequencies
A 0.607 C 8.32e-05 D 8.32e-05 E 8.32e-05 F 8.32e-05 G 0.32 H 8.32e-05 I 8.32e-05 K 8.32e-05 L 8.32e-05 M 8.32e-05 N 8.32e-05 P 8.32e-05 Q 8.32e-05 R 0.025 S 0.0217 T 0.00175 V 0.00341 W 8.32e-05 Y 0.02 

MOTIF 1-AGAAAGAAAGA STREME-1
letter-probability matrix: alength= 20 w= 11 nsites= 40 S= 3.8e-022
 0.803088 0.000000 0.000000 0.000000 0.000000 0.001169 0.000000 0.000000 0.000000 0.000000 0.000000 0.000000 0.000000 0.000000 0.169972 0.025674 0.000006 0.000012 0.000000 0.000073
 0.027817 0.000000 0.000000 0.000000 0.000000 0.971916 0.000000 0.000000 0.000000 0.000000 0.000000 0.000000 0.000000 0.000000 0.000092 0.000079 0.000006 0.000012 0.000000 0.000073
 0.921061 0.000000 0.000000 0.000000 0.000000 0.001169 0.000000 0.000000 0.000000 0.000000 0.000000 0.000000 0.000000 0.000000 0.000092 0.077581 0.000006 0.000012 0.000000 0.000073
 0.998563 0.000000 0.000000 0.000000 0.000000 0.001169 0.000000 0.000000 0.000000 0.000000 0.000000 0.000000 0.000000 0.000000 0.000092 0.000079 0.000006 0.000012 0.000000 0.000073
 0.998563 0.000000 0.000000 0.000000 0.000000 0.001169 0.000000 0.000000 0.000000 0.000000 0.000000 0.000000 0.000000 0.000000 0.000092 0.000079 0.000006 0.000012 0.000000 0.000073
 0.219272 0.000000 0.000000 0.000000 0.000000 0.780460 0.000000 0.000000 0.000000 0.000000 0.000000 0.000000 0.000000 0.000000 0.000092 0.000079 0.000006 0.000012 0.000000 0.000073
 0.998563 0.000000 0.000000 0.000000 0.000000 0.001169 0.000000 0.000000 0.000000 0.000000 0.000000 0.000000 0.000000 0.000000 0.000092 0.000079 0.000006 0.000012 0.000000 0.000073
 0.675151 0.000000 0.000000 0.000000 0.000000 0.324582 0.000000 0.000000 0.000000 0.000000 0.000000 0.000000 0.000000 0.000000 0.000092 0.000079 0.000006 0.000012 0.000000 0.000073
 0.998563 0.000000 0.000000 0.000000 0.000000 0.001169 0.000000 0.000000 0.000000 0.000000 0.000000 0.000000 0.000000 0.000000 0.000092 0.000079 0.000006 0.000012 0.000000 0.000073
 0.002222 0.000000 0.000000 0.000000 0.000000 0.997510 0.000000 0.000000 0.000000 0.000000 0.000000 0.000000 0.000000 0.000000 0.000092 0.000079 0.000006 0.000012 0.000000 0.000073
 0.947374 0.000000 0.000000 0.000000 0.000000 0.001169 0.000000 0.000000 0.000000 0.000000 0.000000 0.000000 0.000000 0.000000 0.000092 0.000079 0.000006 0.051202 0.000000 0.000073

MOTIF 2-YGAG STREME-2
letter-probability matrix: alength= 20 w= 4 nsites= 7 S= 5.9e-003
 0.055216 0.000008 0.000008 0.000008 0.000008 0.029053 0.000008 0.000008 0.000008 0.000008 0.000008 0.000008 0.000008 0.000008 0.002276 0.001974 0.000159 0.000310 0.000008 0.910914
 0.055216 0.000008 0.000008 0.000008 0.000008 0.938144 0.000008 0.000008 0.000008 0.000008 0.000008 0.000008 0.000008 0.000008 0.002276 0.001974 0.000159 0.000310 0.000008 0.001823
 0.964307 0.000008 0.000008 0.000008 0.000008 0.029053 0.000008 0.000008 0.000008 0.000008 0.000008 0.000008 0.000008 0.000008 0.002276 0.001974 0.000159 0.000310 0.000008 0.001823
 0.055216 0.000008 0.000008 0.000008 0.000008 0.938144 0.000008 0.000008 0.000008 0.000008 0.000008 0.000008 0.000008 0.000008 0.002276 0.001974 0.000159 0.000310 0.000008 0.001823

MOTIF 3-GGYG STREME-3
letter-probability matrix: alength= 20 w= 4 nsites= 5 S= 1.0e-001
 0.055216 0.000008 0.000008 0.000008 0.000008 0.938144 0.000008 0.000008 0.000008 0.000008 0.000008 0.000008 0.000008 0.000008 0.002276 0.001974 0.000159 0.000310 0.000008 0.001823
 0.055216 0.000008 0.000008 0.000008 0.000008 0.938144 0.000008 0.000008 0.000008 0.000008 0.000008 0.000008 0.000008 0.000008 0.002276 0.001974 0.000159 0.000310 0.000008 0.001823
 0.055216 0.000008 0.000008 0.000008 0.000008 0.029053 0.000008 0.000008 0.000008 0.000008 0.000008 0.000008 0.000008 0.000008 0.002276 0.001974 0.000159 0.000310 0.000008 0.910914
 0.055216 0.000008 0.000008 0.000008 0.000008 0.938144 0.000008 0.000008 0.000008 0.000008 0.000008 0.000008 0.000008 0.000008 0.002276 0.001974 0.000159 0.000310 0.000008 0.001823

MOTIF 4-AGSG STREME-4
letter-probability matrix: alength= 20 w= 4 nsites= 4 S= 1.8e-001
 0.964307 0.000008 0.000008 0.000008 0.000008 0.029053 0.000008 0.000008 0.000008 0.000008 0.000008 0.000008 0.000008 0.000008 0.002276 0.001974 0.000159 0.000310 0.000008 0.001823
 0.055216 0.000008 0.000008 0.000008 0.000008 0.938144 0.000008 0.000008 0.000008 0.000008 0.000008 0.000008 0.000008 0.000008 0.002276 0.001974 0.000159 0.000310 0.000008 0.001823
 0.055216 0.000008 0.000008 0.000008 0.000008 0.029053 0.000008 0.000008 0.000008 0.000008 0.000008 0.000008 0.000008 0.000008 0.002276 0.911064 0.000159 0.000310 0.000008 0.001823
 0.055216 0.000008 0.000008 0.000008 0.000008 0.938144 0.000008 0.000008 0.000008 0.000008 0.000008 0.000008 0.000008 0.000008 0.002276 0.001974 0.000159 0.000310 0.000008 0.001823

MOTIF 5-RGAA STREME-5
letter-probability matrix: alength= 20 w= 4 nsites= 1 S= 9.4e-001
 0.055216 0.000008 0.000008 0.000008 0.000008 0.029053 0.000008 0.000008 0.000008 0.000008 0.000008 0.000008 0.000008 0.000008 0.911367 0.001974 0.000159 0.000310 0.000008 0.001823
 0.055216 0.000008 0.000008 0.000008 0.000008 0.938144 0.000008 0.000008 0.000008 0.000008 0.000008 0.000008 0.000008 0.000008 0.002276 0.001974 0.000159 0.000310 0.000008 0.001823
 0.964307 0.000008 0.000008 0.000008 0.000008 0.029053 0.000008 0.000008 0.000008 0.000008 0.000008 0.000008 0.000008 0.000008 0.002276 0.001974 0.000159 0.000310 0.000008 0.001823
 0.964307 0.000008 0.000008 0.000008 0.000008 0.029053 0.000008 0.000008 0.000008 0.000008 0.000008 0.000008 0.000008 0.000008 0.002276 0.001974 0.000159 0.000310 0.000008 0.001823

********************************************************************************
Stopped because maximum number of motifs (5) reached.
********************************************************************************
COMMAND:	streme --protein --p ./Data/v1_cluster_windows_15mers/cluster_13415.fasta --minw 3 --maxw 15 --thresh 0.05 --oc ./Results/v1_Top500_Run_20250504_162200/streme_out_cluster_13415
********************************************************************************
CPU:		Hirokis-MacBook-Air.local
********************************************************************************
FINALTIME:	0.15 seconds
********************************************************************************
