********************************************************************************
STREME - Sensitive, Thorough, Rapid, Enriched Motif Elicitation
********************************************************************************
MEME version 5.5.7 (Release date: Wed Jun 19 13:59:04 2024 -0700)

For further information on how to interpret these results please access https://meme-suite.org/meme.
To get a copy of the MEME Suite software please access https://meme-suite.org.

********************************************************************************


********************************************************************************
REFERENCE
********************************************************************************
If you use this program in your research, please cite:

Timothy L. Bailey,
"STREME: accurate and versatile sequence motif discovery",
Bioinformatics, Mar. 24, 2021.
********************************************************************************


ALPHABET= ACDEFGHIKLMNPQRSTVWY

strands: +

Background letter frequencies
A 0.0918 C 7.4e-05 D 0.0104 E 0.00155 F 0.0149 G 0.105 H 0.00451 I 0.0874 K 0.00303 L 0.0637 M 0.00155 N 0.0948 P 0.0548 Q 0.0104 R 0.0119 S 0.309 T 0.0593 V 0.0681 W 7.4e-05 Y 0.00747 

MOTIF 1-SSAVSSLISSG STREME-1
letter-probability matrix: alength= 20 w= 11 nsites= 45 S= 9.6e-027
 0.022748 0.000000 0.000034 0.000005 0.000048 0.000340 0.000015 0.000283 0.000010 0.000206 0.000005 0.045575 0.000178 0.000034 0.000039 0.815540 0.114695 0.000221 0.000000 0.000024
 0.045566 0.000000 0.000034 0.022456 0.000048 0.000340 0.000015 0.000283 0.022461 0.000206 0.000005 0.250993 0.000178 0.000034 0.000039 0.566735 0.090362 0.000221 0.000000 0.000024
 0.793900 0.000000 0.000034 0.000005 0.045316 0.000340 0.067734 0.000283 0.000010 0.000206 0.000005 0.000307 0.000178 0.000034 0.000039 0.068721 0.000192 0.022672 0.000000 0.000024
 0.159298 0.000000 0.000034 0.000005 0.000048 0.000340 0.000015 0.022734 0.000010 0.000206 0.000005 0.000307 0.000178 0.000034 0.000039 0.001002 0.135265 0.680457 0.000000 0.000024
 0.000297 0.000000 0.000034 0.000005 0.000048 0.000340 0.000015 0.000283 0.000010 0.000206 0.000005 0.000307 0.000178 0.068498 0.000039 0.906847 0.000192 0.000221 0.000000 0.022475
 0.000297 0.000000 0.092086 0.000005 0.000048 0.000340 0.000015 0.000283 0.000010 0.000206 0.000005 0.090843 0.000178 0.022485 0.090209 0.567480 0.135265 0.000221 0.000000 0.000024
 0.000297 0.000000 0.000034 0.000005 0.114551 0.000340 0.000015 0.112539 0.000010 0.770209 0.000005 0.000307 0.000178 0.000034 0.000039 0.001002 0.000192 0.000221 0.000000 0.000024
 0.000297 0.000000 0.000034 0.000005 0.000048 0.000340 0.000015 0.997044 0.000010 0.000206 0.000005 0.000307 0.000178 0.000034 0.000039 0.001002 0.000192 0.000221 0.000000 0.000024
 0.114030 0.000000 0.000034 0.000005 0.000048 0.000340 0.000015 0.000283 0.000010 0.000206 0.000005 0.022758 0.000178 0.000034 0.000039 0.839128 0.022643 0.000221 0.000000 0.000024
 0.000297 0.000000 0.000034 0.000005 0.000048 0.203498 0.000015 0.000283 0.022461 0.000206 0.000005 0.339687 0.000178 0.000034 0.000039 0.410322 0.000192 0.000221 0.000000 0.022475
 0.045566 0.000000 0.000034 0.000005 0.000048 0.929382 0.000015 0.000283 0.000010 0.000206 0.000005 0.000307 0.000178 0.000034 0.000039 0.023453 0.000192 0.000221 0.000000 0.000024

MOTIF 2-GPSV STREME-2
letter-probability matrix: alength= 20 w= 4 nsites= 17 S= 1.2e-006
 0.000807 0.000001 0.000092 0.000014 0.000131 0.931202 0.000040 0.000768 0.000027 0.000560 0.000014 0.000833 0.000482 0.000092 0.000105 0.002718 0.000521 0.000599 0.000001 0.060997
 0.000807 0.000001 0.000092 0.000014 0.000131 0.000924 0.000040 0.000768 0.000027 0.061491 0.000014 0.000833 0.930760 0.000092 0.000105 0.002718 0.000521 0.000599 0.000001 0.000066
 0.000807 0.000001 0.061023 0.000014 0.000131 0.000924 0.000040 0.000768 0.000027 0.000560 0.000014 0.433378 0.000482 0.000092 0.000105 0.439521 0.061452 0.000599 0.000001 0.000066
 0.186614 0.000001 0.000092 0.000014 0.000131 0.000924 0.000040 0.308437 0.000027 0.000560 0.000014 0.000833 0.000482 0.000092 0.000105 0.124580 0.000521 0.315539 0.000001 0.060997

MOTIF 3-TNP STREME-3
letter-probability matrix: alength= 20 w= 3 nsites= 14 S= 1.8e-005
 0.000892 0.000001 0.000101 0.000015 0.000144 0.001021 0.000044 0.000849 0.000029 0.205992 0.000015 0.000921 0.000533 0.000101 0.000116 0.003004 0.785487 0.000662 0.000001 0.000073
 0.000892 0.000001 0.000101 0.000015 0.000144 0.001021 0.000044 0.000849 0.000029 0.000619 0.000015 0.991205 0.000533 0.000101 0.000116 0.003004 0.000576 0.000662 0.000001 0.000073
 0.000892 0.000001 0.000101 0.000015 0.000144 0.001021 0.000044 0.000849 0.000029 0.000619 0.000015 0.000921 0.649651 0.000101 0.000116 0.003004 0.341741 0.000662 0.000001 0.000073

MOTIF 4-AASSR STREME-4
letter-probability matrix: alength= 20 w= 5 nsites= 3 S= 1.2e-001
 0.917436 0.000007 0.000948 0.000141 0.001352 0.009555 0.000410 0.007941 0.000276 0.005789 0.000141 0.008614 0.004983 0.000948 0.001083 0.028110 0.005387 0.006193 0.000007 0.000679
 0.917436 0.000007 0.000948 0.000141 0.001352 0.009555 0.000410 0.007941 0.000276 0.005789 0.000141 0.008614 0.004983 0.000948 0.001083 0.028110 0.005387 0.006193 0.000007 0.000679
 0.008345 0.000007 0.000948 0.000141 0.001352 0.009555 0.000410 0.007941 0.000276 0.005789 0.000141 0.008614 0.004983 0.000948 0.001083 0.937201 0.005387 0.006193 0.000007 0.000679
 0.008345 0.000007 0.000948 0.000141 0.001352 0.009555 0.000410 0.007941 0.000276 0.005789 0.000141 0.008614 0.004983 0.000948 0.001083 0.937201 0.005387 0.006193 0.000007 0.000679
 0.008345 0.000007 0.000948 0.000141 0.001352 0.009555 0.000410 0.007941 0.000276 0.005789 0.000141 0.008614 0.004983 0.000948 0.910174 0.028110 0.005387 0.006193 0.000007 0.000679

MOTIF 5-SLNV STREME-5
letter-probability matrix: alength= 20 w= 4 nsites= 2 S= 2.5e-001
 0.008345 0.000007 0.000948 0.000141 0.001352 0.009555 0.000410 0.007941 0.000276 0.005789 0.000141 0.008614 0.004983 0.000948 0.001083 0.937201 0.005387 0.006193 0.000007 0.000679
 0.008345 0.000007 0.000948 0.000141 0.001352 0.009555 0.000410 0.007941 0.000276 0.914880 0.000141 0.008614 0.004983 0.000948 0.001083 0.028110 0.005387 0.006193 0.000007 0.000679
 0.008345 0.000007 0.000948 0.000141 0.001352 0.009555 0.000410 0.007941 0.000276 0.005789 0.000141 0.917705 0.004983 0.000948 0.001083 0.028110 0.005387 0.006193 0.000007 0.000679
 0.008345 0.000007 0.000948 0.000141 0.001352 0.009555 0.000410 0.007941 0.000276 0.005789 0.000141 0.008614 0.004983 0.000948 0.001083 0.028110 0.005387 0.915284 0.000007 0.000679

********************************************************************************
Stopped because maximum number of motifs (5) reached.
********************************************************************************
COMMAND:	streme --protein --p ./Data/v1_cluster_windows_15mers/cluster_3090.fasta --minw 3 --maxw 15 --thresh 0.05 --oc ./Results/v1_Top500_Run_20250504_162200/streme_out_cluster_3090
********************************************************************************
CPU:		Hirokis-MacBook-Air.local
********************************************************************************
FINALTIME:	0.17 seconds
********************************************************************************
