********************************************************************************
STREME - Sensitive, Thorough, Rapid, Enriched Motif Elicitation
********************************************************************************
MEME version 5.5.7 (Release date: Wed Jun 19 13:59:04 2024 -0700)

For further information on how to interpret these results please access https://meme-suite.org/meme.
To get a copy of the MEME Suite software please access https://meme-suite.org.

********************************************************************************


********************************************************************************
REFERENCE
********************************************************************************
If you use this program in your research, please cite:

Timothy L. Bailey,
"STREME: accurate and versatile sequence motif discovery",
Bioinformatics, Mar. 24, 2021.
********************************************************************************


ALPHABET= ACDEFGHIKLMNPQRSTVWY

strands: +

Background letter frequencies
A 0.103 C 7.56e-05 D 0.0213 E 7.56e-05 F 7.56e-05 G 0.0197 H 7.56e-05 I 0.156 K 7.56e-05 L 0.0969 M 0.0107 N 0.203 P 7.56e-05 Q 0.00159 R 7.56e-05 S 0.321 T 0.00915 V 0.0576 W 7.56e-05 Y 7.56e-05 

MOTIF 1-NVNSLSNIISNLSAS STREME-1
letter-probability matrix: alength= 20 w= 15 nsites= 44 S= 3.8e-026
 0.000407 0.000000 0.192127 0.000000 0.000000 0.054817 0.000000 0.000616 0.000000 0.000383 0.000042 0.555222 0.000000 0.000006 0.000000 0.196115 0.000036 0.000227 0.000000 0.000000
 0.027776 0.000000 0.000084 0.000000 0.000000 0.027448 0.000000 0.082724 0.000000 0.027752 0.168990 0.000801 0.000000 0.000006 0.000000 0.056006 0.000036 0.608374 0.000000 0.000000
 0.000407 0.000000 0.139736 0.000000 0.000000 0.164752 0.000000 0.000616 0.000000 0.000383 0.000042 0.553836 0.000000 0.000006 0.000000 0.139957 0.000036 0.000227 0.000000 0.000000
 0.196725 0.000000 0.000084 0.000000 0.000000 0.000078 0.000000 0.000616 0.000000 0.000383 0.000042 0.028170 0.000000 0.000006 0.000000 0.746261 0.027406 0.000227 0.000000 0.000000
 0.000407 0.000000 0.000084 0.000000 0.000000 0.000078 0.000000 0.000616 0.000000 0.996434 0.000042 0.000801 0.000000 0.000006 0.000000 0.001267 0.000036 0.000227 0.000000 0.000000
 0.055146 0.000000 0.000084 0.000000 0.000000 0.000078 0.000000 0.000616 0.000000 0.000383 0.000042 0.000801 0.000000 0.000006 0.000000 0.942579 0.000036 0.000227 0.000000 0.000000
 0.000407 0.000000 0.000084 0.000000 0.000000 0.000078 0.000000 0.000616 0.000000 0.000383 0.000042 0.996852 0.000000 0.000006 0.000000 0.001267 0.000036 0.000227 0.000000 0.000000
 0.000407 0.000000 0.000084 0.000000 0.000000 0.000078 0.000000 0.996667 0.000000 0.000383 0.000042 0.000801 0.000000 0.000006 0.000000 0.001267 0.000036 0.000227 0.000000 0.000000
 0.000407 0.000000 0.000084 0.000000 0.000000 0.000078 0.000000 0.969297 0.000000 0.000383 0.027412 0.000801 0.000000 0.000006 0.000000 0.001267 0.000036 0.000227 0.000000 0.000000
 0.276401 0.000000 0.000084 0.000000 0.000000 0.000078 0.000000 0.000616 0.000000 0.000383 0.000042 0.000801 0.000000 0.000006 0.000000 0.721324 0.000036 0.000227 0.000000 0.000000
 0.000407 0.000000 0.000084 0.000000 0.000000 0.000078 0.000000 0.000616 0.000000 0.000383 0.000042 0.914743 0.000000 0.000006 0.000000 0.083375 0.000036 0.000227 0.000000 0.000000
 0.000407 0.000000 0.000084 0.000000 0.000000 0.000078 0.000000 0.276610 0.000000 0.416570 0.000042 0.000801 0.000000 0.000006 0.000000 0.001267 0.000036 0.304097 0.000000 0.000000
 0.195255 0.000000 0.000084 0.000000 0.000000 0.000078 0.000000 0.000616 0.000000 0.000383 0.000042 0.000801 0.000000 0.027376 0.000000 0.775101 0.000036 0.000227 0.000000 0.000000
 0.804871 0.000000 0.000084 0.000000 0.000000 0.054817 0.000000 0.000616 0.000000 0.000383 0.000042 0.000801 0.000000 0.000006 0.000000 0.110745 0.027406 0.000227 0.000000 0.000000
 0.000407 0.000000 0.000084 0.000000 0.000000 0.000078 0.000000 0.000616 0.000000 0.000383 0.000042 0.000801 0.000000 0.000006 0.000000 0.997318 0.000036 0.000227 0.000000 0.000000

********************************************************************************
Stopped because the next motif had no positive sites with scores > 0.
********************************************************************************
COMMAND:	streme --protein --p ./Data/v1_cluster_windows_15mers/cluster_17166.fasta --minw 3 --maxw 15 --thresh 0.05 --oc ./Results/v1_Top500_Run_20250504_162200/streme_out_cluster_17166
********************************************************************************
CPU:		Hirokis-MacBook-Air.local
********************************************************************************
FINALTIME:	0.15 seconds
********************************************************************************
