********************************************************************************
STREME - Sensitive, Thorough, Rapid, Enriched Motif Elicitation
********************************************************************************
MEME version 5.5.7 (Release date: Wed Jun 19 13:59:04 2024 -0700)

For further information on how to interpret these results please access https://meme-suite.org/meme.
To get a copy of the MEME Suite software please access https://meme-suite.org.

********************************************************************************


********************************************************************************
REFERENCE
********************************************************************************
If you use this program in your research, please cite:

Timothy L. Bailey,
"STREME: accurate and versatile sequence motif discovery",
Bioinformatics, Mar. 24, 2021.
********************************************************************************


ALPHABET= ACDEFGHIKLMNPQRSTVWY

strands: +

Background letter frequencies
A 0.277 C 2.49e-05 D 0.00301 E 2.49e-05 F 0.00798 G 0.199 H 2.49e-05 I 0.0711 K 2.49e-05 L 0.0657 M 0.00649 N 0.09 P 0.0363 Q 0.00102 R 0.000522 S 0.157 T 0.0129 V 0.0701 W 2.49e-05 Y 0.000522 

MOTIF 1-VGAIASGGAAALP STREME-1
letter-probability matrix: alength= 20 w= 13 nsites= 134 E= 3.8e-007
 0.061986 0.000000 0.000004 0.000000 0.000010 0.000253 0.000000 0.373063 0.000000 0.008888 0.008813 0.000114 0.000046 0.000001 0.000001 0.000200 0.000016 0.546603 0.000000 0.000001
 0.259488 0.000000 0.026577 0.000000 0.000010 0.686859 0.000000 0.000090 0.000000 0.000083 0.000008 0.000114 0.000046 0.017611 0.000001 0.009004 0.000016 0.000089 0.000000 0.000001
 0.847725 0.000000 0.000004 0.000000 0.000010 0.000253 0.000000 0.000090 0.000000 0.008888 0.000008 0.000114 0.080806 0.000001 0.000001 0.044383 0.008821 0.008894 0.000000 0.000001
 0.000352 0.000000 0.000004 0.000000 0.124622 0.000253 0.000000 0.670628 0.000000 0.026498 0.079357 0.000114 0.000046 0.000001 0.000001 0.000200 0.000016 0.097907 0.000000 0.000001
 0.784906 0.000000 0.000004 0.000000 0.000010 0.000253 0.000000 0.000090 0.000000 0.000083 0.000008 0.000114 0.000046 0.000001 0.000001 0.000200 0.000016 0.214266 0.000000 0.000001
 0.000352 0.000000 0.000004 0.000000 0.000010 0.000253 0.000000 0.000090 0.000000 0.000083 0.000008 0.000114 0.000046 0.000001 0.000001 0.963710 0.026431 0.000089 0.000000 0.008805
 0.000352 0.000000 0.000004 0.000000 0.000010 0.998983 0.000000 0.000090 0.000000 0.000083 0.000008 0.000114 0.000046 0.000001 0.000001 0.000200 0.000016 0.000089 0.000000 0.000001
 0.000352 0.000000 0.000004 0.000000 0.000010 0.998983 0.000000 0.000090 0.000000 0.000083 0.000008 0.000114 0.000046 0.000001 0.000001 0.000200 0.000016 0.000089 0.000000 0.000001
 0.731141 0.000000 0.000004 0.000000 0.000010 0.000253 0.000000 0.000090 0.000000 0.008888 0.000008 0.000114 0.000046 0.000001 0.000001 0.026667 0.126922 0.105852 0.000000 0.000001
 0.466278 0.000000 0.017666 0.000000 0.000010 0.009058 0.000000 0.000090 0.000000 0.000083 0.000008 0.044138 0.000046 0.000001 0.000001 0.462512 0.000016 0.000089 0.000000 0.000001
 0.990277 0.000000 0.000004 0.000000 0.000010 0.000253 0.000000 0.000090 0.000000 0.000083 0.000008 0.000114 0.000046 0.000001 0.000001 0.009004 0.000016 0.000089 0.000000 0.000001
 0.000352 0.000000 0.000004 0.000000 0.000010 0.000253 0.000000 0.035362 0.000000 0.937127 0.008813 0.000114 0.000046 0.000001 0.000001 0.000200 0.000016 0.017699 0.000000 0.000001
 0.026926 0.000000 0.000004 0.000000 0.000010 0.000253 0.000000 0.000090 0.000000 0.000083 0.000008 0.026582 0.499434 0.000001 0.000001 0.446501 0.000016 0.000089 0.000000 0.000001

MOTIF 2-LNS STREME-2
letter-probability matrix: alength= 20 w= 3 nsites= 2 E= 4.0e+000
 0.025227 0.000002 0.000273 0.000002 0.000726 0.018127 0.000002 0.006466 0.000002 0.915060 0.000590 0.008185 0.003303 0.000093 0.000047 0.014291 0.001177 0.006376 0.000002 0.000047
 0.025227 0.000002 0.000273 0.000002 0.000726 0.018127 0.000002 0.006466 0.000002 0.005969 0.000590 0.917275 0.003303 0.000093 0.000047 0.014291 0.001177 0.006376 0.000002 0.000047
 0.025227 0.000002 0.000273 0.000002 0.000726 0.018127 0.000002 0.006466 0.000002 0.005969 0.000590 0.008185 0.003303 0.000093 0.000047 0.923382 0.001177 0.006376 0.000002 0.000047

MOTIF 3-AAS STREME-3
letter-probability matrix: alength= 20 w= 3 nsites= 2 E= 4.0e+000
 0.934318 0.000002 0.000273 0.000002 0.000726 0.018127 0.000002 0.006466 0.000002 0.005969 0.000590 0.008185 0.003303 0.000093 0.000047 0.014291 0.001177 0.006376 0.000002 0.000047
 0.934318 0.000002 0.000273 0.000002 0.000726 0.018127 0.000002 0.006466 0.000002 0.005969 0.000590 0.008185 0.003303 0.000093 0.000047 0.014291 0.001177 0.006376 0.000002 0.000047
 0.025227 0.000002 0.000273 0.000002 0.000726 0.018127 0.000002 0.006466 0.000002 0.005969 0.000590 0.008185 0.003303 0.000093 0.000047 0.923382 0.001177 0.006376 0.000002 0.000047

MOTIF 4-NAA STREME-4
letter-probability matrix: alength= 20 w= 3 nsites= 4 E= 4.0e+000
 0.025227 0.000002 0.000273 0.000002 0.000726 0.018127 0.000002 0.006466 0.000002 0.005969 0.000590 0.917275 0.003303 0.000093 0.000047 0.014291 0.001177 0.006376 0.000002 0.000047
 0.934318 0.000002 0.000273 0.000002 0.000726 0.018127 0.000002 0.006466 0.000002 0.005969 0.000590 0.008185 0.003303 0.000093 0.000047 0.014291 0.001177 0.006376 0.000002 0.000047
 0.934318 0.000002 0.000273 0.000002 0.000726 0.018127 0.000002 0.006466 0.000002 0.005969 0.000590 0.008185 0.003303 0.000093 0.000047 0.014291 0.001177 0.006376 0.000002 0.000047

********************************************************************************
Stopped because 3 consecutive motifs exceeded the p-value threshold (0.05).
********************************************************************************
COMMAND:	streme --protein --p ./Data/v1_cluster_windows_15mers/cluster_10485.fasta --minw 3 --maxw 15 --thresh 0.05 --oc ./Results/v1_Top500_Run_20250504_162200/streme_out_cluster_10485
********************************************************************************
CPU:		Hirokis-MacBook-Air.local
********************************************************************************
FINALTIME:	0.23 seconds
********************************************************************************
