********************************************************************************
STREME - Sensitive, Thorough, Rapid, Enriched Motif Elicitation
********************************************************************************
MEME version 5.5.7 (Release date: Wed Jun 19 13:59:04 2024 -0700)

For further information on how to interpret these results please access https://meme-suite.org/meme.
To get a copy of the MEME Suite software please access https://meme-suite.org.

********************************************************************************


********************************************************************************
REFERENCE
********************************************************************************
If you use this program in your research, please cite:

Timothy L. Bailey,
"STREME: accurate and versatile sequence motif discovery",
Bioinformatics, Mar. 24, 2021.
********************************************************************************


ALPHABET= ACDEFGHIKLMNPQRSTVWY

strands: +

Background letter frequencies
A 0.325 C 7.92e-05 D 7.92e-05 E 0.00166 F 7.92e-05 G 0.0825 H 7.92e-05 I 7.92e-05 K 7.92e-05 L 0.0666 M 7.92e-05 N 0.0872 P 7.92e-05 Q 7.92e-05 R 0.0666 S 0.236 T 0.00483 V 0.0682 W 7.92e-05 Y 0.0603 

MOTIF 1-YSGAVNRLSSAAAAS STREME-1
letter-probability matrix: alength= 20 w= 15 nsites= 42 S= 6.0e-025
 0.029545 0.000007 0.000007 0.000151 0.000007 0.007499 0.000007 0.000007 0.000007 0.006058 0.000007 0.007931 0.000007 0.000007 0.006058 0.021472 0.000439 0.006203 0.000007 0.914573
 0.029545 0.000007 0.000007 0.000151 0.000007 0.007499 0.000007 0.000007 0.000007 0.006058 0.000007 0.007931 0.000007 0.000007 0.006058 0.930563 0.000439 0.006203 0.000007 0.005482
 0.029545 0.000007 0.000007 0.000151 0.000007 0.916590 0.000007 0.000007 0.000007 0.006058 0.000007 0.007931 0.000007 0.000007 0.006058 0.021472 0.000439 0.006203 0.000007 0.005482
 0.938635 0.000007 0.000007 0.000151 0.000007 0.007499 0.000007 0.000007 0.000007 0.006058 0.000007 0.007931 0.000007 0.000007 0.006058 0.021472 0.000439 0.006203 0.000007 0.005482
 0.029545 0.000007 0.000007 0.000151 0.000007 0.007499 0.000007 0.000007 0.000007 0.006058 0.000007 0.007931 0.000007 0.000007 0.006058 0.021472 0.000439 0.915293 0.000007 0.005482
 0.029545 0.000007 0.000007 0.000151 0.000007 0.007499 0.000007 0.000007 0.000007 0.006058 0.000007 0.917022 0.000007 0.000007 0.006058 0.021472 0.000439 0.006203 0.000007 0.005482
 0.029545 0.000007 0.000007 0.000151 0.000007 0.007499 0.000007 0.000007 0.000007 0.006058 0.000007 0.007931 0.000007 0.000007 0.915149 0.021472 0.000439 0.006203 0.000007 0.005482
 0.029545 0.000007 0.000007 0.000151 0.000007 0.007499 0.000007 0.000007 0.000007 0.915149 0.000007 0.007931 0.000007 0.000007 0.006058 0.021472 0.000439 0.006203 0.000007 0.005482
 0.029545 0.000007 0.000007 0.000151 0.000007 0.007499 0.000007 0.000007 0.000007 0.006058 0.000007 0.007931 0.000007 0.000007 0.006058 0.930563 0.000439 0.006203 0.000007 0.005482
 0.029545 0.000007 0.000007 0.000151 0.000007 0.007499 0.000007 0.000007 0.000007 0.006058 0.000007 0.007931 0.000007 0.000007 0.006058 0.930563 0.000439 0.006203 0.000007 0.005482
 0.938635 0.000007 0.000007 0.000151 0.000007 0.007499 0.000007 0.000007 0.000007 0.006058 0.000007 0.007931 0.000007 0.000007 0.006058 0.021472 0.000439 0.006203 0.000007 0.005482
 0.938635 0.000007 0.000007 0.000151 0.000007 0.007499 0.000007 0.000007 0.000007 0.006058 0.000007 0.007931 0.000007 0.000007 0.006058 0.021472 0.000439 0.006203 0.000007 0.005482
 0.938635 0.000007 0.000007 0.000151 0.000007 0.007499 0.000007 0.000007 0.000007 0.006058 0.000007 0.007931 0.000007 0.000007 0.006058 0.021472 0.000439 0.006203 0.000007 0.005482
 0.938635 0.000007 0.000007 0.000151 0.000007 0.007499 0.000007 0.000007 0.000007 0.006058 0.000007 0.007931 0.000007 0.000007 0.006058 0.021472 0.000439 0.006203 0.000007 0.005482
 0.029545 0.000007 0.000007 0.000151 0.000007 0.007499 0.000007 0.000007 0.000007 0.006058 0.000007 0.007931 0.000007 0.000007 0.006058 0.930563 0.000439 0.006203 0.000007 0.005482

MOTIF 2-SSN STREME-2
letter-probability matrix: alength= 20 w= 3 nsites= 1 S= 7.5e-001
 0.029545 0.000007 0.000007 0.000151 0.000007 0.007499 0.000007 0.000007 0.000007 0.006058 0.000007 0.007931 0.000007 0.000007 0.006058 0.930563 0.000439 0.006203 0.000007 0.005482
 0.029545 0.000007 0.000007 0.000151 0.000007 0.007499 0.000007 0.000007 0.000007 0.006058 0.000007 0.007931 0.000007 0.000007 0.006058 0.930563 0.000439 0.006203 0.000007 0.005482
 0.029545 0.000007 0.000007 0.000151 0.000007 0.007499 0.000007 0.000007 0.000007 0.006058 0.000007 0.917022 0.000007 0.000007 0.006058 0.021472 0.000439 0.006203 0.000007 0.005482

********************************************************************************
Stopped because the next motif had no positive sites with scores > 0.
********************************************************************************
COMMAND:	streme --protein --p ./Data/v1_cluster_windows_15mers/cluster_13509.fasta --minw 3 --maxw 15 --thresh 0.05 --oc ./Results/v1_Top500_Run_20250504_162200/streme_out_cluster_13509
********************************************************************************
CPU:		Hirokis-MacBook-Air.local
********************************************************************************
FINALTIME:	0.20 seconds
********************************************************************************
