********************************************************************************
STREME - Sensitive, Thorough, Rapid, Enriched Motif Elicitation
********************************************************************************
MEME version 5.5.7 (Release date: Wed Jun 19 13:59:04 2024 -0700)

For further information on how to interpret these results please access https://meme-suite.org/meme.
To get a copy of the MEME Suite software please access https://meme-suite.org.

********************************************************************************


********************************************************************************
REFERENCE
********************************************************************************
If you use this program in your research, please cite:

Timothy L. Bailey,
"STREME: accurate and versatile sequence motif discovery",
Bioinformatics, Mar. 24, 2021.
********************************************************************************


ALPHABET= ACDEFGHIKLMNPQRSTVWY

strands: +

Background letter frequencies
A 0.334 C 5.37e-05 D 5.37e-05 E 5.37e-05 F 5.37e-05 G 0.0355 H 5.37e-05 I 5.37e-05 K 5.37e-05 L 0.00113 M 5.37e-05 N 0.00113 P 0.142 Q 0.0623 R 0.112 S 0.232 T 0.0065 V 0.0731 W 5.37e-05 Y 5.37e-05 

MOTIF 1-PQSSSAPVASAAASR STREME-1
letter-probability matrix: alength= 20 w= 15 nsites= 62 E= 4.3e-003
 0.030372 0.000005 0.000005 0.000005 0.000005 0.003227 0.000005 0.000005 0.000005 0.000103 0.000005 0.000103 0.921981 0.005668 0.010163 0.021099 0.000591 0.006644 0.000005 0.000005
 0.030372 0.000005 0.000005 0.000005 0.000005 0.003227 0.000005 0.000005 0.000005 0.000103 0.000005 0.000103 0.012891 0.914759 0.010163 0.021099 0.000591 0.006644 0.000005 0.000005
 0.030372 0.000005 0.000005 0.000005 0.000005 0.003227 0.000005 0.000005 0.000005 0.000103 0.000005 0.000103 0.012891 0.005668 0.010163 0.930190 0.000591 0.006644 0.000005 0.000005
 0.030372 0.000005 0.000005 0.000005 0.000005 0.003227 0.000005 0.000005 0.000005 0.000103 0.000005 0.000103 0.012891 0.005668 0.010163 0.930190 0.000591 0.006644 0.000005 0.000005
 0.030372 0.000005 0.000005 0.000005 0.000005 0.003227 0.000005 0.000005 0.000005 0.000103 0.000005 0.000103 0.012891 0.005668 0.010163 0.930190 0.000591 0.006644 0.000005 0.000005
 0.939463 0.000005 0.000005 0.000005 0.000005 0.003227 0.000005 0.000005 0.000005 0.000103 0.000005 0.000103 0.012891 0.005668 0.010163 0.021099 0.000591 0.006644 0.000005 0.000005
 0.030372 0.000005 0.000005 0.000005 0.000005 0.003227 0.000005 0.000005 0.000005 0.000103 0.000005 0.000103 0.921981 0.005668 0.010163 0.021099 0.000591 0.006644 0.000005 0.000005
 0.030372 0.000005 0.000005 0.000005 0.000005 0.003227 0.000005 0.000005 0.000005 0.000103 0.000005 0.000103 0.012891 0.005668 0.010163 0.021099 0.000591 0.915735 0.000005 0.000005
 0.939463 0.000005 0.000005 0.000005 0.000005 0.003227 0.000005 0.000005 0.000005 0.000103 0.000005 0.000103 0.012891 0.005668 0.010163 0.021099 0.000591 0.006644 0.000005 0.000005
 0.030372 0.000005 0.000005 0.000005 0.000005 0.003227 0.000005 0.000005 0.000005 0.000103 0.000005 0.000103 0.012891 0.005668 0.010163 0.930190 0.000591 0.006644 0.000005 0.000005
 0.939463 0.000005 0.000005 0.000005 0.000005 0.003227 0.000005 0.000005 0.000005 0.000103 0.000005 0.000103 0.012891 0.005668 0.010163 0.021099 0.000591 0.006644 0.000005 0.000005
 0.939463 0.000005 0.000005 0.000005 0.000005 0.003227 0.000005 0.000005 0.000005 0.000103 0.000005 0.000103 0.012891 0.005668 0.010163 0.021099 0.000591 0.006644 0.000005 0.000005
 0.939463 0.000005 0.000005 0.000005 0.000005 0.003227 0.000005 0.000005 0.000005 0.000103 0.000005 0.000103 0.012891 0.005668 0.010163 0.021099 0.000591 0.006644 0.000005 0.000005
 0.030372 0.000005 0.000005 0.000005 0.000005 0.003227 0.000005 0.000005 0.000005 0.000103 0.000005 0.000103 0.012891 0.005668 0.010163 0.930190 0.000591 0.006644 0.000005 0.000005
 0.030372 0.000005 0.000005 0.000005 0.000005 0.003227 0.000005 0.000005 0.000005 0.000103 0.000005 0.000103 0.012891 0.005668 0.919254 0.021099 0.000591 0.006644 0.000005 0.000005

MOTIF 2-GPR STREME-2
letter-probability matrix: alength= 20 w= 3 nsites= 12 E= 4.0e+000
 0.004294 0.000001 0.000001 0.000001 0.000001 0.987604 0.000001 0.000001 0.000001 0.000014 0.000001 0.000014 0.001822 0.000801 0.001437 0.002983 0.000084 0.000939 0.000001 0.000001
 0.004294 0.000001 0.000001 0.000001 0.000001 0.000456 0.000001 0.000001 0.000001 0.000014 0.000001 0.000014 0.988970 0.000801 0.001437 0.002983 0.000084 0.000939 0.000001 0.000001
 0.004294 0.000001 0.000001 0.000001 0.000001 0.089542 0.000001 0.000001 0.000001 0.000014 0.000001 0.000014 0.001822 0.000801 0.748590 0.002983 0.000084 0.151848 0.000001 0.000001

MOTIF 3-GSG STREME-3
letter-probability matrix: alength= 20 w= 3 nsites= 2 E= 4.0e+000
 0.030372 0.000005 0.000005 0.000005 0.000005 0.912318 0.000005 0.000005 0.000005 0.000103 0.000005 0.000103 0.012891 0.005668 0.010163 0.021099 0.000591 0.006644 0.000005 0.000005
 0.030372 0.000005 0.000005 0.000005 0.000005 0.003227 0.000005 0.000005 0.000005 0.000103 0.000005 0.000103 0.012891 0.005668 0.010163 0.930190 0.000591 0.006644 0.000005 0.000005
 0.030372 0.000005 0.000005 0.000005 0.000005 0.912318 0.000005 0.000005 0.000005 0.000103 0.000005 0.000103 0.012891 0.005668 0.010163 0.021099 0.000591 0.006644 0.000005 0.000005

MOTIF 4-TGG STREME-4
letter-probability matrix: alength= 20 w= 3 nsites= 2 E= 4.0e+000
 0.030372 0.000005 0.000005 0.000005 0.000005 0.003227 0.000005 0.000005 0.000005 0.000103 0.000005 0.000103 0.012891 0.005668 0.010163 0.021099 0.909682 0.006644 0.000005 0.000005
 0.030372 0.000005 0.000005 0.000005 0.000005 0.912318 0.000005 0.000005 0.000005 0.000103 0.000005 0.000103 0.012891 0.005668 0.010163 0.021099 0.000591 0.006644 0.000005 0.000005
 0.030372 0.000005 0.000005 0.000005 0.000005 0.912318 0.000005 0.000005 0.000005 0.000103 0.000005 0.000103 0.012891 0.005668 0.010163 0.021099 0.000591 0.006644 0.000005 0.000005

********************************************************************************
Stopped because 3 consecutive motifs exceeded the p-value threshold (0.05).
********************************************************************************
COMMAND:	streme --protein --p ./Data/v1_cluster_windows_15mers/cluster_19771.fasta --minw 3 --maxw 15 --thresh 0.05 --oc ./Results/v1_Top500_Run_20250504_162200/streme_out_cluster_19771
********************************************************************************
CPU:		Hirokis-MacBook-Air.local
********************************************************************************
FINALTIME:	0.16 seconds
********************************************************************************
