********************************************************************************
STREME - Sensitive, Thorough, Rapid, Enriched Motif Elicitation
********************************************************************************
MEME version 5.5.7 (Release date: Wed Jun 19 13:59:04 2024 -0700)

For further information on how to interpret these results please access https://meme-suite.org/meme.
To get a copy of the MEME Suite software please access https://meme-suite.org.

********************************************************************************


********************************************************************************
REFERENCE
********************************************************************************
If you use this program in your research, please cite:

Timothy L. Bailey,
"STREME: accurate and versatile sequence motif discovery",
Bioinformatics, Mar. 24, 2021.
********************************************************************************


ALPHABET= ACDEFGHIKLMNPQRSTVWY

strands: +

Background letter frequencies
A 0.0233 C 7.74e-05 D 7.74e-05 E 7.74e-05 F 7.74e-05 G 0.348 H 7.74e-05 I 0.00162 K 7.74e-05 L 0.00162 M 7.74e-05 N 7.74e-05 P 0.238 Q 0.11 R 7.74e-05 S 0.19 T 7.74e-05 V 0.00782 W 7.74e-05 Y 0.0775 

MOTIF 1-PSQQGPGSYGPS STREME-1
letter-probability matrix: alength= 20 w= 12 nsites= 43 S= 1.5e-025
 0.021504 0.000000 0.000000 0.000000 0.000000 0.001077 0.000000 0.000005 0.000000 0.000005 0.000000 0.000000 0.846144 0.065002 0.000000 0.000589 0.000000 0.000024 0.000000 0.065647
 0.000072 0.000000 0.000000 0.000000 0.000000 0.458265 0.000000 0.000005 0.000000 0.000005 0.000000 0.000000 0.000737 0.000340 0.000000 0.518877 0.000000 0.021456 0.000000 0.000240
 0.043302 0.000000 0.000000 0.000000 0.000000 0.087916 0.000000 0.000005 0.000000 0.000005 0.000000 0.000000 0.152238 0.651016 0.000000 0.065251 0.000000 0.000024 0.000000 0.000240
 0.000072 0.000000 0.000000 0.000000 0.000000 0.001077 0.000000 0.000005 0.000000 0.000005 0.000000 0.000000 0.000737 0.780340 0.000000 0.152090 0.000000 0.000024 0.000000 0.065647
 0.065479 0.000000 0.000000 0.000000 0.000000 0.932578 0.000000 0.000005 0.000000 0.000005 0.000000 0.000000 0.000737 0.000340 0.000000 0.000589 0.000000 0.000024 0.000000 0.000240
 0.000072 0.000000 0.000000 0.000000 0.000000 0.001077 0.000000 0.000005 0.000000 0.000005 0.000000 0.000000 0.997645 0.000340 0.000000 0.000589 0.000000 0.000024 0.000000 0.000240
 0.000072 0.000000 0.000000 0.000000 0.000000 0.976553 0.000000 0.000005 0.000000 0.000005 0.000000 0.000000 0.000737 0.000340 0.000000 0.022021 0.000000 0.000024 0.000000 0.000240
 0.000072 0.000000 0.000000 0.000000 0.000000 0.001077 0.000000 0.000005 0.000000 0.000005 0.000000 0.000000 0.000737 0.000340 0.000000 0.997497 0.000000 0.000024 0.000000 0.000240
 0.000072 0.000000 0.000000 0.000000 0.000000 0.001077 0.000000 0.000005 0.000000 0.000005 0.000000 0.000000 0.000737 0.000340 0.000000 0.000589 0.000000 0.000024 0.000000 0.997148
 0.000072 0.000000 0.000000 0.000000 0.000000 0.997985 0.000000 0.000005 0.000000 0.000005 0.000000 0.000000 0.000737 0.000340 0.000000 0.000589 0.000000 0.000024 0.000000 0.000240
 0.000072 0.000000 0.000000 0.000000 0.000000 0.001077 0.000000 0.000005 0.000000 0.000005 0.000000 0.000000 0.976213 0.000340 0.000000 0.022021 0.000000 0.000024 0.000000 0.000240
 0.021504 0.000000 0.000000 0.000000 0.000000 0.109714 0.000000 0.000005 0.000000 0.000005 0.000000 0.000000 0.000737 0.000340 0.000000 0.867428 0.000000 0.000024 0.000000 0.000240

MOTIF 2-GQV STREME-2
letter-probability matrix: alength= 20 w= 3 nsites= 3 S= 1.2e-001
 0.002118 0.000007 0.000007 0.000007 0.000007 0.940761 0.000007 0.000148 0.000007 0.000148 0.000007 0.000007 0.021680 0.009999 0.000007 0.017316 0.000007 0.000711 0.000007 0.007043
 0.002118 0.000007 0.000007 0.000007 0.000007 0.031670 0.000007 0.000148 0.000007 0.000148 0.000007 0.000007 0.021680 0.919090 0.000007 0.017316 0.000007 0.000711 0.000007 0.007043
 0.002118 0.000007 0.000007 0.000007 0.000007 0.031670 0.000007 0.000148 0.000007 0.000148 0.000007 0.000007 0.021680 0.009999 0.000007 0.017316 0.000007 0.909801 0.000007 0.007043

MOTIF 3-GPG STREME-3
letter-probability matrix: alength= 20 w= 3 nsites= 22 S= 2.6e-001
 0.002118 0.000007 0.000007 0.000007 0.000007 0.940761 0.000007 0.000148 0.000007 0.000148 0.000007 0.000007 0.021680 0.009999 0.000007 0.017316 0.000007 0.000711 0.000007 0.007043
 0.002118 0.000007 0.000007 0.000007 0.000007 0.031670 0.000007 0.000148 0.000007 0.000148 0.000007 0.000007 0.930771 0.009999 0.000007 0.017316 0.000007 0.000711 0.000007 0.007043
 0.002118 0.000007 0.000007 0.000007 0.000007 0.940761 0.000007 0.000148 0.000007 0.000148 0.000007 0.000007 0.021680 0.009999 0.000007 0.017316 0.000007 0.000711 0.000007 0.007043

MOTIF 4-GGSG STREME-4
letter-probability matrix: alength= 20 w= 4 nsites= 3 S= 3.1e-001
 0.002118 0.000007 0.000007 0.000007 0.000007 0.940761 0.000007 0.000148 0.000007 0.000148 0.000007 0.000007 0.021680 0.009999 0.000007 0.017316 0.000007 0.000711 0.000007 0.007043
 0.002118 0.000007 0.000007 0.000007 0.000007 0.940761 0.000007 0.000148 0.000007 0.000148 0.000007 0.000007 0.021680 0.009999 0.000007 0.017316 0.000007 0.000711 0.000007 0.007043
 0.002118 0.000007 0.000007 0.000007 0.000007 0.031670 0.000007 0.000148 0.000007 0.000148 0.000007 0.000007 0.021680 0.009999 0.000007 0.926407 0.000007 0.000711 0.000007 0.007043
 0.002118 0.000007 0.000007 0.000007 0.000007 0.940761 0.000007 0.000148 0.000007 0.000148 0.000007 0.000007 0.021680 0.009999 0.000007 0.017316 0.000007 0.000711 0.000007 0.007043

MOTIF 5-PAA STREME-5
letter-probability matrix: alength= 20 w= 3 nsites= 3 S= 3.1e-001
 0.002118 0.000007 0.000007 0.000007 0.000007 0.031670 0.000007 0.000148 0.000007 0.000148 0.000007 0.000007 0.930771 0.009999 0.000007 0.017316 0.000007 0.000711 0.000007 0.007043
 0.911209 0.000007 0.000007 0.000007 0.000007 0.031670 0.000007 0.000148 0.000007 0.000148 0.000007 0.000007 0.021680 0.009999 0.000007 0.017316 0.000007 0.000711 0.000007 0.007043
 0.911209 0.000007 0.000007 0.000007 0.000007 0.031670 0.000007 0.000148 0.000007 0.000148 0.000007 0.000007 0.021680 0.009999 0.000007 0.017316 0.000007 0.000711 0.000007 0.007043

********************************************************************************
Stopped because maximum number of motifs (5) reached.
********************************************************************************
COMMAND:	streme --protein --p ./Data/v1_cluster_windows_15mers/cluster_13213.fasta --minw 3 --maxw 15 --thresh 0.05 --oc ./Results/v1_Top500_Run_20250504_162200/streme_out_cluster_13213
********************************************************************************
CPU:		Hirokis-MacBook-Air.local
********************************************************************************
FINALTIME:	0.18 seconds
********************************************************************************
