********************************************************************************
STREME - Sensitive, Thorough, Rapid, Enriched Motif Elicitation
********************************************************************************
MEME version 5.5.7 (Release date: Wed Jun 19 13:59:04 2024 -0700)

For further information on how to interpret these results please access https://meme-suite.org/meme.
To get a copy of the MEME Suite software please access https://meme-suite.org.

********************************************************************************


********************************************************************************
REFERENCE
********************************************************************************
If you use this program in your research, please cite:

Timothy L. Bailey,
"STREME: accurate and versatile sequence motif discovery",
Bioinformatics, Mar. 24, 2021.
********************************************************************************


ALPHABET= ACDEFGHIKLMNPQRSTVWY

strands: +

Background letter frequencies
A 0.156 C 7.74e-05 D 0.0341 E 0.0558 F 7.74e-05 G 0.13 H 7.74e-05 I 0.0171 K 7.74e-05 L 0.156 M 0.00317 N 0.0481 P 0.0109 Q 0.129 R 0.00163 S 0.0992 T 0.00472 V 0.153 W 7.74e-05 Y 7.74e-05 

MOTIF 1-AEGLGNSLAVVQQAV STREME-1
letter-probability matrix: alength= 20 w= 15 nsites= 43 S= 1.5e-025
 0.504661 0.000000 0.000115 0.000187 0.000000 0.000437 0.000000 0.000057 0.000000 0.000525 0.000011 0.000161 0.164210 0.023713 0.000005 0.305384 0.000016 0.000515 0.000000 0.000000
 0.047485 0.000000 0.093636 0.669703 0.000000 0.116842 0.000000 0.000057 0.000000 0.000525 0.000011 0.000161 0.000037 0.070672 0.000005 0.000333 0.000016 0.000515 0.000000 0.000000
 0.000525 0.000000 0.000115 0.000187 0.000000 0.997078 0.000000 0.000057 0.000000 0.000525 0.000011 0.000161 0.000037 0.000432 0.000005 0.000333 0.000016 0.000515 0.000000 0.000000
 0.000525 0.000000 0.000115 0.000187 0.000000 0.000437 0.000000 0.000057 0.000000 0.997167 0.000011 0.000161 0.000037 0.000432 0.000005 0.000333 0.000016 0.000515 0.000000 0.000000
 0.000525 0.000000 0.116917 0.186832 0.000000 0.693631 0.000000 0.000057 0.000000 0.000525 0.000011 0.000161 0.000037 0.000432 0.000005 0.000333 0.000016 0.000515 0.000000 0.000000
 0.000525 0.000000 0.315162 0.000187 0.000000 0.000437 0.000000 0.000057 0.000000 0.000525 0.000011 0.681755 0.000037 0.000432 0.000005 0.000333 0.000016 0.000515 0.000000 0.000000
 0.000525 0.000000 0.000115 0.000187 0.000000 0.000437 0.000000 0.000057 0.000000 0.000525 0.000011 0.000161 0.000037 0.000432 0.000005 0.996974 0.000016 0.000515 0.000000 0.000000
 0.000525 0.000000 0.000115 0.000187 0.000000 0.000437 0.000000 0.000057 0.000000 0.997167 0.000011 0.000161 0.000037 0.000432 0.000005 0.000333 0.000016 0.000515 0.000000 0.000000
 0.785636 0.000000 0.000115 0.000187 0.000000 0.000437 0.000000 0.000057 0.000000 0.000525 0.000011 0.000161 0.000037 0.000432 0.000005 0.141623 0.023297 0.047474 0.000000 0.000000
 0.071575 0.000000 0.000115 0.000187 0.000000 0.000437 0.000000 0.093579 0.000000 0.210451 0.023292 0.000161 0.000037 0.000432 0.000005 0.000333 0.046975 0.552419 0.000000 0.000000
 0.000525 0.000000 0.000115 0.000187 0.000000 0.000437 0.000000 0.000057 0.000000 0.000525 0.000011 0.000161 0.000037 0.000432 0.000005 0.000333 0.000016 0.997156 0.000000 0.000000
 0.000525 0.000000 0.000115 0.000187 0.000000 0.000437 0.000000 0.000057 0.000000 0.000525 0.000011 0.000161 0.000037 0.997073 0.000005 0.000333 0.000016 0.000515 0.000000 0.000000
 0.000525 0.000000 0.000115 0.000187 0.000000 0.117239 0.000000 0.000057 0.000000 0.000525 0.000011 0.023442 0.000037 0.833709 0.023286 0.000333 0.000016 0.000515 0.000000 0.000000
 0.950605 0.000000 0.000115 0.000187 0.000000 0.000437 0.000000 0.000057 0.000000 0.000525 0.000011 0.000161 0.000037 0.000432 0.000005 0.023614 0.000016 0.023796 0.000000 0.000000
 0.000525 0.000000 0.000115 0.000187 0.000000 0.000437 0.000000 0.140141 0.000000 0.118534 0.023292 0.000161 0.000037 0.000432 0.000005 0.000333 0.000016 0.715783 0.000000 0.000000

********************************************************************************
Stopped because the next motif had no positive sites with scores > 0.
********************************************************************************
COMMAND:	streme --protein --p ./Data/v1_cluster_windows_15mers/cluster_13133.fasta --minw 3 --maxw 15 --thresh 0.05 --oc ./Results/v1_Top500_Run_20250504_162200/streme_out_cluster_13133
********************************************************************************
CPU:		Hirokis-MacBook-Air.local
********************************************************************************
FINALTIME:	0.17 seconds
********************************************************************************
