********************************************************************************
STREME - Sensitive, Thorough, Rapid, Enriched Motif Elicitation
********************************************************************************
MEME version 5.5.7 (Release date: Wed Jun 19 13:59:04 2024 -0700)

For further information on how to interpret these results please access https://meme-suite.org/meme.
To get a copy of the MEME Suite software please access https://meme-suite.org.

********************************************************************************


********************************************************************************
REFERENCE
********************************************************************************
If you use this program in your research, please cite:

Timothy L. Bailey,
"STREME: accurate and versatile sequence motif discovery",
Bioinformatics, Mar. 24, 2021.
********************************************************************************


ALPHABET= ACDEFGHIKLMNPQRSTVWY

strands: +

Background letter frequencies
A 0.17 C 6.53e-05 D 6.53e-05 E 6.53e-05 F 6.53e-05 G 0.482 H 6.53e-05 I 0.00268 K 6.53e-05 L 0.202 M 0.0314 N 6.53e-05 P 6.53e-05 Q 6.53e-05 R 6.53e-05 S 6.53e-05 T 0.00268 V 6.53e-05 W 6.53e-05 Y 0.108 

MOTIF 1-GLGYGLGLGYG STREME-1
letter-probability matrix: alength= 20 w= 11 nsites= 51 E= 1.6e-002
 0.000524 0.000000 0.000000 0.000000 0.000000 0.998402 0.000000 0.000008 0.000000 0.000624 0.000097 0.000000 0.000000 0.000000 0.000000 0.000000 0.000008 0.000000 0.000000 0.000334
 0.351942 0.000000 0.000000 0.000000 0.000000 0.001486 0.000000 0.000008 0.000000 0.646122 0.000097 0.000000 0.000000 0.000000 0.000000 0.000000 0.000008 0.000000 0.000000 0.000334
 0.000524 0.000000 0.000000 0.000000 0.000000 0.998402 0.000000 0.000008 0.000000 0.000624 0.000097 0.000000 0.000000 0.000000 0.000000 0.000000 0.000008 0.000000 0.000000 0.000334
 0.000524 0.000000 0.000000 0.000000 0.000000 0.001486 0.000000 0.000008 0.000000 0.022174 0.000097 0.000000 0.000000 0.000000 0.000000 0.000000 0.000008 0.000000 0.000000 0.975700
 0.000524 0.000000 0.000000 0.000000 0.000000 0.998402 0.000000 0.000008 0.000000 0.000624 0.000097 0.000000 0.000000 0.000000 0.000000 0.000000 0.000008 0.000000 0.000000 0.000334
 0.308842 0.000000 0.000000 0.000000 0.000000 0.001486 0.000000 0.000008 0.000000 0.491114 0.155105 0.000000 0.000000 0.000000 0.000000 0.000000 0.043108 0.000000 0.000000 0.000334
 0.109512 0.000000 0.000000 0.000000 0.000000 0.889413 0.000000 0.000008 0.000000 0.000624 0.000097 0.000000 0.000000 0.000000 0.000000 0.000000 0.000008 0.000000 0.000000 0.000334
 0.198556 0.000000 0.000000 0.000000 0.000000 0.001486 0.000000 0.000008 0.000000 0.799507 0.000097 0.000000 0.000000 0.000000 0.000000 0.000000 0.000008 0.000000 0.000000 0.000334
 0.198556 0.000000 0.000000 0.000000 0.000000 0.800369 0.000000 0.000008 0.000000 0.000624 0.000097 0.000000 0.000000 0.000000 0.000000 0.000000 0.000008 0.000000 0.000000 0.000334
 0.220106 0.000000 0.000000 0.000000 0.000000 0.001486 0.000000 0.000008 0.000000 0.065796 0.000097 0.000000 0.000000 0.000000 0.000000 0.000000 0.000008 0.000000 0.000000 0.712495
 0.000524 0.000000 0.000000 0.000000 0.000000 0.998402 0.000000 0.000008 0.000000 0.000624 0.000097 0.000000 0.000000 0.000000 0.000000 0.000000 0.000008 0.000000 0.000000 0.000334

MOTIF 2-MGLG STREME-2
letter-probability matrix: alength= 20 w= 4 nsites= 8 E= 2.0e+000
 0.003344 0.000001 0.000001 0.000001 0.000001 0.009489 0.000001 0.000053 0.000001 0.003986 0.980923 0.000001 0.000001 0.000001 0.000001 0.000001 0.000053 0.000001 0.000001 0.002135
 0.278552 0.000001 0.000001 0.000001 0.000001 0.714586 0.000001 0.000053 0.000001 0.003986 0.000618 0.000001 0.000001 0.000001 0.000001 0.000001 0.000053 0.000001 0.000001 0.002135
 0.003344 0.000001 0.000001 0.000001 0.000001 0.009489 0.000001 0.000053 0.000001 0.984291 0.000618 0.000001 0.000001 0.000001 0.000001 0.000001 0.000053 0.000001 0.000001 0.002135
 0.003344 0.000001 0.000001 0.000001 0.000001 0.989794 0.000001 0.000053 0.000001 0.003986 0.000618 0.000001 0.000001 0.000001 0.000001 0.000001 0.000053 0.000001 0.000001 0.002135

MOTIF 3-LGAA STREME-3
letter-probability matrix: alength= 20 w= 4 nsites= 8 E= 2.0e+000
 0.015436 0.000006 0.000006 0.000006 0.000006 0.043800 0.000006 0.000243 0.000006 0.927491 0.002855 0.000006 0.000006 0.000006 0.000006 0.000006 0.000243 0.000006 0.000006 0.009855
 0.015436 0.000006 0.000006 0.000006 0.000006 0.952891 0.000006 0.000243 0.000006 0.018400 0.002855 0.000006 0.000006 0.000006 0.000006 0.000006 0.000243 0.000006 0.000006 0.009855
 0.924527 0.000006 0.000006 0.000006 0.000006 0.043800 0.000006 0.000243 0.000006 0.018400 0.002855 0.000006 0.000006 0.000006 0.000006 0.000006 0.000243 0.000006 0.000006 0.009855
 0.924527 0.000006 0.000006 0.000006 0.000006 0.043800 0.000006 0.000243 0.000006 0.018400 0.002855 0.000006 0.000006 0.000006 0.000006 0.000006 0.000243 0.000006 0.000006 0.009855

MOTIF 4-LGLG STREME-4
letter-probability matrix: alength= 20 w= 4 nsites= 8 E= 4.0e+000
 0.015436 0.000006 0.000006 0.000006 0.000006 0.043800 0.000006 0.000243 0.000006 0.927491 0.002855 0.000006 0.000006 0.000006 0.000006 0.000006 0.000243 0.000006 0.000006 0.009855
 0.015436 0.000006 0.000006 0.000006 0.000006 0.952891 0.000006 0.000243 0.000006 0.018400 0.002855 0.000006 0.000006 0.000006 0.000006 0.000006 0.000243 0.000006 0.000006 0.009855
 0.015436 0.000006 0.000006 0.000006 0.000006 0.043800 0.000006 0.000243 0.000006 0.927491 0.002855 0.000006 0.000006 0.000006 0.000006 0.000006 0.000243 0.000006 0.000006 0.009855
 0.015436 0.000006 0.000006 0.000006 0.000006 0.952891 0.000006 0.000243 0.000006 0.018400 0.002855 0.000006 0.000006 0.000006 0.000006 0.000006 0.000243 0.000006 0.000006 0.009855

********************************************************************************
Stopped because 3 consecutive motifs exceeded the p-value threshold (0.05).
********************************************************************************
COMMAND:	streme --protein --p ./Data/v1_cluster_windows_15mers/cluster_1148.fasta --minw 3 --maxw 15 --thresh 0.05 --oc ./Results/v1_Top500_Run_20250504_162200/streme_out_cluster_1148
********************************************************************************
CPU:		Hirokis-MacBook-Air.local
********************************************************************************
FINALTIME:	0.20 seconds
********************************************************************************
