********************************************************************************
STREME - Sensitive, Thorough, Rapid, Enriched Motif Elicitation
********************************************************************************
MEME version 5.5.7 (Release date: Wed Jun 19 13:59:04 2024 -0700)

For further information on how to interpret these results please access https://meme-suite.org/meme.
To get a copy of the MEME Suite software please access https://meme-suite.org.

********************************************************************************


********************************************************************************
REFERENCE
********************************************************************************
If you use this program in your research, please cite:

Timothy L. Bailey,
"STREME: accurate and versatile sequence motif discovery",
Bioinformatics, Mar. 24, 2021.
********************************************************************************


ALPHABET= ACDEFGHIKLMNPQRSTVWY

strands: +

Background letter frequencies
A 0.183 C 5.55e-05 D 5.55e-05 E 0.00228 F 0.0112 G 0.301 H 5.55e-05 I 0.01 K 5.55e-05 L 0.00672 M 0.00228 N 0.00672 P 5.55e-05 Q 0.0045 R 0.01 S 0.292 T 0.0445 V 0.0145 W 5.55e-05 Y 0.111 

MOTIF 1-GGYGASS STREME-1
letter-probability matrix: alength= 20 w= 7 nsites= 60 E= 3.0e-002
 0.036175 0.000000 0.000000 0.000006 0.000029 0.818931 0.000000 0.000026 0.000000 0.000017 0.000006 0.000017 0.000000 0.000012 0.000026 0.144321 0.000114 0.000037 0.000000 0.000284
 0.000469 0.000000 0.000000 0.000006 0.000029 0.980478 0.000000 0.000026 0.000000 0.000017 0.000006 0.000017 0.000000 0.000012 0.000026 0.018480 0.000114 0.000037 0.000000 0.000284
 0.000469 0.000000 0.000000 0.000006 0.000029 0.000770 0.000000 0.000026 0.000000 0.000017 0.000006 0.000017 0.000000 0.000012 0.000026 0.000747 0.000114 0.000037 0.000000 0.997726
 0.000469 0.000000 0.000000 0.000006 0.000029 0.998211 0.000000 0.000026 0.000000 0.000017 0.000006 0.000017 0.000000 0.000012 0.000026 0.000747 0.000114 0.000037 0.000000 0.000284
 0.782161 0.000000 0.000000 0.000006 0.000029 0.000770 0.000000 0.000026 0.000000 0.000017 0.000006 0.000017 0.000000 0.000012 0.000026 0.089893 0.126718 0.000037 0.000000 0.000284
 0.169333 0.000000 0.000000 0.000006 0.000029 0.036476 0.000000 0.000026 0.000000 0.017750 0.035712 0.000017 0.000000 0.000012 0.000026 0.722445 0.017847 0.000037 0.000000 0.000284
 0.216218 0.000000 0.000000 0.000006 0.000029 0.018503 0.000000 0.000026 0.000000 0.000017 0.000006 0.000017 0.000000 0.000012 0.000026 0.604141 0.089506 0.071209 0.000000 0.000284

MOTIF 2-AGGY STREME-2
letter-probability matrix: alength= 20 w= 4 nsites= 15 E= 2.0e+000
 0.925746 0.000005 0.000005 0.000207 0.001014 0.027346 0.000005 0.000913 0.000005 0.000610 0.000207 0.000610 0.000005 0.000409 0.000913 0.026546 0.004041 0.001316 0.000005 0.010091
 0.016655 0.000005 0.000005 0.000207 0.001014 0.936437 0.000005 0.000913 0.000005 0.000610 0.000207 0.000610 0.000005 0.000409 0.000913 0.026546 0.004041 0.001316 0.000005 0.010091
 0.016655 0.000005 0.000005 0.000207 0.001014 0.936437 0.000005 0.000913 0.000005 0.000610 0.000207 0.000610 0.000005 0.000409 0.000913 0.026546 0.004041 0.001316 0.000005 0.010091
 0.016655 0.000005 0.000005 0.000207 0.001014 0.027346 0.000005 0.000913 0.000005 0.000610 0.000207 0.000610 0.000005 0.000409 0.000913 0.026546 0.004041 0.001316 0.000005 0.919182

MOTIF 3-FASA STREME-3
letter-probability matrix: alength= 20 w= 4 nsites= 10 E= 4.0e+000
 0.002550 0.000001 0.000001 0.000032 0.986238 0.004186 0.000001 0.000140 0.000001 0.000093 0.000032 0.000093 0.000001 0.000063 0.000140 0.004064 0.000619 0.000202 0.000001 0.001545
 0.498320 0.000001 0.000001 0.000032 0.000155 0.004186 0.000001 0.000140 0.000001 0.000093 0.000032 0.000093 0.000001 0.000063 0.000140 0.004064 0.490931 0.000202 0.000001 0.001545
 0.002550 0.000001 0.000001 0.000032 0.000155 0.004186 0.000001 0.000140 0.000001 0.000093 0.000032 0.000093 0.000001 0.000063 0.000140 0.990147 0.000619 0.000202 0.000001 0.001545
 0.892169 0.000001 0.000001 0.000032 0.000155 0.100650 0.000001 0.000140 0.000001 0.000093 0.000032 0.000093 0.000001 0.000063 0.000140 0.004064 0.000619 0.000202 0.000001 0.001545

MOTIF 4-TGRY STREME-4
letter-probability matrix: alength= 20 w= 4 nsites= 10 E= 4.0e+000
 0.016655 0.000005 0.000005 0.000207 0.001014 0.027346 0.000005 0.000913 0.000005 0.000610 0.000207 0.000610 0.000005 0.000409 0.000913 0.026546 0.913132 0.001316 0.000005 0.010091
 0.016655 0.000005 0.000005 0.000207 0.001014 0.936437 0.000005 0.000913 0.000005 0.000610 0.000207 0.000610 0.000005 0.000409 0.000913 0.026546 0.004041 0.001316 0.000005 0.010091
 0.016655 0.000005 0.000005 0.000207 0.001014 0.027346 0.000005 0.000913 0.000005 0.000610 0.000207 0.000610 0.000005 0.000409 0.910004 0.026546 0.004041 0.001316 0.000005 0.010091
 0.016655 0.000005 0.000005 0.000207 0.001014 0.027346 0.000005 0.000913 0.000005 0.000610 0.000207 0.000610 0.000005 0.000409 0.000913 0.026546 0.004041 0.001316 0.000005 0.919182

********************************************************************************
Stopped because 3 consecutive motifs exceeded the p-value threshold (0.05).
********************************************************************************
COMMAND:	streme --protein --p ./Data/v1_cluster_windows_15mers/cluster_21876.fasta --minw 3 --maxw 15 --thresh 0.05 --oc ./Results/v1_Top500_Run_20250504_162200/streme_out_cluster_21876
********************************************************************************
CPU:		Hirokis-MacBook-Air.local
********************************************************************************
FINALTIME:	0.18 seconds
********************************************************************************
