********************************************************************************
STREME - Sensitive, Thorough, Rapid, Enriched Motif Elicitation
********************************************************************************
MEME version 5.5.7 (Release date: Wed Jun 19 13:59:04 2024 -0700)

For further information on how to interpret these results please access https://meme-suite.org/meme.
To get a copy of the MEME Suite software please access https://meme-suite.org.

********************************************************************************


********************************************************************************
REFERENCE
********************************************************************************
If you use this program in your research, please cite:

Timothy L. Bailey,
"STREME: accurate and versatile sequence motif discovery",
Bioinformatics, Mar. 24, 2021.
********************************************************************************


ALPHABET= ACDEFGHIKLMNPQRSTVWY

strands: +

Background letter frequencies
A 0.259 C 1.23e-05 D 1.23e-05 E 0.000506 F 0.00125 G 0.572 H 1.23e-05 I 1.23e-05 K 1.23e-05 L 0.000753 M 1.23e-05 N 0.000753 P 0.000259 Q 1.23e-05 R 0.0669 S 0.0121 T 0.00396 V 0.00791 W 1.23e-05 Y 0.0736 

MOTIF 1-AGGYGRGAGAGAG STREME-1
letter-probability matrix: alength= 20 w= 13 nsites= 266 E= 2.1e-015
 0.874738 0.000000 0.000000 0.000000 0.003738 0.083946 0.000000 0.000000 0.000000 0.000000 0.000000 0.011247 0.000000 0.000000 0.000036 0.007493 0.018757 0.000004 0.000000 0.000040
 0.015158 0.000000 0.000000 0.000000 0.000001 0.932111 0.000000 0.000000 0.000000 0.000000 0.000000 0.000000 0.000000 0.000000 0.000036 0.052647 0.000002 0.000004 0.000000 0.000040
 0.000140 0.000000 0.000000 0.003738 0.000001 0.992294 0.000000 0.000000 0.000000 0.000000 0.000000 0.000000 0.000000 0.000000 0.000036 0.000007 0.000002 0.000004 0.000000 0.003777
 0.000140 0.000000 0.000000 0.000000 0.007487 0.000309 0.000000 0.000000 0.000000 0.000000 0.000000 0.000000 0.000000 0.000000 0.000036 0.000007 0.000002 0.000004 0.000000 0.992014
 0.000140 0.000000 0.000000 0.000000 0.000001 0.996032 0.000000 0.000000 0.000000 0.000000 0.000000 0.000000 0.000000 0.000000 0.000036 0.003744 0.000002 0.000004 0.000000 0.000040
 0.000140 0.000000 0.000000 0.000000 0.000001 0.000309 0.000000 0.000000 0.000000 0.000000 0.000000 0.000000 0.000000 0.000000 0.999497 0.000007 0.000002 0.000004 0.000000 0.000040
 0.000140 0.000000 0.000000 0.000000 0.000001 0.996032 0.000000 0.000000 0.000000 0.000000 0.000000 0.000000 0.000000 0.000000 0.000036 0.003744 0.000002 0.000004 0.000000 0.000040
 0.958386 0.000000 0.000000 0.000000 0.000001 0.015293 0.000000 0.000000 0.000000 0.000000 0.000000 0.000000 0.000000 0.000000 0.000036 0.007482 0.015020 0.003742 0.000000 0.000040
 0.007615 0.000000 0.000000 0.000000 0.000001 0.969835 0.000000 0.000000 0.000000 0.000000 0.000000 0.000000 0.000000 0.000000 0.000036 0.014979 0.000002 0.007491 0.000000 0.000040
 0.920807 0.000000 0.000000 0.000000 0.000001 0.019019 0.000000 0.000000 0.000000 0.000000 0.000000 0.000000 0.000000 0.000000 0.000036 0.014991 0.000002 0.045103 0.000000 0.000040
 0.018862 0.000000 0.000000 0.000000 0.000001 0.973561 0.000000 0.000000 0.000000 0.000000 0.000000 0.000000 0.000000 0.000000 0.000036 0.000007 0.000002 0.000004 0.000000 0.007526
 0.883252 0.000000 0.000000 0.000000 0.000001 0.007795 0.000000 0.000000 0.000000 0.000000 0.000000 0.000000 0.000000 0.000000 0.000036 0.033825 0.014986 0.026246 0.000000 0.033858
 0.056955 0.000000 0.000000 0.003738 0.000001 0.924244 0.000000 0.000000 0.000000 0.000000 0.000000 0.000000 0.000000 0.000000 0.000036 0.000007 0.000002 0.007491 0.000000 0.007526

MOTIF 2-GAGGGAGRGGLGGYG STREME-2
letter-probability matrix: alength= 20 w= 15 nsites= 3 E= 4.0e+000
 0.023589 0.000001 0.000001 0.000046 0.000113 0.961132 0.000001 0.000001 0.000001 0.000068 0.000001 0.000068 0.000024 0.000001 0.006082 0.001101 0.000360 0.000719 0.000001 0.006688
 0.932680 0.000001 0.000001 0.000046 0.000113 0.052041 0.000001 0.000001 0.000001 0.000068 0.000001 0.000068 0.000024 0.000001 0.006082 0.001101 0.000360 0.000719 0.000001 0.006688
 0.023589 0.000001 0.000001 0.000046 0.000113 0.961132 0.000001 0.000001 0.000001 0.000068 0.000001 0.000068 0.000024 0.000001 0.006082 0.001101 0.000360 0.000719 0.000001 0.006688
 0.023589 0.000001 0.000001 0.000046 0.000113 0.961132 0.000001 0.000001 0.000001 0.000068 0.000001 0.000068 0.000024 0.000001 0.006082 0.001101 0.000360 0.000719 0.000001 0.006688
 0.023589 0.000001 0.000001 0.000046 0.000113 0.961132 0.000001 0.000001 0.000001 0.000068 0.000001 0.000068 0.000024 0.000001 0.006082 0.001101 0.000360 0.000719 0.000001 0.006688
 0.932680 0.000001 0.000001 0.000046 0.000113 0.052041 0.000001 0.000001 0.000001 0.000068 0.000001 0.000068 0.000024 0.000001 0.006082 0.001101 0.000360 0.000719 0.000001 0.006688
 0.023589 0.000001 0.000001 0.000046 0.000113 0.961132 0.000001 0.000001 0.000001 0.000068 0.000001 0.000068 0.000024 0.000001 0.006082 0.001101 0.000360 0.000719 0.000001 0.006688
 0.023589 0.000001 0.000001 0.000046 0.000113 0.052041 0.000001 0.000001 0.000001 0.000068 0.000001 0.000068 0.000024 0.000001 0.915173 0.001101 0.000360 0.000719 0.000001 0.006688
 0.023589 0.000001 0.000001 0.000046 0.000113 0.961132 0.000001 0.000001 0.000001 0.000068 0.000001 0.000068 0.000024 0.000001 0.006082 0.001101 0.000360 0.000719 0.000001 0.006688
 0.023589 0.000001 0.000001 0.000046 0.000113 0.961132 0.000001 0.000001 0.000001 0.000068 0.000001 0.000068 0.000024 0.000001 0.006082 0.001101 0.000360 0.000719 0.000001 0.006688
 0.023589 0.000001 0.000001 0.000046 0.000113 0.052041 0.000001 0.000001 0.000001 0.909159 0.000001 0.000068 0.000024 0.000001 0.006082 0.001101 0.000360 0.000719 0.000001 0.006688
 0.023589 0.000001 0.000001 0.000046 0.000113 0.961132 0.000001 0.000001 0.000001 0.000068 0.000001 0.000068 0.000024 0.000001 0.006082 0.001101 0.000360 0.000719 0.000001 0.006688
 0.023589 0.000001 0.000001 0.000046 0.000113 0.961132 0.000001 0.000001 0.000001 0.000068 0.000001 0.000068 0.000024 0.000001 0.006082 0.001101 0.000360 0.000719 0.000001 0.006688
 0.023589 0.000001 0.000001 0.000046 0.000113 0.052041 0.000001 0.000001 0.000001 0.000068 0.000001 0.000068 0.000024 0.000001 0.006082 0.001101 0.000360 0.000719 0.000001 0.915779
 0.023589 0.000001 0.000001 0.000046 0.000113 0.961132 0.000001 0.000001 0.000001 0.000068 0.000001 0.000068 0.000024 0.000001 0.006082 0.001101 0.000360 0.000719 0.000001 0.006688

MOTIF 3-AVF STREME-3
letter-probability matrix: alength= 20 w= 3 nsites= 1 E= 4.0e+000
 0.906635 0.000002 0.000002 0.000064 0.000157 0.072175 0.000002 0.000002 0.000002 0.000095 0.000002 0.000095 0.000033 0.000002 0.008435 0.001527 0.000499 0.000997 0.000002 0.009275
 0.032715 0.000002 0.000002 0.000064 0.000157 0.072175 0.000002 0.000002 0.000002 0.000095 0.000002 0.000095 0.000033 0.000002 0.008435 0.001527 0.000499 0.874917 0.000002 0.009275
 0.032715 0.000002 0.000002 0.000064 0.874077 0.072175 0.000002 0.000002 0.000002 0.000095 0.000002 0.000095 0.000033 0.000002 0.008435 0.001527 0.000499 0.000997 0.000002 0.009275

MOTIF 4-YGRGAGAGGA STREME-4
letter-probability matrix: alength= 20 w= 10 nsites= 1 E= 4.0e+000
 0.032715 0.000002 0.000002 0.000064 0.000157 0.072175 0.000002 0.000002 0.000002 0.000095 0.000002 0.000095 0.000033 0.000002 0.008435 0.001527 0.000499 0.000997 0.000002 0.883195
 0.032715 0.000002 0.000002 0.000064 0.000157 0.946095 0.000002 0.000002 0.000002 0.000095 0.000002 0.000095 0.000033 0.000002 0.008435 0.001527 0.000499 0.000997 0.000002 0.009275
 0.032715 0.000002 0.000002 0.000064 0.000157 0.072175 0.000002 0.000002 0.000002 0.000095 0.000002 0.000095 0.000033 0.000002 0.882355 0.001527 0.000499 0.000997 0.000002 0.009275
 0.032715 0.000002 0.000002 0.000064 0.000157 0.946095 0.000002 0.000002 0.000002 0.000095 0.000002 0.000095 0.000033 0.000002 0.008435 0.001527 0.000499 0.000997 0.000002 0.009275
 0.906635 0.000002 0.000002 0.000064 0.000157 0.072175 0.000002 0.000002 0.000002 0.000095 0.000002 0.000095 0.000033 0.000002 0.008435 0.001527 0.000499 0.000997 0.000002 0.009275
 0.032715 0.000002 0.000002 0.000064 0.000157 0.946095 0.000002 0.000002 0.000002 0.000095 0.000002 0.000095 0.000033 0.000002 0.008435 0.001527 0.000499 0.000997 0.000002 0.009275
 0.906635 0.000002 0.000002 0.000064 0.000157 0.072175 0.000002 0.000002 0.000002 0.000095 0.000002 0.000095 0.000033 0.000002 0.008435 0.001527 0.000499 0.000997 0.000002 0.009275
 0.032715 0.000002 0.000002 0.000064 0.000157 0.946095 0.000002 0.000002 0.000002 0.000095 0.000002 0.000095 0.000033 0.000002 0.008435 0.001527 0.000499 0.000997 0.000002 0.009275
 0.032715 0.000002 0.000002 0.000064 0.000157 0.946095 0.000002 0.000002 0.000002 0.000095 0.000002 0.000095 0.000033 0.000002 0.008435 0.001527 0.000499 0.000997 0.000002 0.009275
 0.906635 0.000002 0.000002 0.000064 0.000157 0.072175 0.000002 0.000002 0.000002 0.000095 0.000002 0.000095 0.000033 0.000002 0.008435 0.001527 0.000499 0.000997 0.000002 0.009275

********************************************************************************
Stopped because 3 consecutive motifs exceeded the p-value threshold (0.05).
********************************************************************************
COMMAND:	streme --protein --p ./Data/v1_cluster_windows_15mers/cluster_9318.fasta --minw 3 --maxw 15 --thresh 0.05 --oc ./Results/v1_Top500_Run_20250504_162200/streme_out_cluster_9318
********************************************************************************
CPU:		Hirokis-MacBook-Air.local
********************************************************************************
FINALTIME:	0.40 seconds
********************************************************************************
