********************************************************************************
STREME - Sensitive, Thorough, Rapid, Enriched Motif Elicitation
********************************************************************************
MEME version 5.5.7 (Release date: Wed Jun 19 13:59:04 2024 -0700)

For further information on how to interpret these results please access https://meme-suite.org/meme.
To get a copy of the MEME Suite software please access https://meme-suite.org.

********************************************************************************


********************************************************************************
REFERENCE
********************************************************************************
If you use this program in your research, please cite:

Timothy L. Bailey,
"STREME: accurate and versatile sequence motif discovery",
Bioinformatics, Mar. 24, 2021.
********************************************************************************


ALPHABET= ACDEFGHIKLMNPQRSTVWY

strands: +

Background letter frequencies
A 0.259 C 5.94e-05 D 5.94e-05 E 5.94e-05 F 5.94e-05 G 0.0726 H 5.94e-05 I 0.0714 K 0.00125 L 0.133 M 0.00125 N 0.169 P 5.94e-05 Q 0.0167 R 5.94e-05 S 0.161 T 0.0417 V 0.0726 W 5.94e-05 Y 5.94e-05 

MOTIF 1-ANAISSALGNVLANS STREME-1
letter-probability matrix: alength= 20 w= 15 nsites= 56 E= 4.0e-003
 0.997827 0.000000 0.000000 0.000000 0.000000 0.000213 0.000000 0.000209 0.000004 0.000391 0.000004 0.000495 0.000000 0.000049 0.000000 0.000471 0.000122 0.000213 0.000000 0.000000
 0.000761 0.000000 0.000000 0.000000 0.000000 0.000213 0.000000 0.000209 0.000004 0.000391 0.000004 0.977229 0.000000 0.000049 0.000000 0.020804 0.000122 0.000213 0.000000 0.000000
 0.855207 0.000000 0.000000 0.000000 0.000000 0.000213 0.000000 0.000209 0.000004 0.000391 0.000004 0.000495 0.000000 0.000049 0.000000 0.020804 0.102078 0.020546 0.000000 0.000000
 0.000761 0.000000 0.000000 0.000000 0.000000 0.000213 0.000000 0.997276 0.000004 0.000391 0.000004 0.000495 0.000000 0.000049 0.000000 0.000471 0.000122 0.000213 0.000000 0.000000
 0.226207 0.000000 0.000000 0.000000 0.000000 0.000213 0.000000 0.000209 0.000004 0.000391 0.000004 0.000495 0.000000 0.000049 0.000000 0.772091 0.000122 0.000213 0.000000 0.000000
 0.000761 0.000000 0.000000 0.000000 0.000000 0.041170 0.000000 0.000209 0.000004 0.000391 0.020336 0.204999 0.000000 0.000049 0.000000 0.524552 0.207315 0.000213 0.000000 0.000000
 0.895872 0.000000 0.000000 0.000000 0.000000 0.000213 0.000000 0.000209 0.000004 0.000391 0.000004 0.000495 0.000000 0.000049 0.000000 0.000471 0.000122 0.102168 0.000000 0.000000
 0.000761 0.000000 0.000000 0.000000 0.000000 0.000213 0.000000 0.000209 0.000004 0.997457 0.000004 0.000495 0.000000 0.000049 0.000000 0.000471 0.000122 0.000213 0.000000 0.000000
 0.000761 0.000000 0.000000 0.000000 0.000000 0.997280 0.000000 0.000209 0.000004 0.000391 0.000004 0.000495 0.000000 0.000049 0.000000 0.000471 0.000122 0.000213 0.000000 0.000000
 0.000761 0.000000 0.000000 0.000000 0.000000 0.000213 0.000000 0.000209 0.020336 0.000391 0.000004 0.544909 0.000000 0.267037 0.000000 0.165804 0.000122 0.000213 0.000000 0.000000
 0.000761 0.000000 0.000000 0.000000 0.000000 0.000213 0.000000 0.081832 0.000004 0.000391 0.000004 0.000495 0.000000 0.000049 0.000000 0.000471 0.020455 0.895324 0.000000 0.000000
 0.000761 0.000000 0.000000 0.000000 0.000000 0.000213 0.000000 0.000209 0.000004 0.997457 0.000004 0.000495 0.000000 0.000049 0.000000 0.000471 0.000122 0.000213 0.000000 0.000000
 0.896164 0.000000 0.000000 0.000000 0.000000 0.000213 0.000000 0.000209 0.000004 0.000391 0.000004 0.000495 0.000000 0.000049 0.000000 0.081802 0.000122 0.020546 0.000000 0.000000
 0.000761 0.000000 0.000000 0.000000 0.000000 0.000213 0.000000 0.000209 0.000004 0.000391 0.000004 0.771824 0.000000 0.000049 0.000000 0.081802 0.144530 0.000213 0.000000 0.000000
 0.041426 0.000000 0.000000 0.000000 0.000000 0.000213 0.000000 0.000209 0.000004 0.000391 0.000004 0.000495 0.000000 0.000049 0.000000 0.834584 0.102078 0.020546 0.000000 0.000000

********************************************************************************
Stopped because the next motif had no positive sites with scores > 0.
********************************************************************************
COMMAND:	streme --protein --p ./Data/v1_cluster_windows_15mers/cluster_4148.fasta --minw 3 --maxw 15 --thresh 0.05 --oc ./Results/v1_Top500_Run_20250504_162200/streme_out_cluster_4148
********************************************************************************
CPU:		Hirokis-MacBook-Air.local
********************************************************************************
FINALTIME:	0.14 seconds
********************************************************************************
