********************************************************************************
STREME - Sensitive, Thorough, Rapid, Enriched Motif Elicitation
********************************************************************************
MEME version 5.5.7 (Release date: Wed Jun 19 13:59:04 2024 -0700)

For further information on how to interpret these results please access https://meme-suite.org/meme.
To get a copy of the MEME Suite software please access https://meme-suite.org.

********************************************************************************


********************************************************************************
REFERENCE
********************************************************************************
If you use this program in your research, please cite:

Timothy L. Bailey,
"STREME: accurate and versatile sequence motif discovery",
Bioinformatics, Mar. 24, 2021.
********************************************************************************


ALPHABET= ACDEFGHIKLMNPQRSTVWY

strands: +

Background letter frequencies
A 0.0594 C 7.24e-05 D 0.00297 E 7.24e-05 F 0.00875 G 0.122 H 7.24e-05 I 0.0522 K 7.24e-05 L 0.151 M 0.0218 N 0.191 P 0.0666 Q 0.00152 R 7.24e-05 S 0.23 T 0.00152 V 0.0869 W 7.24e-05 Y 0.00441 

MOTIF 1-LLSSGGPNVNSLSNI STREME-1
letter-probability matrix: alength= 20 w= 15 nsites= 46 S= 2.4e-027
 0.005401 0.000007 0.000270 0.000007 0.000796 0.011054 0.000007 0.004743 0.000007 0.922782 0.001980 0.017373 0.006058 0.000138 0.000007 0.020927 0.000138 0.007900 0.000007 0.000401
 0.005401 0.000007 0.000270 0.000007 0.000796 0.011054 0.000007 0.004743 0.000007 0.922782 0.001980 0.017373 0.006058 0.000138 0.000007 0.020927 0.000138 0.007900 0.000007 0.000401
 0.005401 0.000007 0.000270 0.000007 0.000796 0.011054 0.000007 0.004743 0.000007 0.013691 0.001980 0.017373 0.006058 0.000138 0.000007 0.930018 0.000138 0.007900 0.000007 0.000401
 0.005401 0.000007 0.000270 0.000007 0.000796 0.011054 0.000007 0.004743 0.000007 0.013691 0.001980 0.017373 0.006058 0.000138 0.000007 0.930018 0.000138 0.007900 0.000007 0.000401
 0.005401 0.000007 0.000270 0.000007 0.000796 0.920145 0.000007 0.004743 0.000007 0.013691 0.001980 0.017373 0.006058 0.000138 0.000007 0.020927 0.000138 0.007900 0.000007 0.000401
 0.005401 0.000007 0.000270 0.000007 0.000796 0.920145 0.000007 0.004743 0.000007 0.013691 0.001980 0.017373 0.006058 0.000138 0.000007 0.020927 0.000138 0.007900 0.000007 0.000401
 0.005401 0.000007 0.000270 0.000007 0.000796 0.011054 0.000007 0.004743 0.000007 0.013691 0.001980 0.017373 0.915149 0.000138 0.000007 0.020927 0.000138 0.007900 0.000007 0.000401
 0.005401 0.000007 0.000270 0.000007 0.000796 0.011054 0.000007 0.004743 0.000007 0.013691 0.001980 0.926463 0.006058 0.000138 0.000007 0.020927 0.000138 0.007900 0.000007 0.000401
 0.005401 0.000007 0.000270 0.000007 0.000796 0.011054 0.000007 0.004743 0.000007 0.013691 0.001980 0.017373 0.006058 0.000138 0.000007 0.020927 0.000138 0.916991 0.000007 0.000401
 0.005401 0.000007 0.000270 0.000007 0.000796 0.011054 0.000007 0.004743 0.000007 0.013691 0.001980 0.926463 0.006058 0.000138 0.000007 0.020927 0.000138 0.007900 0.000007 0.000401
 0.005401 0.000007 0.000270 0.000007 0.000796 0.011054 0.000007 0.004743 0.000007 0.013691 0.001980 0.017373 0.006058 0.000138 0.000007 0.930018 0.000138 0.007900 0.000007 0.000401
 0.005401 0.000007 0.000270 0.000007 0.000796 0.011054 0.000007 0.004743 0.000007 0.922782 0.001980 0.017373 0.006058 0.000138 0.000007 0.020927 0.000138 0.007900 0.000007 0.000401
 0.005401 0.000007 0.000270 0.000007 0.000796 0.011054 0.000007 0.004743 0.000007 0.013691 0.001980 0.017373 0.006058 0.000138 0.000007 0.930018 0.000138 0.007900 0.000007 0.000401
 0.005401 0.000007 0.000270 0.000007 0.000796 0.011054 0.000007 0.004743 0.000007 0.013691 0.001980 0.926463 0.006058 0.000138 0.000007 0.020927 0.000138 0.007900 0.000007 0.000401
 0.005401 0.000007 0.000270 0.000007 0.000796 0.011054 0.000007 0.913834 0.000007 0.013691 0.001980 0.017373 0.006058 0.000138 0.000007 0.020927 0.000138 0.007900 0.000007 0.000401

MOTIF 2-AVN STREME-2
letter-probability matrix: alength= 20 w= 3 nsites= 2 S= 5.0e-001
 0.914492 0.000007 0.000270 0.000007 0.000796 0.011054 0.000007 0.004743 0.000007 0.013691 0.001980 0.017373 0.006058 0.000138 0.000007 0.020927 0.000138 0.007900 0.000007 0.000401
 0.005401 0.000007 0.000270 0.000007 0.000796 0.011054 0.000007 0.004743 0.000007 0.013691 0.001980 0.017373 0.006058 0.000138 0.000007 0.020927 0.000138 0.916991 0.000007 0.000401
 0.005401 0.000007 0.000270 0.000007 0.000796 0.011054 0.000007 0.004743 0.000007 0.013691 0.001980 0.926463 0.006058 0.000138 0.000007 0.020927 0.000138 0.007900 0.000007 0.000401

MOTIF 3-VVN STREME-3
letter-probability matrix: alength= 20 w= 3 nsites= 1 S= 7.5e-001
 0.005401 0.000007 0.000270 0.000007 0.000796 0.011054 0.000007 0.004743 0.000007 0.013691 0.001980 0.017373 0.006058 0.000138 0.000007 0.020927 0.000138 0.916991 0.000007 0.000401
 0.005401 0.000007 0.000270 0.000007 0.000796 0.011054 0.000007 0.004743 0.000007 0.013691 0.001980 0.017373 0.006058 0.000138 0.000007 0.020927 0.000138 0.916991 0.000007 0.000401
 0.005401 0.000007 0.000270 0.000007 0.000796 0.011054 0.000007 0.004743 0.000007 0.013691 0.001980 0.926463 0.006058 0.000138 0.000007 0.020927 0.000138 0.007900 0.000007 0.000401

********************************************************************************
Stopped because the next motif had no positive sites with scores > 0.
********************************************************************************
COMMAND:	streme --protein --p ./Data/v1_cluster_windows_15mers/cluster_19022.fasta --minw 3 --maxw 15 --thresh 0.05 --oc ./Results/v1_Top500_Run_20250504_162200/streme_out_cluster_19022
********************************************************************************
CPU:		Hirokis-MacBook-Air.local
********************************************************************************
FINALTIME:	0.20 seconds
********************************************************************************
