********************************************************************************
STREME - Sensitive, Thorough, Rapid, Enriched Motif Elicitation
********************************************************************************
MEME version 5.5.7 (Release date: Wed Jun 19 13:59:04 2024 -0700)

For further information on how to interpret these results please access https://meme-suite.org/meme.
To get a copy of the MEME Suite software please access https://meme-suite.org.

********************************************************************************


********************************************************************************
REFERENCE
********************************************************************************
If you use this program in your research, please cite:

Timothy L. Bailey,
"STREME: accurate and versatile sequence motif discovery",
Bioinformatics, Mar. 24, 2021.
********************************************************************************


ALPHABET= ACDEFGHIKLMNPQRSTVWY

strands: +

Background letter frequencies
A 0.201 C 0.0666 D 0.0131 E 0.0575 F 0.00137 G 0.137 H 6.53e-05 I 0.0118 K 6.53e-05 L 0.0666 M 6.53e-05 N 0.068 P 0.0666 Q 0.0118 R 0.0079 S 0.221 T 0.0131 V 0.0562 W 6.53e-05 Y 6.53e-05 

MOTIF 1-SASVSAANPGLSGCE STREME-1
letter-probability matrix: alength= 20 w= 15 nsites= 51 E= 7.9e-003
 0.018283 0.006059 0.001193 0.005229 0.000125 0.012464 0.000006 0.001074 0.000006 0.006059 0.000006 0.006178 0.006059 0.001074 0.000718 0.929156 0.001193 0.005109 0.000006 0.000006
 0.927374 0.006059 0.001193 0.005229 0.000125 0.012464 0.000006 0.001074 0.000006 0.006059 0.000006 0.006178 0.006059 0.001074 0.000718 0.020065 0.001193 0.005109 0.000006 0.000006
 0.018283 0.006059 0.001193 0.005229 0.000125 0.012464 0.000006 0.001074 0.000006 0.006059 0.000006 0.006178 0.006059 0.001074 0.000718 0.929156 0.001193 0.005109 0.000006 0.000006
 0.018283 0.006059 0.001193 0.005229 0.000125 0.012464 0.000006 0.001074 0.000006 0.006059 0.000006 0.006178 0.006059 0.001074 0.000718 0.020065 0.001193 0.914200 0.000006 0.000006
 0.018283 0.006059 0.001193 0.005229 0.000125 0.012464 0.000006 0.001074 0.000006 0.006059 0.000006 0.006178 0.006059 0.001074 0.000718 0.929156 0.001193 0.005109 0.000006 0.000006
 0.927374 0.006059 0.001193 0.005229 0.000125 0.012464 0.000006 0.001074 0.000006 0.006059 0.000006 0.006178 0.006059 0.001074 0.000718 0.020065 0.001193 0.005109 0.000006 0.000006
 0.927374 0.006059 0.001193 0.005229 0.000125 0.012464 0.000006 0.001074 0.000006 0.006059 0.000006 0.006178 0.006059 0.001074 0.000718 0.020065 0.001193 0.005109 0.000006 0.000006
 0.018283 0.006059 0.001193 0.005229 0.000125 0.012464 0.000006 0.001074 0.000006 0.006059 0.000006 0.915269 0.006059 0.001074 0.000718 0.020065 0.001193 0.005109 0.000006 0.000006
 0.018283 0.006059 0.001193 0.005229 0.000125 0.012464 0.000006 0.001074 0.000006 0.006059 0.000006 0.006178 0.915149 0.001074 0.000718 0.020065 0.001193 0.005109 0.000006 0.000006
 0.018283 0.006059 0.001193 0.005229 0.000125 0.921555 0.000006 0.001074 0.000006 0.006059 0.000006 0.006178 0.006059 0.001074 0.000718 0.020065 0.001193 0.005109 0.000006 0.000006
 0.018283 0.006059 0.001193 0.005229 0.000125 0.012464 0.000006 0.001074 0.000006 0.915149 0.000006 0.006178 0.006059 0.001074 0.000718 0.020065 0.001193 0.005109 0.000006 0.000006
 0.018283 0.006059 0.001193 0.005229 0.000125 0.012464 0.000006 0.001074 0.000006 0.006059 0.000006 0.006178 0.006059 0.001074 0.000718 0.929156 0.001193 0.005109 0.000006 0.000006
 0.018283 0.006059 0.001193 0.005229 0.000125 0.921555 0.000006 0.001074 0.000006 0.006059 0.000006 0.006178 0.006059 0.001074 0.000718 0.020065 0.001193 0.005109 0.000006 0.000006
 0.018283 0.915149 0.001193 0.005229 0.000125 0.012464 0.000006 0.001074 0.000006 0.006059 0.000006 0.006178 0.006059 0.001074 0.000718 0.020065 0.001193 0.005109 0.000006 0.000006
 0.018283 0.006059 0.001193 0.914319 0.000125 0.012464 0.000006 0.001074 0.000006 0.006059 0.000006 0.006178 0.006059 0.001074 0.000718 0.020065 0.001193 0.005109 0.000006 0.000006

MOTIF 2-ASA STREME-2
letter-probability matrix: alength= 20 w= 3 nsites= 7 E= 2.0e+000
 0.927374 0.006059 0.001193 0.005229 0.000125 0.012464 0.000006 0.001074 0.000006 0.006059 0.000006 0.006178 0.006059 0.001074 0.000718 0.020065 0.001193 0.005109 0.000006 0.000006
 0.018283 0.006059 0.001193 0.005229 0.000125 0.012464 0.000006 0.001074 0.000006 0.006059 0.000006 0.006178 0.006059 0.001074 0.000718 0.929156 0.001193 0.005109 0.000006 0.000006
 0.927374 0.006059 0.001193 0.005229 0.000125 0.012464 0.000006 0.001074 0.000006 0.006059 0.000006 0.006178 0.006059 0.001074 0.000718 0.020065 0.001193 0.005109 0.000006 0.000006

********************************************************************************
Stopped because the next motif had no positive sites with scores > 0.
********************************************************************************
COMMAND:	streme --protein --p ./Data/v1_cluster_windows_15mers/cluster_11449.fasta --minw 3 --maxw 15 --thresh 0.05 --oc ./Results/v1_Top500_Run_20250504_162200/streme_out_cluster_11449
********************************************************************************
CPU:		Hirokis-MacBook-Air.local
********************************************************************************
FINALTIME:	0.13 seconds
********************************************************************************
