********************************************************************************
STREME - Sensitive, Thorough, Rapid, Enriched Motif Elicitation
********************************************************************************
MEME version 5.5.7 (Release date: Wed Jun 19 13:59:04 2024 -0700)

For further information on how to interpret these results please access https://meme-suite.org/meme.
To get a copy of the MEME Suite software please access https://meme-suite.org.

********************************************************************************


********************************************************************************
REFERENCE
********************************************************************************
If you use this program in your research, please cite:

Timothy L. Bailey,
"STREME: accurate and versatile sequence motif discovery",
Bioinformatics, Mar. 24, 2021.
********************************************************************************


ALPHABET= ACDEFGHIKLMNPQRSTVWY

strands: +

Background letter frequencies
A 0.0547 C 8.53e-05 D 8.53e-05 E 8.53e-05 F 0.0393 G 0.201 H 8.53e-05 I 0.0291 K 8.53e-05 L 0.0547 M 8.53e-05 N 8.53e-05 P 0.0052 Q 0.0666 R 8.53e-05 S 0.362 T 0.101 V 0.0154 W 8.53e-05 Y 0.07 

MOTIF 1-GSYGATSQTSSGFSL STREME-1
letter-probability matrix: alength= 20 w= 15 nsites= 39 S= 3.7e-023
 0.000260 0.000000 0.000000 0.000000 0.000187 0.863632 0.000000 0.000138 0.000000 0.000260 0.000000 0.000000 0.000025 0.000317 0.000000 0.134290 0.000480 0.000073 0.000000 0.000333
 0.134097 0.000000 0.000000 0.000000 0.000187 0.133527 0.000000 0.000138 0.000000 0.000260 0.000000 0.000000 0.000025 0.000317 0.000000 0.730559 0.000480 0.000073 0.000000 0.000333
 0.000260 0.000000 0.000000 0.000000 0.132755 0.000959 0.000000 0.000138 0.000000 0.000260 0.000000 0.000000 0.000025 0.000317 0.000000 0.001722 0.000480 0.000073 0.000000 0.863007
 0.000260 0.000000 0.000000 0.000000 0.000187 0.996200 0.000000 0.000138 0.000000 0.000260 0.000000 0.000000 0.000025 0.000317 0.000000 0.001722 0.000480 0.000073 0.000000 0.000333
 0.764596 0.000000 0.000000 0.000000 0.000187 0.000959 0.000000 0.033125 0.000000 0.000260 0.000000 0.000000 0.000025 0.000317 0.000000 0.067695 0.132425 0.000073 0.000000 0.000333
 0.066233 0.000000 0.000000 0.000000 0.000187 0.000959 0.000000 0.000138 0.000000 0.000260 0.000000 0.000000 0.000025 0.000317 0.000000 0.300491 0.630979 0.000073 0.000000 0.000333
 0.000260 0.000000 0.000000 0.000000 0.000187 0.000959 0.000000 0.000138 0.000000 0.000260 0.000000 0.000000 0.000025 0.000317 0.000000 0.963977 0.033466 0.000073 0.000000 0.000333
 0.000260 0.000000 0.000000 0.000000 0.000187 0.000959 0.000000 0.000138 0.000000 0.000260 0.000000 0.000000 0.000025 0.995558 0.000000 0.001722 0.000480 0.000073 0.000000 0.000333
 0.000260 0.000000 0.000000 0.000000 0.000187 0.000959 0.000000 0.000138 0.000000 0.000260 0.000000 0.000000 0.000025 0.000317 0.000000 0.400072 0.597370 0.000073 0.000000 0.000333
 0.000260 0.000000 0.000000 0.000000 0.000187 0.000959 0.000000 0.000138 0.000000 0.000260 0.000000 0.000000 0.000025 0.000317 0.000000 0.930990 0.066452 0.000073 0.000000 0.000333
 0.000260 0.000000 0.000000 0.000000 0.000187 0.000959 0.000000 0.000138 0.000000 0.000260 0.000000 0.000000 0.000025 0.000317 0.000000 0.797153 0.200289 0.000073 0.000000 0.000333
 0.033247 0.000000 0.000000 0.000000 0.000187 0.963213 0.000000 0.000138 0.000000 0.000260 0.000000 0.000000 0.000025 0.000317 0.000000 0.001722 0.000480 0.000073 0.000000 0.000333
 0.000260 0.000000 0.000000 0.000000 0.500010 0.000959 0.000000 0.198057 0.000000 0.132206 0.000000 0.000000 0.000025 0.000317 0.000000 0.001722 0.000480 0.099655 0.000000 0.066306
 0.000260 0.000000 0.000000 0.000000 0.000187 0.000959 0.000000 0.000138 0.000000 0.000260 0.000000 0.000000 0.000025 0.000317 0.000000 0.996963 0.000480 0.000073 0.000000 0.000333
 0.000260 0.000000 0.000000 0.000000 0.000187 0.000959 0.000000 0.099098 0.000000 0.796961 0.000000 0.000000 0.000025 0.000317 0.000000 0.001722 0.000480 0.099655 0.000000 0.000333

********************************************************************************
Stopped because the next motif had no positive sites with scores > 0.
********************************************************************************
COMMAND:	streme --protein --p ./Data/v1_cluster_windows_15mers/cluster_16505.fasta --minw 3 --maxw 15 --thresh 0.05 --oc ./Results/v1_Top500_Run_20250504_162200/streme_out_cluster_16505
********************************************************************************
CPU:		Hirokis-MacBook-Air.local
********************************************************************************
FINALTIME:	0.18 seconds
********************************************************************************
