********************************************************************************
STREME - Sensitive, Thorough, Rapid, Enriched Motif Elicitation
********************************************************************************
MEME version 5.5.7 (Release date: Wed Jun 19 13:59:04 2024 -0700)

For further information on how to interpret these results please access https://meme-suite.org/meme.
To get a copy of the MEME Suite software please access https://meme-suite.org.

********************************************************************************


********************************************************************************
REFERENCE
********************************************************************************
If you use this program in your research, please cite:

Timothy L. Bailey,
"STREME: accurate and versatile sequence motif discovery",
Bioinformatics, Mar. 24, 2021.
********************************************************************************


ALPHABET= ACDEFGHIKLMNPQRSTVWY

strands: +

Background letter frequencies
A 0.217 C 4.69e-05 D 4.69e-05 E 4.69e-05 F 0.000985 G 0.0338 H 4.69e-05 I 0.00192 K 4.69e-05 L 0.0657 M 4.69e-05 N 0.00192 P 0.0207 Q 4.69e-05 R 0.0667 S 0.463 T 0.00568 V 0.122 W 4.69e-05 Y 0.000985 

MOTIF 1-SSVSASVSSAASRLS STREME-1
letter-probability matrix: alength= 20 w= 15 nsites= 71 E= 8.7e-004
 0.065759 0.000000 0.000000 0.000000 0.016315 0.000080 0.000000 0.000005 0.000000 0.000155 0.000000 0.000005 0.264677 0.000000 0.000157 0.636233 0.000013 0.000287 0.000000 0.016315
 0.115259 0.000000 0.000000 0.000000 0.000002 0.416614 0.000000 0.000005 0.000000 0.000155 0.000000 0.000005 0.000049 0.000000 0.000157 0.434641 0.032824 0.000287 0.000000 0.000002
 0.082258 0.000000 0.000000 0.000000 0.000002 0.000080 0.000000 0.016317 0.000000 0.000155 0.000000 0.000005 0.016361 0.000000 0.000157 0.033713 0.000013 0.850937 0.000000 0.000002
 0.000510 0.000000 0.000000 0.000000 0.000002 0.000080 0.000000 0.000005 0.000000 0.000155 0.000000 0.000005 0.000049 0.000000 0.000157 0.998735 0.000013 0.000287 0.000000 0.000002
 0.932721 0.000000 0.000000 0.000000 0.000002 0.000080 0.000000 0.000005 0.000000 0.000155 0.000000 0.000005 0.000049 0.000000 0.000157 0.033899 0.016326 0.016599 0.000000 0.000002
 0.000510 0.000000 0.000000 0.000000 0.000002 0.000080 0.000000 0.000005 0.000000 0.000155 0.000000 0.000005 0.000049 0.000000 0.000157 0.998735 0.000013 0.000287 0.000000 0.000002
 0.016822 0.000000 0.000000 0.000000 0.000002 0.000080 0.000000 0.000005 0.000000 0.000155 0.000000 0.000005 0.000049 0.000000 0.000157 0.001089 0.000013 0.981621 0.000000 0.000002
 0.000510 0.000000 0.000000 0.000000 0.000002 0.000080 0.000000 0.000005 0.000000 0.000155 0.000000 0.000005 0.000049 0.000000 0.000157 0.998735 0.000013 0.000287 0.000000 0.000002
 0.000510 0.000000 0.000000 0.000000 0.000002 0.049017 0.000000 0.000005 0.000000 0.000155 0.000000 0.032815 0.000049 0.000000 0.000157 0.916988 0.000013 0.000287 0.000000 0.000002
 0.998157 0.000000 0.000000 0.000000 0.000002 0.000080 0.000000 0.000005 0.000000 0.000155 0.000000 0.000005 0.000049 0.000000 0.000157 0.001089 0.000013 0.000287 0.000000 0.000002
 0.981844 0.000000 0.000000 0.000000 0.000002 0.000080 0.000000 0.000005 0.000000 0.000155 0.000000 0.000005 0.000049 0.000000 0.000157 0.001089 0.000013 0.016599 0.000000 0.000002
 0.000510 0.000000 0.000000 0.000000 0.000002 0.000080 0.000000 0.000005 0.000000 0.000155 0.000000 0.000005 0.000049 0.000000 0.000157 0.982423 0.016326 0.000287 0.000000 0.000002
 0.000510 0.000000 0.000000 0.000000 0.000002 0.000080 0.000000 0.000005 0.000000 0.000155 0.000000 0.000005 0.000049 0.000000 0.997803 0.001089 0.000013 0.000287 0.000000 0.000002
 0.000510 0.000000 0.000000 0.000000 0.000002 0.000080 0.000000 0.016317 0.000000 0.981489 0.000000 0.000005 0.000049 0.000000 0.000157 0.001089 0.000013 0.000287 0.000000 0.000002
 0.016822 0.000000 0.000000 0.000000 0.000002 0.000080 0.000000 0.000005 0.000000 0.000155 0.000000 0.000005 0.000049 0.000000 0.000157 0.949612 0.032824 0.000287 0.000000 0.000002

MOTIF 2-AAA STREME-2
letter-probability matrix: alength= 20 w= 3 nsites= 1 E= 3.0e+000
 0.928792 0.000004 0.000004 0.000004 0.000090 0.003075 0.000004 0.000175 0.000004 0.005974 0.000004 0.000175 0.001880 0.000004 0.006060 0.042049 0.000516 0.011092 0.000004 0.000090
 0.928792 0.000004 0.000004 0.000004 0.000090 0.003075 0.000004 0.000175 0.000004 0.005974 0.000004 0.000175 0.001880 0.000004 0.006060 0.042049 0.000516 0.011092 0.000004 0.000090
 0.928792 0.000004 0.000004 0.000004 0.000090 0.003075 0.000004 0.000175 0.000004 0.005974 0.000004 0.000175 0.001880 0.000004 0.006060 0.042049 0.000516 0.011092 0.000004 0.000090

MOTIF 3-AAS STREME-3
letter-probability matrix: alength= 20 w= 3 nsites= 1 E= 3.0e+000
 0.928792 0.000004 0.000004 0.000004 0.000090 0.003075 0.000004 0.000175 0.000004 0.005974 0.000004 0.000175 0.001880 0.000004 0.006060 0.042049 0.000516 0.011092 0.000004 0.000090
 0.928792 0.000004 0.000004 0.000004 0.000090 0.003075 0.000004 0.000175 0.000004 0.005974 0.000004 0.000175 0.001880 0.000004 0.006060 0.042049 0.000516 0.011092 0.000004 0.000090
 0.019701 0.000004 0.000004 0.000004 0.000090 0.003075 0.000004 0.000175 0.000004 0.005974 0.000004 0.000175 0.001880 0.000004 0.006060 0.951139 0.000516 0.011092 0.000004 0.000090

********************************************************************************
Stopped because the next motif had no positive sites with scores > 0.
********************************************************************************
COMMAND:	streme --protein --p ./Data/v1_cluster_windows_15mers/cluster_20847.fasta --minw 3 --maxw 15 --thresh 0.05 --oc ./Results/v1_Top500_Run_20250504_162200/streme_out_cluster_20847
********************************************************************************
CPU:		Hirokis-MacBook-Air.local
********************************************************************************
FINALTIME:	0.18 seconds
********************************************************************************
