********************************************************************************
STREME - Sensitive, Thorough, Rapid, Enriched Motif Elicitation
********************************************************************************
MEME version 5.5.7 (Release date: Wed Jun 19 13:59:04 2024 -0700)

For further information on how to interpret these results please access https://meme-suite.org/meme.
To get a copy of the MEME Suite software please access https://meme-suite.org.

********************************************************************************


********************************************************************************
REFERENCE
********************************************************************************
If you use this program in your research, please cite:

Timothy L. Bailey,
"STREME: accurate and versatile sequence motif discovery",
Bioinformatics, Mar. 24, 2021.
********************************************************************************


ALPHABET= ACDEFGHIKLMNPQRSTVWY

strands: +

Background letter frequencies
A 0.2 C 4.44e-05 D 0.0444 E 0.00271 F 0.00182 G 0.34 H 4.44e-05 I 4.44e-05 K 0.00182 L 0.0276 M 4.44e-05 N 0.00448 P 0.0729 Q 0.0933 R 4.44e-05 S 0.13 T 0.024 V 0.0107 W 4.44e-05 Y 0.0462 

MOTIF 1-LGGPG STREME-1
letter-probability matrix: alength= 20 w= 5 nsites= 75 E= 1.7e-003
 0.015556 0.000000 0.000097 0.000006 0.000004 0.000742 0.000000 0.000000 0.000004 0.530464 0.000000 0.000010 0.000159 0.437378 0.000000 0.000283 0.000052 0.015143 0.000000 0.000101
 0.000436 0.000000 0.000097 0.000006 0.000004 0.998561 0.000000 0.000000 0.000004 0.000060 0.000000 0.000010 0.000159 0.000203 0.000000 0.000283 0.000052 0.000023 0.000000 0.000101
 0.000436 0.000000 0.000097 0.000006 0.000004 0.998561 0.000000 0.000000 0.000004 0.000060 0.000000 0.000010 0.000159 0.000203 0.000000 0.000283 0.000052 0.000023 0.000000 0.000101
 0.000436 0.000000 0.000097 0.000006 0.000004 0.000742 0.000000 0.000000 0.000004 0.000060 0.000000 0.000010 0.997978 0.000203 0.000000 0.000283 0.000052 0.000023 0.000000 0.000101
 0.000436 0.000000 0.437272 0.000006 0.000004 0.561386 0.000000 0.000000 0.000004 0.000060 0.000000 0.000010 0.000159 0.000203 0.000000 0.000283 0.000052 0.000023 0.000000 0.000101

MOTIF 2-GYGGQ STREME-2
letter-probability matrix: alength= 20 w= 5 nsites= 57 E= 6.3e-002
 0.000560 0.000000 0.000125 0.000008 0.000005 0.978731 0.000000 0.000000 0.000005 0.000077 0.000000 0.000013 0.000204 0.000261 0.000000 0.000363 0.000067 0.019450 0.000000 0.000130
 0.000560 0.000000 0.000125 0.000008 0.000005 0.000953 0.000000 0.000000 0.000005 0.000077 0.000000 0.099246 0.000204 0.000261 0.000000 0.175780 0.000067 0.000030 0.000000 0.722678
 0.000560 0.000000 0.059015 0.000008 0.000005 0.669069 0.000000 0.000000 0.000005 0.000077 0.000000 0.000013 0.000204 0.000261 0.000000 0.270554 0.000067 0.000030 0.000000 0.000130
 0.039609 0.000000 0.000125 0.000008 0.000005 0.959102 0.000000 0.000000 0.000005 0.000077 0.000000 0.000013 0.000204 0.000261 0.000000 0.000363 0.000067 0.000030 0.000000 0.000130
 0.000560 0.000000 0.119868 0.000008 0.000005 0.000953 0.000000 0.000000 0.000005 0.000077 0.000000 0.000013 0.019625 0.858295 0.000000 0.000363 0.000067 0.000030 0.000000 0.000130

MOTIF 3-ASAA STREME-3
letter-probability matrix: alength= 20 w= 4 nsites= 71 E= 2.1e-001
 0.546385 0.000000 0.017387 0.000007 0.000005 0.000848 0.000000 0.000000 0.000005 0.000069 0.000000 0.000011 0.000182 0.000233 0.000000 0.365001 0.017336 0.052416 0.000000 0.000115
 0.000498 0.000000 0.000111 0.000007 0.000005 0.000848 0.000000 0.000000 0.000005 0.000069 0.000000 0.000011 0.000182 0.000233 0.000000 0.980554 0.017336 0.000027 0.000000 0.000115
 0.891973 0.000000 0.000111 0.000007 0.000005 0.000848 0.000000 0.000000 0.000005 0.000069 0.000000 0.000011 0.000182 0.000233 0.000000 0.018077 0.088338 0.000027 0.000000 0.000115
 0.838474 0.000000 0.000111 0.000007 0.000005 0.000848 0.000000 0.000000 0.000005 0.000069 0.000000 0.000011 0.000182 0.000233 0.000000 0.125302 0.017336 0.017303 0.000000 0.000115

MOTIF 4-TGQGQ STREME-4
letter-probability matrix: alength= 20 w= 5 nsites= 6 E= 1.4e+000
 0.018172 0.000004 0.004041 0.000246 0.000166 0.030926 0.000004 0.000004 0.000166 0.002507 0.000004 0.000408 0.006624 0.008481 0.000004 0.011790 0.911274 0.000973 0.000004 0.004203
 0.018172 0.000004 0.004041 0.000246 0.000166 0.940017 0.000004 0.000004 0.000166 0.002507 0.000004 0.000408 0.006624 0.008481 0.000004 0.011790 0.002184 0.000973 0.000004 0.004203
 0.018172 0.000004 0.004041 0.000246 0.000166 0.030926 0.000004 0.000004 0.000166 0.002507 0.000004 0.000408 0.006624 0.917571 0.000004 0.011790 0.002184 0.000973 0.000004 0.004203
 0.018172 0.000004 0.004041 0.000246 0.000166 0.940017 0.000004 0.000004 0.000166 0.002507 0.000004 0.000408 0.006624 0.008481 0.000004 0.011790 0.002184 0.000973 0.000004 0.004203
 0.018172 0.000004 0.004041 0.000246 0.000166 0.030926 0.000004 0.000004 0.000166 0.002507 0.000004 0.000408 0.006624 0.917571 0.000004 0.011790 0.002184 0.000973 0.000004 0.004203

MOTIF 5-GYG STREME-5
letter-probability matrix: alength= 20 w= 3 nsites= 4 E= 3.0e+000
 0.018172 0.000004 0.004041 0.000246 0.000166 0.940017 0.000004 0.000004 0.000166 0.002507 0.000004 0.000408 0.006624 0.008481 0.000004 0.011790 0.002184 0.000973 0.000004 0.004203
 0.018172 0.000004 0.004041 0.000246 0.000166 0.030926 0.000004 0.000004 0.000166 0.002507 0.000004 0.000408 0.006624 0.008481 0.000004 0.011790 0.002184 0.000973 0.000004 0.913293
 0.018172 0.000004 0.004041 0.000246 0.000166 0.940017 0.000004 0.000004 0.000166 0.002507 0.000004 0.000408 0.006624 0.008481 0.000004 0.011790 0.002184 0.000973 0.000004 0.004203

MOTIF 6-DYSGP STREME-6
letter-probability matrix: alength= 20 w= 5 nsites= 4 E= 6.0e+000
 0.018172 0.000004 0.913132 0.000246 0.000166 0.030926 0.000004 0.000004 0.000166 0.002507 0.000004 0.000408 0.006624 0.008481 0.000004 0.011790 0.002184 0.000973 0.000004 0.004203
 0.018172 0.000004 0.004041 0.000246 0.000166 0.030926 0.000004 0.000004 0.000166 0.002507 0.000004 0.000408 0.006624 0.008481 0.000004 0.011790 0.002184 0.000973 0.000004 0.913293
 0.018172 0.000004 0.004041 0.000246 0.000166 0.030926 0.000004 0.000004 0.000166 0.002507 0.000004 0.000408 0.006624 0.008481 0.000004 0.920881 0.002184 0.000973 0.000004 0.004203
 0.018172 0.000004 0.004041 0.000246 0.000166 0.940017 0.000004 0.000004 0.000166 0.002507 0.000004 0.000408 0.006624 0.008481 0.000004 0.011790 0.002184 0.000973 0.000004 0.004203
 0.018172 0.000004 0.004041 0.000246 0.000166 0.030926 0.000004 0.000004 0.000166 0.002507 0.000004 0.000408 0.915715 0.008481 0.000004 0.011790 0.002184 0.000973 0.000004 0.004203

********************************************************************************
Stopped because 3 consecutive motifs exceeded the p-value threshold (0.05).
********************************************************************************
COMMAND:	streme --protein --p ./Data/v1_cluster_windows_15mers/cluster_13957.fasta --minw 3 --maxw 15 --thresh 0.05 --oc ./Results/v1_Top500_Run_20250504_162200/streme_out_cluster_13957
********************************************************************************
CPU:		Hirokis-MacBook-Air.local
********************************************************************************
FINALTIME:	0.23 seconds
********************************************************************************
