********************************************************************************
STREME - Sensitive, Thorough, Rapid, Enriched Motif Elicitation
********************************************************************************
MEME version 5.5.7 (Release date: Wed Jun 19 13:59:04 2024 -0700)

For further information on how to interpret these results please access https://meme-suite.org/meme.
To get a copy of the MEME Suite software please access https://meme-suite.org.

********************************************************************************


********************************************************************************
REFERENCE
********************************************************************************
If you use this program in your research, please cite:

Timothy L. Bailey,
"STREME: accurate and versatile sequence motif discovery",
Bioinformatics, Mar. 24, 2021.
********************************************************************************


ALPHABET= ACDEFGHIKLMNPQRSTVWY

strands: +

Background letter frequencies
A 0.228 C 4.14e-05 D 0.00835 E 0.00346 F 0.00279 G 0.369 H 4.82e-05 I 0.00736 K 0.000479 L 0.0107 M 0.000527 N 0.00556 P 0.0649 Q 0.0584 R 0.00681 S 0.172 T 0.0117 V 0.00891 W 3.46e-05 Y 0.041 

MOTIF 1-YGPGS STREME-1
letter-probability matrix: alength= 20 w= 5 nsites= 4804 E= 1.3e-098
 0.000010 0.000000 0.000317 0.000000 0.013123 0.003220 0.000000 0.000000 0.000000 0.000000 0.000000 0.001265 0.000003 0.197157 0.000132 0.277693 0.002104 0.000000 0.000000 0.504975
 0.000010 0.000000 0.000000 0.000000 0.000000 0.999971 0.000000 0.000000 0.000000 0.000000 0.000000 0.000000 0.000003 0.000003 0.000000 0.000008 0.000001 0.000000 0.000000 0.000002
 0.086316 0.000000 0.009950 0.000000 0.000000 0.000017 0.000000 0.000000 0.000000 0.006179 0.000000 0.003334 0.673060 0.057958 0.008011 0.133421 0.004826 0.007274 0.000000 0.009654
 0.004975 0.000000 0.000000 0.003795 0.000000 0.874051 0.000000 0.001265 0.000949 0.002485 0.000000 0.011723 0.000003 0.002935 0.004397 0.084844 0.007311 0.001265 0.000000 0.000002
 0.096637 0.000000 0.009586 0.003108 0.000000 0.273355 0.000000 0.002530 0.000316 0.000000 0.000000 0.003760 0.001036 0.071172 0.012312 0.515967 0.007805 0.002414 0.000000 0.000002

MOTIF 2-AAAAAA STREME-2
letter-probability matrix: alength= 20 w= 6 nsites= 2780 E= 1.9e-051
 0.773581 0.000000 0.010501 0.000000 0.001105 0.000029 0.000000 0.000001 0.000000 0.000001 0.000000 0.001657 0.000005 0.000005 0.000001 0.195739 0.016541 0.000831 0.000000 0.000003
 0.528663 0.000000 0.000001 0.000000 0.000000 0.000029 0.000000 0.000001 0.000000 0.000001 0.000000 0.000000 0.000005 0.000005 0.000001 0.469632 0.001658 0.000001 0.000000 0.000003
 0.977205 0.000000 0.000001 0.000000 0.000000 0.000029 0.000000 0.000001 0.000000 0.000001 0.000000 0.000000 0.000005 0.000005 0.000001 0.000014 0.000001 0.022734 0.000000 0.000003
 0.978104 0.000000 0.000001 0.000000 0.000000 0.000029 0.000000 0.000001 0.000000 0.000001 0.000000 0.000000 0.000005 0.000005 0.000001 0.000014 0.016637 0.005199 0.000000 0.000003
 0.877940 0.000000 0.000001 0.000000 0.000000 0.000029 0.000000 0.000001 0.000000 0.000001 0.000000 0.000000 0.000005 0.000005 0.000001 0.070122 0.051892 0.000001 0.000000 0.000003
 0.861860 0.000000 0.000553 0.000000 0.000000 0.000029 0.000000 0.000001 0.000000 0.000001 0.000000 0.000000 0.000005 0.000005 0.000001 0.101631 0.013180 0.022731 0.000000 0.000003

MOTIF 3-GAGAGAGSGAGAGAG STREME-3
letter-probability matrix: alength= 20 w= 15 nsites= 977 E= 9.7e-022
 0.073011 0.000000 0.002212 0.002212 0.000000 0.915870 0.000000 0.000001 0.000000 0.000002 0.000000 0.000001 0.000010 0.000009 0.001107 0.005555 0.000002 0.000001 0.000000 0.000007
 0.443433 0.000000 0.000001 0.000001 0.003317 0.008903 0.000000 0.002212 0.000000 0.009952 0.000000 0.000001 0.001116 0.021014 0.005529 0.408321 0.009952 0.006635 0.000000 0.079615
 0.057532 0.001106 0.002212 0.000001 0.000000 0.900393 0.000000 0.000001 0.000000 0.000002 0.000000 0.000001 0.000010 0.000009 0.006634 0.027667 0.003318 0.001107 0.000000 0.000007
 0.769890 0.000000 0.001107 0.000001 0.000000 0.044283 0.000000 0.001107 0.000000 0.005530 0.000000 0.000001 0.000010 0.000009 0.000001 0.143780 0.019902 0.014373 0.000000 0.000007
 0.082958 0.000000 0.000001 0.000001 0.001106 0.900394 0.000000 0.000001 0.000000 0.000002 0.000000 0.000001 0.000010 0.000009 0.001107 0.014399 0.000002 0.000001 0.000000 0.000007
 0.796420 0.000000 0.000001 0.000001 0.004423 0.001164 0.000000 0.001107 0.000000 0.002213 0.000000 0.000001 0.000010 0.005537 0.004423 0.123884 0.005529 0.040908 0.000000 0.014378
 0.120548 0.000000 0.001107 0.000001 0.000000 0.827423 0.000000 0.000001 0.000000 0.000002 0.000000 0.000001 0.000010 0.000009 0.001107 0.045359 0.000002 0.004424 0.000000 0.000007
 0.002247 0.000000 0.000001 0.000001 0.002212 0.003375 0.000000 0.000001 0.000000 0.001107 0.000000 0.000001 0.000010 0.000009 0.001107 0.988813 0.000002 0.000001 0.000000 0.001112
 0.155927 0.000000 0.000001 0.000001 0.000000 0.819688 0.000000 0.000001 0.000000 0.000002 0.000000 0.000001 0.000010 0.000009 0.007740 0.003344 0.002213 0.005529 0.000000 0.005534
 0.767663 0.000000 0.001107 0.000001 0.000000 0.010009 0.000000 0.001107 0.000000 0.007740 0.000000 0.003317 0.000010 0.000009 0.000001 0.139376 0.025429 0.013268 0.000000 0.030962
 0.059739 0.000000 0.000001 0.000001 0.000000 0.921401 0.000000 0.000001 0.000000 0.000002 0.000000 0.000001 0.000010 0.000009 0.002212 0.012190 0.000002 0.004424 0.000000 0.000007
 0.657125 0.000000 0.002212 0.001106 0.003317 0.060873 0.000000 0.000001 0.000000 0.014374 0.000000 0.000001 0.000010 0.022120 0.000001 0.134926 0.007741 0.005529 0.000000 0.090662
 0.056421 0.000000 0.004423 0.000001 0.000000 0.899288 0.000000 0.000001 0.000000 0.000002 0.000000 0.013273 0.000010 0.000009 0.002212 0.018822 0.001107 0.004423 0.000000 0.000007
 0.362728 0.000000 0.000001 0.000001 0.000000 0.066391 0.000000 0.001107 0.002211 0.000002 0.008845 0.007739 0.002221 0.064141 0.015479 0.327607 0.033169 0.017690 0.001106 0.089563
 0.046471 0.000000 0.001107 0.001106 0.000000 0.913666 0.000000 0.000001 0.000000 0.000002 0.000000 0.006634 0.000010 0.000009 0.006634 0.002239 0.003318 0.005529 0.000000 0.013273

MOTIF 4-YGP STREME-4
letter-probability matrix: alength= 20 w= 3 nsites= 545 E= 9.8e-008
 0.020728 0.000004 0.000759 0.000314 0.000253 0.033511 0.000004 0.000669 0.000044 0.000971 0.000048 0.000506 0.005898 0.005313 0.000619 0.015673 0.001059 0.000810 0.000003 0.912814
 0.020728 0.000004 0.000759 0.000314 0.000253 0.942602 0.000004 0.000669 0.000044 0.000971 0.000048 0.000506 0.005898 0.005313 0.000619 0.015673 0.001059 0.000810 0.000003 0.003723
 0.020728 0.000004 0.000759 0.000314 0.000253 0.033511 0.000004 0.000669 0.000044 0.000971 0.000048 0.000506 0.914988 0.005313 0.000619 0.015673 0.001059 0.000810 0.000003 0.003723

MOTIF 5-SSSAIAI STREME-5
letter-probability matrix: alength= 20 w= 7 nsites= 276 E= 2.2e-007
 0.004115 0.000000 0.000005 0.000002 0.000002 0.000212 0.000000 0.000004 0.000000 0.000006 0.000000 0.000003 0.000037 0.000034 0.000004 0.995540 0.000007 0.000005 0.000000 0.000024
 0.000131 0.000000 0.000005 0.000002 0.000002 0.000212 0.000000 0.000004 0.000000 0.000006 0.000000 0.000003 0.000037 0.000034 0.000004 0.999524 0.000007 0.000005 0.000000 0.000024
 0.000131 0.000000 0.000005 0.000002 0.000002 0.000212 0.000000 0.000004 0.000000 0.000006 0.000000 0.000003 0.023947 0.000034 0.000004 0.975615 0.000007 0.000005 0.000000 0.000024
 0.639867 0.000000 0.000005 0.000002 0.000002 0.000212 0.000000 0.000004 0.000000 0.000006 0.000000 0.000003 0.000037 0.000034 0.000004 0.315955 0.043840 0.000005 0.000000 0.000024
 0.000131 0.000000 0.000005 0.000002 0.000002 0.000212 0.000000 0.839019 0.000000 0.000006 0.000000 0.000003 0.000037 0.000034 0.000004 0.160509 0.000007 0.000005 0.000000 0.000024
 0.636709 0.000000 0.039861 0.000002 0.000002 0.000212 0.000000 0.000004 0.000000 0.000006 0.000000 0.000003 0.000037 0.000034 0.000004 0.323090 0.000007 0.000005 0.000000 0.000024
 0.000131 0.000000 0.000005 0.000002 0.039849 0.000212 0.000000 0.931686 0.000000 0.019930 0.000000 0.000003 0.000037 0.000034 0.000004 0.000099 0.000007 0.007976 0.000000 0.000024

MOTIF 6-QGP STREME-6
letter-probability matrix: alength= 20 w= 3 nsites= 494 E= 4.9e-005
 0.020728 0.000004 0.000759 0.000314 0.000253 0.033511 0.000004 0.000669 0.000044 0.000971 0.000048 0.000506 0.005898 0.914404 0.000619 0.015673 0.001059 0.000810 0.000003 0.003723
 0.020728 0.000004 0.000759 0.000314 0.000253 0.942602 0.000004 0.000669 0.000044 0.000971 0.000048 0.000506 0.005898 0.005313 0.000619 0.015673 0.001059 0.000810 0.000003 0.003723
 0.020728 0.000004 0.000759 0.000314 0.000253 0.033511 0.000004 0.000669 0.000044 0.000971 0.000048 0.000506 0.914988 0.005313 0.000619 0.015673 0.001059 0.000810 0.000003 0.003723

MOTIF 7-GLGSQGA STREME-7
letter-probability matrix: alength= 20 w= 7 nsites= 194 E= 2.5e-004
 0.000195 0.000000 0.000007 0.000003 0.000002 0.963894 0.000000 0.000006 0.000000 0.000009 0.000000 0.000005 0.000055 0.000050 0.035572 0.000147 0.000010 0.000008 0.000000 0.000035
 0.000195 0.000000 0.000007 0.000003 0.000002 0.000315 0.000000 0.000006 0.000000 0.917397 0.017783 0.000005 0.000055 0.047481 0.000006 0.000147 0.000010 0.000008 0.000000 0.016578
 0.000195 0.000000 0.005934 0.000003 0.000002 0.981679 0.000000 0.000006 0.000000 0.000009 0.000000 0.000005 0.000055 0.000050 0.005933 0.000147 0.000010 0.005935 0.000000 0.000035
 0.000195 0.000000 0.000007 0.000003 0.000002 0.351138 0.000000 0.000006 0.000000 0.000009 0.000000 0.000005 0.000055 0.000050 0.000006 0.648470 0.000010 0.000008 0.000000 0.000035
 0.000195 0.000000 0.000007 0.000003 0.000002 0.154579 0.000000 0.000006 0.000000 0.000009 0.000000 0.000005 0.000055 0.844931 0.000006 0.000147 0.000010 0.000008 0.000000 0.000035
 0.000195 0.000000 0.000007 0.000003 0.000002 0.999460 0.000000 0.000006 0.000000 0.000009 0.000000 0.000005 0.000055 0.000050 0.000006 0.000147 0.000010 0.000008 0.000000 0.000035
 0.646062 0.000000 0.000007 0.000003 0.000002 0.229894 0.000000 0.000006 0.000000 0.000009 0.000000 0.000005 0.005983 0.000050 0.000006 0.111992 0.000010 0.005935 0.000000 0.000035

MOTIF 8-GYEEII STREME-8
letter-probability matrix: alength= 20 w= 6 nsites= 117 E= 1.2e-003
 0.020728 0.000004 0.000759 0.000314 0.000253 0.942602 0.000004 0.000669 0.000044 0.000971 0.000048 0.000506 0.005898 0.005313 0.000619 0.015673 0.001059 0.000810 0.000003 0.003723
 0.020728 0.000004 0.000759 0.000314 0.000253 0.033511 0.000004 0.000669 0.000044 0.000971 0.000048 0.000506 0.005898 0.005313 0.000619 0.015673 0.001059 0.000810 0.000003 0.912814
 0.020728 0.000004 0.000759 0.909405 0.000253 0.033511 0.000004 0.000669 0.000044 0.000971 0.000048 0.000506 0.005898 0.005313 0.000619 0.015673 0.001059 0.000810 0.000003 0.003723
 0.020728 0.000004 0.000759 0.909405 0.000253 0.033511 0.000004 0.000669 0.000044 0.000971 0.000048 0.000506 0.005898 0.005313 0.000619 0.015673 0.001059 0.000810 0.000003 0.003723
 0.020728 0.000004 0.000759 0.000314 0.000253 0.033511 0.000004 0.909760 0.000044 0.000971 0.000048 0.000506 0.005898 0.005313 0.000619 0.015673 0.001059 0.000810 0.000003 0.003723
 0.020728 0.000004 0.000759 0.000314 0.000253 0.033511 0.000004 0.909760 0.000044 0.000971 0.000048 0.000506 0.005898 0.005313 0.000619 0.015673 0.001059 0.000810 0.000003 0.003723

MOTIF 9-GAGAAASSAAA STREME-9
letter-probability matrix: alength= 20 w= 11 nsites= 108 E= 1.6e-002
 0.000356 0.000000 0.000013 0.000005 0.000004 0.988187 0.000000 0.000012 0.000001 0.000017 0.000001 0.000009 0.000101 0.000091 0.000011 0.011096 0.000018 0.000014 0.000000 0.000064
 0.923002 0.000000 0.000013 0.000005 0.000004 0.000576 0.000000 0.000012 0.000001 0.000017 0.000001 0.000009 0.000101 0.000091 0.000011 0.076061 0.000018 0.000014 0.000000 0.000064
 0.000356 0.000000 0.000013 0.000005 0.000004 0.999014 0.000000 0.000012 0.000001 0.000017 0.000001 0.000009 0.000101 0.000091 0.000011 0.000269 0.000018 0.000014 0.000000 0.000064
 0.998794 0.000000 0.000013 0.000005 0.000004 0.000576 0.000000 0.000012 0.000001 0.000017 0.000001 0.000009 0.000101 0.000091 0.000011 0.000269 0.000018 0.000014 0.000000 0.000064
 0.912168 0.000000 0.000013 0.000005 0.000004 0.087202 0.000000 0.000012 0.000001 0.000017 0.000001 0.000009 0.000101 0.000091 0.000011 0.000269 0.000018 0.000014 0.000000 0.000064
 0.955483 0.000000 0.000013 0.000005 0.000004 0.000576 0.000000 0.000012 0.000001 0.000017 0.000001 0.000009 0.000101 0.000091 0.000011 0.000269 0.000018 0.043325 0.000000 0.000064
 0.000356 0.000000 0.000013 0.000005 0.000004 0.000576 0.000000 0.000012 0.000001 0.000017 0.000001 0.000009 0.000101 0.000091 0.000011 0.998707 0.000018 0.000014 0.000000 0.000064
 0.249488 0.000000 0.000013 0.000005 0.000004 0.163017 0.000000 0.000012 0.000001 0.000017 0.000001 0.000009 0.000101 0.000091 0.032493 0.554652 0.000018 0.000014 0.000000 0.000064
 0.608869 0.000000 0.000013 0.000005 0.000004 0.390501 0.000000 0.000012 0.000001 0.000017 0.000001 0.000009 0.000101 0.000091 0.000011 0.000269 0.000018 0.000014 0.000000 0.000064
 0.617698 0.000000 0.000013 0.000005 0.000004 0.338361 0.000000 0.000012 0.000001 0.000017 0.000001 0.000009 0.000101 0.000091 0.000011 0.021924 0.000018 0.021669 0.000000 0.000064
 0.359787 0.000000 0.000013 0.000005 0.000004 0.217155 0.000000 0.000012 0.000001 0.000017 0.000001 0.000009 0.000101 0.000091 0.000011 0.346889 0.075826 0.000014 0.000000 0.000064

MOTIF 10-QAGSSGSSAAA STREME-10
letter-probability matrix: alength= 20 w= 11 nsites= 69 E= 3.3e-002
 0.000556 0.000000 0.000020 0.067634 0.000007 0.153087 0.000000 0.000018 0.000001 0.000026 0.000001 0.000014 0.000158 0.744083 0.016921 0.017325 0.000028 0.000022 0.000000 0.000100
 0.795203 0.000000 0.000020 0.000008 0.000007 0.000899 0.000000 0.000018 0.000001 0.000026 0.000001 0.000014 0.000158 0.000143 0.000017 0.000420 0.202943 0.000022 0.000000 0.000100
 0.000556 0.000000 0.000020 0.000008 0.000007 0.998460 0.000000 0.000018 0.000001 0.000026 0.000001 0.000014 0.000158 0.000143 0.000017 0.000420 0.000028 0.000022 0.000000 0.000100
 0.000556 0.000000 0.000020 0.000008 0.118346 0.000899 0.000000 0.000018 0.000001 0.000026 0.000001 0.000014 0.253789 0.000143 0.000017 0.626012 0.000028 0.000022 0.000000 0.000100
 0.017460 0.000000 0.000020 0.000008 0.000007 0.000899 0.000000 0.000018 0.000001 0.000026 0.000001 0.000014 0.000158 0.000143 0.000017 0.964173 0.000028 0.016926 0.000000 0.000100
 0.000556 0.000000 0.000020 0.000008 0.000007 0.998460 0.000000 0.000018 0.000001 0.000026 0.000001 0.000014 0.000158 0.000143 0.000017 0.000420 0.000028 0.000022 0.000000 0.000100
 0.152744 0.000000 0.000020 0.000008 0.000007 0.000899 0.000000 0.000018 0.000001 0.000026 0.000001 0.000014 0.118517 0.000143 0.000017 0.727435 0.000028 0.000022 0.000000 0.000100
 0.000556 0.000000 0.000020 0.000008 0.000007 0.000899 0.000000 0.000018 0.000001 0.000026 0.000001 0.000014 0.050875 0.000143 0.000017 0.947265 0.000028 0.000022 0.000000 0.000100
 0.558522 0.000000 0.000020 0.000008 0.000007 0.000899 0.000000 0.000018 0.000001 0.000026 0.000001 0.000014 0.067783 0.000143 0.000017 0.372390 0.000028 0.000022 0.000000 0.000100
 0.541617 0.000000 0.000020 0.000008 0.000007 0.000899 0.000000 0.000018 0.000001 0.000026 0.000001 0.000014 0.000158 0.000143 0.000017 0.084947 0.270568 0.101457 0.000000 0.000100
 0.440187 0.000000 0.000020 0.000008 0.000007 0.000899 0.000000 0.000018 0.000001 0.000026 0.000001 0.000014 0.000158 0.000143 0.000017 0.203285 0.355094 0.000022 0.000000 0.000100

MOTIF 11-VSSTT STREME-11
letter-probability matrix: alength= 20 w= 5 nsites= 108 E= 3.9e-002
 0.049680 0.000000 0.000012 0.000005 0.000004 0.000525 0.000000 0.000010 0.000001 0.000015 0.000001 0.000008 0.000092 0.000083 0.000010 0.031258 0.375225 0.543013 0.000000 0.000058
 0.000325 0.000000 0.000012 0.000005 0.000004 0.000525 0.000000 0.000010 0.000001 0.000015 0.000001 0.000008 0.000092 0.000083 0.000010 0.564442 0.009886 0.424523 0.000000 0.000058
 0.000325 0.000000 0.000012 0.000005 0.000004 0.000525 0.000000 0.000010 0.000001 0.049370 0.000001 0.000008 0.000092 0.009953 0.000010 0.860626 0.009886 0.069115 0.000000 0.000058
 0.276735 0.000000 0.000012 0.000005 0.000004 0.207921 0.000000 0.000010 0.000001 0.000015 0.000001 0.000008 0.000092 0.197530 0.000010 0.000245 0.317339 0.000013 0.000000 0.000058
 0.010194 0.000000 0.000012 0.000005 0.000004 0.109132 0.000000 0.000010 0.000001 0.000015 0.000001 0.000008 0.000092 0.029694 0.000010 0.029856 0.820895 0.000013 0.000000 0.000058

MOTIF 12-GQGGY STREME-12
letter-probability matrix: alength= 20 w= 5 nsites= 235 E= 4.3e-002
 0.000274 0.000000 0.000010 0.000004 0.000003 0.999242 0.000000 0.000009 0.000001 0.000013 0.000001 0.000007 0.000078 0.000070 0.000008 0.000207 0.000014 0.000011 0.000000 0.000049
 0.000274 0.000000 0.000010 0.000004 0.000003 0.000442 0.000000 0.000009 0.000001 0.000013 0.000001 0.000007 0.000078 0.998870 0.000008 0.000207 0.000014 0.000011 0.000000 0.000049
 0.011416 0.000000 0.000010 0.008324 0.008323 0.346912 0.000000 0.000009 0.000001 0.024974 0.000001 0.000007 0.323119 0.251829 0.003461 0.004902 0.000014 0.016651 0.000000 0.000049
 0.000274 0.000000 0.000010 0.000004 0.000003 0.974281 0.000000 0.000009 0.000001 0.024974 0.000001 0.000007 0.000078 0.000070 0.000008 0.000207 0.000014 0.000011 0.000000 0.000049
 0.000274 0.000000 0.000010 0.000004 0.000003 0.000442 0.000000 0.000009 0.000001 0.000013 0.000001 0.000007 0.000078 0.000070 0.000008 0.000207 0.000014 0.000011 0.000000 0.998849

MOTIF 13-GLGG STREME-13
letter-probability matrix: alength= 20 w= 4 nsites= 194 E= 4.3e-002
 0.020728 0.000004 0.000759 0.000314 0.000253 0.942602 0.000004 0.000669 0.000044 0.000971 0.000048 0.000506 0.005898 0.005313 0.000619 0.015673 0.001059 0.000810 0.000003 0.003723
 0.020728 0.000004 0.000759 0.000314 0.000253 0.033511 0.000004 0.000669 0.000044 0.910062 0.000048 0.000506 0.005898 0.005313 0.000619 0.015673 0.001059 0.000810 0.000003 0.003723
 0.020728 0.000004 0.000759 0.000314 0.000253 0.942602 0.000004 0.000669 0.000044 0.000971 0.000048 0.000506 0.005898 0.005313 0.000619 0.015673 0.001059 0.000810 0.000003 0.003723
 0.020728 0.000004 0.000759 0.000314 0.000253 0.942602 0.000004 0.000669 0.000044 0.000971 0.000048 0.000506 0.005898 0.005313 0.000619 0.015673 0.001059 0.000810 0.000003 0.003723

MOTIF 14-SGPG STREME-14
letter-probability matrix: alength= 20 w= 4 nsites= 232 E= 6.1e-002
 0.020728 0.000004 0.000759 0.000314 0.000253 0.033511 0.000004 0.000669 0.000044 0.000971 0.000048 0.000506 0.005898 0.005313 0.000619 0.924764 0.001059 0.000810 0.000003 0.003723
 0.020728 0.000004 0.000759 0.000314 0.000253 0.942602 0.000004 0.000669 0.000044 0.000971 0.000048 0.000506 0.005898 0.005313 0.000619 0.015673 0.001059 0.000810 0.000003 0.003723
 0.020728 0.000004 0.000759 0.000314 0.000253 0.033511 0.000004 0.000669 0.000044 0.000971 0.000048 0.000506 0.914988 0.005313 0.000619 0.015673 0.001059 0.000810 0.000003 0.003723
 0.020728 0.000004 0.000759 0.000314 0.000253 0.942602 0.000004 0.000669 0.000044 0.000971 0.000048 0.000506 0.005898 0.005313 0.000619 0.015673 0.001059 0.000810 0.000003 0.003723

MOTIF 15-GSGQGGQGG STREME-15
letter-probability matrix: alength= 20 w= 9 nsites= 118 E= 6.7e-002
 0.000385 0.000000 0.000014 0.000006 0.000005 0.998933 0.000000 0.000012 0.000001 0.000018 0.000001 0.000009 0.000110 0.000099 0.000012 0.000291 0.000020 0.000015 0.000000 0.000069
 0.000385 0.000000 0.000014 0.000006 0.000005 0.000623 0.000000 0.000012 0.000001 0.000018 0.000001 0.000009 0.000110 0.000099 0.000012 0.998602 0.000020 0.000015 0.000000 0.000069
 0.000385 0.000000 0.000014 0.000006 0.000005 0.998933 0.000000 0.000012 0.000001 0.000018 0.000001 0.000009 0.000110 0.000099 0.000012 0.000291 0.000020 0.000015 0.000000 0.000069
 0.129273 0.000000 0.000014 0.000006 0.000005 0.000623 0.000000 0.000012 0.000001 0.070306 0.000001 0.000009 0.000110 0.787521 0.011724 0.000291 0.000020 0.000015 0.000000 0.000069
 0.000385 0.000000 0.000014 0.000006 0.000005 0.975508 0.000000 0.000012 0.000001 0.000018 0.000001 0.000009 0.000110 0.023524 0.000012 0.000291 0.000020 0.000015 0.000000 0.000069
 0.000385 0.000000 0.000014 0.000006 0.000005 0.975509 0.000000 0.000012 0.000001 0.000018 0.000001 0.000009 0.000110 0.000099 0.000012 0.000291 0.000020 0.023440 0.000000 0.000069
 0.035525 0.000000 0.000014 0.000006 0.000005 0.000623 0.000000 0.000012 0.000001 0.199147 0.000001 0.128897 0.011822 0.295452 0.128890 0.187789 0.000020 0.011727 0.000000 0.000069
 0.000385 0.000000 0.000014 0.000006 0.000005 0.975509 0.000000 0.011725 0.000001 0.011730 0.000001 0.000009 0.000110 0.000099 0.000012 0.000291 0.000020 0.000015 0.000000 0.000069
 0.223019 0.000000 0.000014 0.011718 0.000005 0.518570 0.000000 0.011725 0.000001 0.000018 0.000001 0.000009 0.000110 0.000099 0.000012 0.000291 0.000020 0.011727 0.000000 0.222662

MOTIF 16-RGP STREME-16
letter-probability matrix: alength= 20 w= 3 nsites= 72 E= 6.7e-002
 0.020728 0.000004 0.000759 0.000314 0.000253 0.033511 0.000004 0.000669 0.000044 0.000971 0.000048 0.000506 0.005898 0.005313 0.909710 0.015673 0.001059 0.000810 0.000003 0.003723
 0.020728 0.000004 0.000759 0.000314 0.000253 0.942602 0.000004 0.000669 0.000044 0.000971 0.000048 0.000506 0.005898 0.005313 0.000619 0.015673 0.001059 0.000810 0.000003 0.003723
 0.020728 0.000004 0.000759 0.000314 0.000253 0.033511 0.000004 0.000669 0.000044 0.000971 0.000048 0.000506 0.914988 0.005313 0.000619 0.015673 0.001059 0.000810 0.000003 0.003723

MOTIF 17-GSGGRGGYG STREME-17
letter-probability matrix: alength= 20 w= 9 nsites= 45 E= 2.7e-001
 0.000925 0.000000 0.000034 0.000014 0.000011 0.997439 0.000000 0.000030 0.000002 0.000043 0.000002 0.000023 0.000263 0.000237 0.000028 0.000699 0.000047 0.000036 0.000000 0.000166
 0.000925 0.000000 0.000034 0.000014 0.000011 0.001495 0.000000 0.000030 0.000002 0.000043 0.000002 0.028140 0.000263 0.000237 0.000028 0.968526 0.000047 0.000036 0.000000 0.000166
 0.000925 0.000000 0.028151 0.000014 0.000011 0.941204 0.000000 0.000030 0.000002 0.000043 0.000002 0.000023 0.000263 0.000237 0.000028 0.028817 0.000047 0.000036 0.000000 0.000166
 0.000925 0.000000 0.000034 0.000014 0.000011 0.997439 0.000000 0.000030 0.000002 0.000043 0.000002 0.000023 0.000263 0.000237 0.000028 0.000699 0.000047 0.000036 0.000000 0.000166
 0.000925 0.000000 0.112510 0.000014 0.000011 0.001495 0.000000 0.000030 0.000002 0.011712 0.000002 0.028140 0.253356 0.000237 0.562499 0.028817 0.000047 0.000036 0.000000 0.000166
 0.000925 0.000000 0.000034 0.000014 0.000011 0.997439 0.000000 0.000030 0.000002 0.000043 0.000002 0.000023 0.000263 0.000237 0.000028 0.000699 0.000047 0.000036 0.000000 0.000166
 0.000925 0.000000 0.000034 0.000014 0.000011 0.884963 0.000000 0.000030 0.000002 0.112519 0.000002 0.000023 0.000263 0.000237 0.000028 0.000699 0.000047 0.000036 0.000000 0.000166
 0.000925 0.000000 0.000034 0.000014 0.000011 0.085854 0.000000 0.000030 0.000002 0.000043 0.000002 0.000023 0.000263 0.000237 0.000028 0.422586 0.000047 0.000036 0.000000 0.489864
 0.000925 0.000000 0.056268 0.000014 0.000011 0.941204 0.000000 0.000030 0.000002 0.000043 0.000002 0.000023 0.000263 0.000237 0.000028 0.000699 0.000047 0.000036 0.000000 0.000166

MOTIF 18-AASVAVS STREME-18
letter-probability matrix: alength= 20 w= 7 nsites= 47 E= 3.7e-001
 0.592124 0.000000 0.000037 0.000016 0.000012 0.063867 0.000000 0.000033 0.000002 0.155599 0.000002 0.000025 0.000291 0.000262 0.000031 0.187422 0.000052 0.000040 0.000000 0.000184
 0.809867 0.000000 0.000037 0.000016 0.000012 0.001654 0.000000 0.000033 0.000002 0.000048 0.000002 0.000025 0.000291 0.000262 0.000031 0.187442 0.000052 0.000040 0.000000 0.000184
 0.001023 0.000000 0.000037 0.000016 0.000012 0.001654 0.000000 0.000033 0.000002 0.000048 0.000002 0.000025 0.000291 0.000262 0.000031 0.996286 0.000052 0.000040 0.000000 0.000184
 0.063236 0.000000 0.000037 0.000016 0.000012 0.063867 0.000000 0.000033 0.000002 0.155599 0.000002 0.000025 0.000291 0.000262 0.000031 0.187442 0.062265 0.466695 0.000000 0.000184
 0.685434 0.000000 0.000037 0.000016 0.000012 0.001654 0.000000 0.000033 0.000002 0.000048 0.000002 0.000025 0.000291 0.000262 0.000031 0.311875 0.000052 0.000040 0.000000 0.000184
 0.001023 0.000000 0.000037 0.000016 0.000012 0.001654 0.000000 0.000033 0.000002 0.000048 0.000002 0.000025 0.000291 0.000262 0.000031 0.000774 0.000052 0.995552 0.000000 0.000184
 0.125459 0.000000 0.000037 0.000016 0.000012 0.001654 0.000000 0.000033 0.000002 0.000048 0.000002 0.000025 0.000291 0.000262 0.000031 0.871851 0.000052 0.000040 0.000000 0.000184

MOTIF 19-GAGSGAG STREME-19
letter-probability matrix: alength= 20 w= 7 nsites= 77 E= 3.7e-001
 0.020728 0.000004 0.000759 0.000314 0.000253 0.942602 0.000004 0.000669 0.000044 0.000971 0.000048 0.000506 0.005898 0.005313 0.000619 0.015673 0.001059 0.000810 0.000003 0.003723
 0.929819 0.000004 0.000759 0.000314 0.000253 0.033511 0.000004 0.000669 0.000044 0.000971 0.000048 0.000506 0.005898 0.005313 0.000619 0.015673 0.001059 0.000810 0.000003 0.003723
 0.020728 0.000004 0.000759 0.000314 0.000253 0.942602 0.000004 0.000669 0.000044 0.000971 0.000048 0.000506 0.005898 0.005313 0.000619 0.015673 0.001059 0.000810 0.000003 0.003723
 0.020728 0.000004 0.000759 0.000314 0.000253 0.033511 0.000004 0.000669 0.000044 0.000971 0.000048 0.000506 0.005898 0.005313 0.000619 0.924764 0.001059 0.000810 0.000003 0.003723
 0.020728 0.000004 0.000759 0.000314 0.000253 0.942602 0.000004 0.000669 0.000044 0.000971 0.000048 0.000506 0.005898 0.005313 0.000619 0.015673 0.001059 0.000810 0.000003 0.003723
 0.929819 0.000004 0.000759 0.000314 0.000253 0.033511 0.000004 0.000669 0.000044 0.000971 0.000048 0.000506 0.005898 0.005313 0.000619 0.015673 0.001059 0.000810 0.000003 0.003723
 0.020728 0.000004 0.000759 0.000314 0.000253 0.942602 0.000004 0.000669 0.000044 0.000971 0.000048 0.000506 0.005898 0.005313 0.000619 0.015673 0.001059 0.000810 0.000003 0.003723

MOTIF 20-ADSQG STREME-20
letter-probability matrix: alength= 20 w= 5 nsites= 91 E= 3.9e-001
 0.799662 0.000000 0.000016 0.000007 0.000005 0.159806 0.000000 0.000014 0.000001 0.000020 0.000001 0.000011 0.000124 0.000112 0.000013 0.040090 0.000022 0.000017 0.000000 0.000078
 0.000436 0.000000 0.998104 0.000007 0.000005 0.000705 0.000000 0.000014 0.000001 0.000020 0.000001 0.000011 0.000124 0.000112 0.000013 0.000330 0.000022 0.000017 0.000000 0.000078
 0.000436 0.000000 0.000016 0.000007 0.053022 0.000705 0.000000 0.000014 0.000001 0.000020 0.000001 0.000011 0.000124 0.000112 0.000013 0.918895 0.000022 0.000017 0.000000 0.026584
 0.000436 0.000000 0.000016 0.000007 0.000005 0.000705 0.000000 0.000014 0.000001 0.000020 0.000001 0.000011 0.000124 0.998200 0.000013 0.000330 0.000022 0.000017 0.000000 0.000078
 0.000436 0.000000 0.000016 0.000007 0.000005 0.932520 0.000000 0.000014 0.000001 0.000020 0.000001 0.000011 0.000124 0.000112 0.066286 0.000330 0.000022 0.000017 0.000000 0.000078

MOTIF 21-GYGQ STREME-21
letter-probability matrix: alength= 20 w= 4 nsites= 127 E= 4.5e-001
 0.020728 0.000004 0.000759 0.000314 0.000253 0.942602 0.000004 0.000669 0.000044 0.000971 0.000048 0.000506 0.005898 0.005313 0.000619 0.015673 0.001059 0.000810 0.000003 0.003723
 0.020728 0.000004 0.000759 0.000314 0.000253 0.033511 0.000004 0.000669 0.000044 0.000971 0.000048 0.000506 0.005898 0.005313 0.000619 0.015673 0.001059 0.000810 0.000003 0.912814
 0.020728 0.000004 0.000759 0.000314 0.000253 0.942602 0.000004 0.000669 0.000044 0.000971 0.000048 0.000506 0.005898 0.005313 0.000619 0.015673 0.001059 0.000810 0.000003 0.003723
 0.020728 0.000004 0.000759 0.000314 0.000253 0.033511 0.000004 0.000669 0.000044 0.000971 0.000048 0.000506 0.005898 0.914404 0.000619 0.015673 0.001059 0.000810 0.000003 0.003723

MOTIF 22-SGDD STREME-22
letter-probability matrix: alength= 20 w= 4 nsites= 38 E= 5.4e-001
 0.020728 0.000004 0.000759 0.000314 0.000253 0.033511 0.000004 0.000669 0.000044 0.000971 0.000048 0.000506 0.005898 0.005313 0.000619 0.924764 0.001059 0.000810 0.000003 0.003723
 0.020728 0.000004 0.000759 0.000314 0.000253 0.942602 0.000004 0.000669 0.000044 0.000971 0.000048 0.000506 0.005898 0.005313 0.000619 0.015673 0.001059 0.000810 0.000003 0.003723
 0.020728 0.000004 0.909850 0.000314 0.000253 0.033511 0.000004 0.000669 0.000044 0.000971 0.000048 0.000506 0.005898 0.005313 0.000619 0.015673 0.001059 0.000810 0.000003 0.003723
 0.020728 0.000004 0.909850 0.000314 0.000253 0.033511 0.000004 0.000669 0.000044 0.000971 0.000048 0.000506 0.005898 0.005313 0.000619 0.015673 0.001059 0.000810 0.000003 0.003723

MOTIF 23-LLSS STREME-23
letter-probability matrix: alength= 20 w= 4 nsites= 34 E= 5.4e-001
 0.020728 0.000004 0.000759 0.000314 0.000253 0.033511 0.000004 0.000669 0.000044 0.910062 0.000048 0.000506 0.005898 0.005313 0.000619 0.015673 0.001059 0.000810 0.000003 0.003723
 0.020728 0.000004 0.000759 0.000314 0.000253 0.033511 0.000004 0.000669 0.000044 0.910062 0.000048 0.000506 0.005898 0.005313 0.000619 0.015673 0.001059 0.000810 0.000003 0.003723
 0.020728 0.000004 0.000759 0.000314 0.000253 0.033511 0.000004 0.000669 0.000044 0.000971 0.000048 0.000506 0.005898 0.005313 0.000619 0.924764 0.001059 0.000810 0.000003 0.003723
 0.020728 0.000004 0.000759 0.000314 0.000253 0.033511 0.000004 0.000669 0.000044 0.000971 0.000048 0.000506 0.005898 0.005313 0.000619 0.924764 0.001059 0.000810 0.000003 0.003723

MOTIF 24-GAGAGSG STREME-24
letter-probability matrix: alength= 20 w= 7 nsites= 63 E= 6.8e-001
 0.020728 0.000004 0.000759 0.000314 0.000253 0.942602 0.000004 0.000669 0.000044 0.000971 0.000048 0.000506 0.005898 0.005313 0.000619 0.015673 0.001059 0.000810 0.000003 0.003723
 0.929819 0.000004 0.000759 0.000314 0.000253 0.033511 0.000004 0.000669 0.000044 0.000971 0.000048 0.000506 0.005898 0.005313 0.000619 0.015673 0.001059 0.000810 0.000003 0.003723
 0.020728 0.000004 0.000759 0.000314 0.000253 0.942602 0.000004 0.000669 0.000044 0.000971 0.000048 0.000506 0.005898 0.005313 0.000619 0.015673 0.001059 0.000810 0.000003 0.003723
 0.929819 0.000004 0.000759 0.000314 0.000253 0.033511 0.000004 0.000669 0.000044 0.000971 0.000048 0.000506 0.005898 0.005313 0.000619 0.015673 0.001059 0.000810 0.000003 0.003723
 0.020728 0.000004 0.000759 0.000314 0.000253 0.942602 0.000004 0.000669 0.000044 0.000971 0.000048 0.000506 0.005898 0.005313 0.000619 0.015673 0.001059 0.000810 0.000003 0.003723
 0.020728 0.000004 0.000759 0.000314 0.000253 0.033511 0.000004 0.000669 0.000044 0.000971 0.000048 0.000506 0.005898 0.005313 0.000619 0.924764 0.001059 0.000810 0.000003 0.003723
 0.020728 0.000004 0.000759 0.000314 0.000253 0.942602 0.000004 0.000669 0.000044 0.000971 0.000048 0.000506 0.005898 0.005313 0.000619 0.015673 0.001059 0.000810 0.000003 0.003723

MOTIF 25-SDGYGG STREME-25
letter-probability matrix: alength= 20 w= 6 nsites= 54 E= 1.1e+000
 0.000819 0.000000 0.000030 0.000012 0.000010 0.150721 0.000000 0.000026 0.000002 0.000038 0.000002 0.000020 0.000233 0.000210 0.000024 0.847630 0.000042 0.000032 0.000000 0.000147
 0.000819 0.000000 0.996438 0.000012 0.000010 0.001324 0.000000 0.000026 0.000002 0.000038 0.000002 0.000020 0.000233 0.000210 0.000024 0.000619 0.000042 0.000032 0.000000 0.000147
 0.000819 0.000000 0.000030 0.000012 0.000010 0.873240 0.000000 0.000026 0.000002 0.000038 0.000002 0.000020 0.000233 0.124703 0.000024 0.000619 0.000042 0.000032 0.000000 0.000147
 0.000819 0.000000 0.000030 0.000012 0.000010 0.125817 0.000000 0.000026 0.000002 0.000038 0.000002 0.000020 0.000233 0.000210 0.000024 0.150017 0.000042 0.000032 0.000000 0.722665
 0.000819 0.000000 0.000030 0.000012 0.000010 0.997732 0.000000 0.000026 0.000002 0.000038 0.000002 0.000020 0.000233 0.000210 0.000024 0.000619 0.000042 0.000032 0.000000 0.000147
 0.000819 0.000000 0.000030 0.000012 0.000010 0.599357 0.000000 0.000026 0.000002 0.000038 0.000002 0.000020 0.000233 0.000210 0.373505 0.000619 0.000042 0.024926 0.000000 0.000147

MOTIF 26-GSGAGSAAA STREME-26
letter-probability matrix: alength= 20 w= 9 nsites= 39 E= 1.1e+000
 0.001039 0.000000 0.000038 0.000016 0.000013 0.997123 0.000000 0.000034 0.000002 0.000049 0.000002 0.000025 0.000296 0.000266 0.000031 0.000786 0.000053 0.000041 0.000000 0.000187
 0.001039 0.000000 0.000038 0.000016 0.000013 0.001680 0.000000 0.000034 0.000002 0.000049 0.000002 0.000025 0.000296 0.000266 0.000031 0.996229 0.000053 0.000041 0.000000 0.000187
 0.001039 0.000000 0.000038 0.000016 0.000013 0.997123 0.000000 0.000034 0.000002 0.000049 0.000002 0.000025 0.000296 0.000266 0.000031 0.000786 0.000053 0.000041 0.000000 0.000187
 0.964901 0.000000 0.000038 0.000016 0.000013 0.001680 0.000000 0.000034 0.000002 0.000049 0.000002 0.000025 0.000296 0.000266 0.000031 0.000786 0.000053 0.000041 0.000000 0.031768
 0.348577 0.000000 0.000038 0.000016 0.000013 0.586420 0.000000 0.000034 0.000002 0.000049 0.000002 0.000025 0.000296 0.000266 0.000031 0.063951 0.000053 0.000041 0.000000 0.000187
 0.001039 0.000000 0.000038 0.000016 0.000013 0.001680 0.000000 0.000034 0.000002 0.000049 0.000002 0.000025 0.000296 0.000266 0.000031 0.996229 0.000053 0.000041 0.000000 0.000187
 0.775358 0.000000 0.000038 0.000016 0.000013 0.222804 0.000000 0.000034 0.000002 0.000049 0.000002 0.000025 0.000296 0.000266 0.000031 0.000786 0.000053 0.000041 0.000000 0.000187
 0.996483 0.000000 0.000038 0.000016 0.000013 0.001680 0.000000 0.000034 0.000002 0.000049 0.000002 0.000025 0.000296 0.000266 0.000031 0.000786 0.000053 0.000041 0.000000 0.000187
 0.983376 0.000000 0.000038 0.000016 0.000013 0.014786 0.000000 0.000034 0.000002 0.000049 0.000002 0.000025 0.000296 0.000266 0.000031 0.000786 0.000053 0.000041 0.000000 0.000187

MOTIF 27-GSGAGASAGA STREME-27
letter-probability matrix: alength= 20 w= 10 nsites= 31 E= 1.1e+000
 0.001362 0.000000 0.000050 0.000021 0.000017 0.996228 0.000000 0.000044 0.000003 0.000064 0.000003 0.000033 0.000388 0.000349 0.000041 0.001030 0.000070 0.000053 0.000000 0.000245
 0.001362 0.000000 0.000050 0.000021 0.000017 0.002202 0.000000 0.000044 0.000003 0.000064 0.000003 0.000033 0.000388 0.000349 0.000041 0.622331 0.372794 0.000053 0.000000 0.000245
 0.001362 0.000000 0.000050 0.000021 0.000017 0.789138 0.000000 0.000044 0.000003 0.000064 0.000003 0.000033 0.000388 0.000349 0.000041 0.208120 0.000070 0.000053 0.000000 0.000245
 0.995388 0.000000 0.000050 0.000021 0.000017 0.002202 0.000000 0.000044 0.000003 0.000064 0.000003 0.000033 0.000388 0.000349 0.000041 0.001030 0.000070 0.000053 0.000000 0.000245
 0.001362 0.000000 0.000050 0.000021 0.000017 0.996228 0.000000 0.000044 0.000003 0.000064 0.000003 0.000033 0.000388 0.000349 0.000041 0.001030 0.000070 0.000053 0.000000 0.000245
 0.953977 0.000000 0.000050 0.000021 0.000017 0.002202 0.000000 0.000044 0.000003 0.000064 0.000003 0.000033 0.000388 0.000349 0.000041 0.042441 0.000070 0.000053 0.000000 0.000245
 0.001362 0.000000 0.000050 0.000021 0.000017 0.002202 0.000000 0.000044 0.000003 0.000064 0.000003 0.000033 0.000388 0.000349 0.041452 0.953644 0.000070 0.000053 0.000000 0.000245
 0.871151 0.000000 0.000050 0.000021 0.000017 0.002202 0.000000 0.000044 0.000003 0.000064 0.000003 0.000033 0.000388 0.000349 0.000041 0.125267 0.000070 0.000053 0.000000 0.000245
 0.208425 0.000000 0.000050 0.000021 0.000017 0.789165 0.000000 0.000044 0.000003 0.000064 0.000003 0.000033 0.000388 0.000349 0.000041 0.001030 0.000070 0.000053 0.000000 0.000245
 0.788325 0.000000 0.000050 0.000021 0.000017 0.002202 0.000000 0.000044 0.000003 0.000064 0.000003 0.000033 0.000388 0.000349 0.000041 0.125267 0.082895 0.000053 0.000000 0.000245

MOTIF 28-AAAAAGASG STREME-28
letter-probability matrix: alength= 20 w= 9 nsites= 87 E= 1.2e+000
 0.757000 0.000000 0.000017 0.000007 0.000006 0.057561 0.000000 0.000015 0.000001 0.000022 0.000001 0.000011 0.000133 0.000120 0.000014 0.156569 0.028421 0.000018 0.000000 0.000084
 0.998419 0.000000 0.000017 0.000007 0.000006 0.000755 0.000000 0.000015 0.000001 0.000022 0.000001 0.000011 0.000133 0.000120 0.000014 0.000353 0.000024 0.000018 0.000000 0.000084
 0.927419 0.000000 0.000017 0.000007 0.000006 0.057556 0.000000 0.000015 0.000001 0.000022 0.000001 0.000011 0.000133 0.000120 0.000014 0.000353 0.014222 0.000018 0.000000 0.000084
 0.771135 0.000000 0.000017 0.000007 0.000006 0.000755 0.000000 0.000015 0.000001 0.000022 0.000001 0.000011 0.000133 0.000120 0.000014 0.227637 0.000024 0.000018 0.000000 0.000084
 0.998419 0.000000 0.000017 0.000007 0.000006 0.000755 0.000000 0.000015 0.000001 0.000022 0.000001 0.000011 0.000133 0.000120 0.000014 0.000353 0.000024 0.000018 0.000000 0.000084
 0.000467 0.000000 0.000017 0.000007 0.000006 0.998707 0.000000 0.000015 0.000001 0.000022 0.000001 0.000011 0.000133 0.000120 0.000014 0.000353 0.000024 0.000018 0.000000 0.000084
 0.554434 0.000000 0.000017 0.000007 0.000006 0.444739 0.000000 0.000015 0.000001 0.000022 0.000001 0.000011 0.000133 0.000120 0.000014 0.000353 0.000024 0.000018 0.000000 0.000084
 0.000467 0.000000 0.000017 0.000007 0.000006 0.000755 0.000000 0.000015 0.000001 0.000022 0.000001 0.000011 0.000133 0.000120 0.000014 0.998305 0.000024 0.000018 0.000000 0.000084
 0.000467 0.000000 0.000017 0.000007 0.000006 0.998707 0.000000 0.000015 0.000001 0.000022 0.000001 0.000011 0.000133 0.000120 0.000014 0.000353 0.000024 0.000018 0.000000 0.000084

MOTIF 29-GYGGD STREME-29
letter-probability matrix: alength= 20 w= 5 nsites= 75 E= 1.2e+000
 0.000664 0.000000 0.000024 0.000010 0.000008 0.998162 0.000000 0.000021 0.000001 0.000031 0.000002 0.000016 0.000189 0.000170 0.000020 0.000502 0.000034 0.000026 0.000000 0.000119
 0.040579 0.000000 0.000024 0.000010 0.080738 0.001073 0.000000 0.000021 0.000001 0.000031 0.000002 0.141310 0.000189 0.141464 0.043252 0.135842 0.000034 0.000026 0.000000 0.415404
 0.000664 0.000000 0.000024 0.000010 0.000008 0.998162 0.000000 0.000021 0.000001 0.000031 0.000002 0.000016 0.000189 0.000170 0.000020 0.000502 0.000034 0.000026 0.000000 0.000119
 0.000664 0.000000 0.080754 0.000010 0.000008 0.883567 0.000000 0.000021 0.000001 0.000031 0.000002 0.000016 0.000189 0.000170 0.000020 0.034367 0.000034 0.000026 0.000000 0.000119
 0.000664 0.000000 0.997113 0.000010 0.000008 0.001073 0.000000 0.000021 0.000001 0.000031 0.000002 0.000016 0.000189 0.000170 0.000020 0.000502 0.000034 0.000026 0.000000 0.000119

MOTIF 30-YPGQ STREME-30
letter-probability matrix: alength= 20 w= 4 nsites= 45 E= 1.2e+000
 0.020728 0.000004 0.000759 0.000314 0.000253 0.033511 0.000004 0.000669 0.000044 0.000971 0.000048 0.000506 0.005898 0.005313 0.000619 0.015673 0.001059 0.000810 0.000003 0.912814
 0.020728 0.000004 0.000759 0.000314 0.000253 0.033511 0.000004 0.000669 0.000044 0.000971 0.000048 0.000506 0.914988 0.005313 0.000619 0.015673 0.001059 0.000810 0.000003 0.003723
 0.020728 0.000004 0.000759 0.000314 0.000253 0.942602 0.000004 0.000669 0.000044 0.000971 0.000048 0.000506 0.005898 0.005313 0.000619 0.015673 0.001059 0.000810 0.000003 0.003723
 0.020728 0.000004 0.000759 0.000314 0.000253 0.033511 0.000004 0.000669 0.000044 0.000971 0.000048 0.000506 0.005898 0.914404 0.000619 0.015673 0.001059 0.000810 0.000003 0.003723

MOTIF 31-GPGS STREME-31
letter-probability matrix: alength= 20 w= 4 nsites= 313 E= 1.3e+000
 0.020728 0.000004 0.000759 0.000314 0.000253 0.942602 0.000004 0.000669 0.000044 0.000971 0.000048 0.000506 0.005898 0.005313 0.000619 0.015673 0.001059 0.000810 0.000003 0.003723
 0.020728 0.000004 0.000759 0.000314 0.000253 0.033511 0.000004 0.000669 0.000044 0.000971 0.000048 0.000506 0.914988 0.005313 0.000619 0.015673 0.001059 0.000810 0.000003 0.003723
 0.020728 0.000004 0.000759 0.000314 0.000253 0.942602 0.000004 0.000669 0.000044 0.000971 0.000048 0.000506 0.005898 0.005313 0.000619 0.015673 0.001059 0.000810 0.000003 0.003723
 0.020728 0.000004 0.000759 0.000314 0.000253 0.033511 0.000004 0.000669 0.000044 0.000971 0.000048 0.000506 0.005898 0.005313 0.000619 0.924764 0.001059 0.000810 0.000003 0.003723

MOTIF 32-RDGSG STREME-32
letter-probability matrix: alength= 20 w= 5 nsites= 111 E= 1.6e+000
 0.006860 0.000000 0.030097 0.000005 0.000004 0.035402 0.000000 0.000011 0.000001 0.000015 0.000001 0.000008 0.000094 0.020140 0.547208 0.360065 0.000017 0.000013 0.000000 0.000059
 0.000330 0.000000 0.852805 0.000005 0.000004 0.056034 0.000000 0.000011 0.000001 0.000015 0.000001 0.060185 0.000094 0.000085 0.010037 0.000249 0.000017 0.000013 0.000000 0.020115
 0.000330 0.000000 0.000012 0.000005 0.000004 0.938917 0.000000 0.000011 0.000001 0.000015 0.000001 0.060177 0.000094 0.000085 0.000010 0.000249 0.000017 0.000013 0.000000 0.000059
 0.000330 0.000000 0.000012 0.000005 0.000004 0.000533 0.000000 0.000011 0.000001 0.000015 0.000001 0.000008 0.020149 0.020140 0.000010 0.948664 0.000017 0.000013 0.000000 0.010087
 0.030415 0.000000 0.000012 0.000005 0.000004 0.969002 0.000000 0.000011 0.000001 0.000015 0.000001 0.000008 0.000094 0.000085 0.000010 0.000249 0.000017 0.000013 0.000000 0.000059

MOTIF 33-SSVASVSA STREME-33
letter-probability matrix: alength= 20 w= 8 nsites= 35 E= 2.2e+000
 0.020728 0.000004 0.000759 0.000314 0.000253 0.033511 0.000004 0.000669 0.000044 0.000971 0.000048 0.000506 0.005898 0.005313 0.000619 0.924764 0.001059 0.000810 0.000003 0.003723
 0.020728 0.000004 0.000759 0.000314 0.000253 0.033511 0.000004 0.000669 0.000044 0.000971 0.000048 0.000506 0.005898 0.005313 0.000619 0.924764 0.001059 0.000810 0.000003 0.003723
 0.020728 0.000004 0.000759 0.000314 0.000253 0.033511 0.000004 0.000669 0.000044 0.000971 0.000048 0.000506 0.005898 0.005313 0.000619 0.015673 0.001059 0.909901 0.000003 0.003723
 0.929819 0.000004 0.000759 0.000314 0.000253 0.033511 0.000004 0.000669 0.000044 0.000971 0.000048 0.000506 0.005898 0.005313 0.000619 0.015673 0.001059 0.000810 0.000003 0.003723
 0.020728 0.000004 0.000759 0.000314 0.000253 0.033511 0.000004 0.000669 0.000044 0.000971 0.000048 0.000506 0.005898 0.005313 0.000619 0.924764 0.001059 0.000810 0.000003 0.003723
 0.020728 0.000004 0.000759 0.000314 0.000253 0.033511 0.000004 0.000669 0.000044 0.000971 0.000048 0.000506 0.005898 0.005313 0.000619 0.015673 0.001059 0.909901 0.000003 0.003723
 0.020728 0.000004 0.000759 0.000314 0.000253 0.033511 0.000004 0.000669 0.000044 0.000971 0.000048 0.000506 0.005898 0.005313 0.000619 0.924764 0.001059 0.000810 0.000003 0.003723
 0.929819 0.000004 0.000759 0.000314 0.000253 0.033511 0.000004 0.000669 0.000044 0.000971 0.000048 0.000506 0.005898 0.005313 0.000619 0.015673 0.001059 0.000810 0.000003 0.003723

MOTIF 34-QGSGGSG STREME-34
letter-probability matrix: alength= 20 w= 7 nsites= 33 E= 2.2e+000
 0.020728 0.000004 0.000759 0.000314 0.000253 0.033511 0.000004 0.000669 0.000044 0.000971 0.000048 0.000506 0.005898 0.914404 0.000619 0.015673 0.001059 0.000810 0.000003 0.003723
 0.020728 0.000004 0.000759 0.000314 0.000253 0.942602 0.000004 0.000669 0.000044 0.000971 0.000048 0.000506 0.005898 0.005313 0.000619 0.015673 0.001059 0.000810 0.000003 0.003723
 0.020728 0.000004 0.000759 0.000314 0.000253 0.033511 0.000004 0.000669 0.000044 0.000971 0.000048 0.000506 0.005898 0.005313 0.000619 0.924764 0.001059 0.000810 0.000003 0.003723
 0.020728 0.000004 0.000759 0.000314 0.000253 0.942602 0.000004 0.000669 0.000044 0.000971 0.000048 0.000506 0.005898 0.005313 0.000619 0.015673 0.001059 0.000810 0.000003 0.003723
 0.020728 0.000004 0.000759 0.000314 0.000253 0.942602 0.000004 0.000669 0.000044 0.000971 0.000048 0.000506 0.005898 0.005313 0.000619 0.015673 0.001059 0.000810 0.000003 0.003723
 0.020728 0.000004 0.000759 0.000314 0.000253 0.033511 0.000004 0.000669 0.000044 0.000971 0.000048 0.000506 0.005898 0.005313 0.000619 0.924764 0.001059 0.000810 0.000003 0.003723
 0.020728 0.000004 0.000759 0.000314 0.000253 0.942602 0.000004 0.000669 0.000044 0.000971 0.000048 0.000506 0.005898 0.005313 0.000619 0.015673 0.001059 0.000810 0.000003 0.003723

MOTIF 35-SSGSGGR STREME-35
letter-probability matrix: alength= 20 w= 7 nsites= 28 E= 6.6e+000
 0.020728 0.000004 0.000759 0.000314 0.000253 0.033511 0.000004 0.000669 0.000044 0.000971 0.000048 0.000506 0.005898 0.005313 0.000619 0.924764 0.001059 0.000810 0.000003 0.003723
 0.020728 0.000004 0.000759 0.000314 0.000253 0.033511 0.000004 0.000669 0.000044 0.000971 0.000048 0.000506 0.005898 0.005313 0.000619 0.924764 0.001059 0.000810 0.000003 0.003723
 0.020728 0.000004 0.000759 0.000314 0.000253 0.942602 0.000004 0.000669 0.000044 0.000971 0.000048 0.000506 0.005898 0.005313 0.000619 0.015673 0.001059 0.000810 0.000003 0.003723
 0.020728 0.000004 0.000759 0.000314 0.000253 0.033511 0.000004 0.000669 0.000044 0.000971 0.000048 0.000506 0.005898 0.005313 0.000619 0.924764 0.001059 0.000810 0.000003 0.003723
 0.020728 0.000004 0.000759 0.000314 0.000253 0.942602 0.000004 0.000669 0.000044 0.000971 0.000048 0.000506 0.005898 0.005313 0.000619 0.015673 0.001059 0.000810 0.000003 0.003723
 0.020728 0.000004 0.000759 0.000314 0.000253 0.942602 0.000004 0.000669 0.000044 0.000971 0.000048 0.000506 0.005898 0.005313 0.000619 0.015673 0.001059 0.000810 0.000003 0.003723
 0.020728 0.000004 0.000759 0.000314 0.000253 0.033511 0.000004 0.000669 0.000044 0.000971 0.000048 0.000506 0.005898 0.005313 0.909710 0.015673 0.001059 0.000810 0.000003 0.003723

********************************************************************************
Stopped because 3 consecutive motifs exceeded the p-value threshold (0.05).
********************************************************************************
COMMAND:	streme --protein --p ./Data/v0_cluster_windows_15mers/cluster_13.fasta --minw 3 --maxw 15 --thresh 0.05 --oc ./Results/v0_Parallel_Run_20250503_171149/streme_out_cluster_13
********************************************************************************
CPU:		Hirokis-MacBook-Air.local
********************************************************************************
FINALTIME:	160.34 seconds
********************************************************************************
