********************************************************************************
STREME - Sensitive, Thorough, Rapid, Enriched Motif Elicitation
********************************************************************************
MEME version 5.5.7 (Release date: Wed Jun 19 13:59:04 2024 -0700)

For further information on how to interpret these results please access https://meme-suite.org/meme.
To get a copy of the MEME Suite software please access https://meme-suite.org.

********************************************************************************


********************************************************************************
REFERENCE
********************************************************************************
If you use this program in your research, please cite:

Timothy L. Bailey,
"STREME: accurate and versatile sequence motif discovery",
Bioinformatics, Mar. 24, 2021.
********************************************************************************


ALPHABET= ACDEFGHIKLMNPQRSTVWY

strands: +

Background letter frequencies
A 0.0999 C 0.00175 D 0.0683 E 8.32e-05 F 0.0234 G 0.13 H 8.32e-05 I 0.0267 K 0.0117 L 0.131 M 0.02 N 0.185 P 0.00175 Q 0.118 R 0.0134 S 0.065 T 0.0167 V 0.0483 W 8.32e-05 Y 0.0383 

MOTIF 1-QNVAGQFGLDNSALN STREME-1
letter-probability matrix: alength= 20 w= 15 nsites= 39 S= 3.8e-022
 0.000394 0.000007 0.000269 0.000000 0.000092 0.000512 0.000000 0.112567 0.027388 0.166096 0.000079 0.000729 0.000007 0.608614 0.055239 0.000256 0.000066 0.027532 0.000000 0.000151
 0.000394 0.000007 0.000269 0.000000 0.000092 0.000512 0.000000 0.000105 0.027388 0.000519 0.000079 0.914759 0.000007 0.000466 0.000053 0.054940 0.000066 0.000191 0.000000 0.000151
 0.000394 0.000007 0.000269 0.000000 0.000092 0.000512 0.000000 0.109974 0.000046 0.000519 0.139882 0.000729 0.000007 0.000466 0.000053 0.000256 0.000066 0.746574 0.000000 0.000151
 0.801963 0.000007 0.000269 0.000000 0.000092 0.194999 0.000000 0.000105 0.000046 0.000519 0.000079 0.000729 0.000007 0.000466 0.000053 0.000256 0.000066 0.000191 0.000000 0.000151
 0.000394 0.000007 0.000269 0.000000 0.000092 0.719554 0.000000 0.000105 0.000046 0.000519 0.000079 0.000729 0.000007 0.140269 0.137264 0.000256 0.000066 0.000191 0.000000 0.000151
 0.000394 0.000007 0.000269 0.000000 0.000092 0.000512 0.000000 0.000105 0.000046 0.000519 0.000079 0.000729 0.000007 0.996522 0.000053 0.000256 0.000066 0.000191 0.000000 0.000151
 0.000394 0.000007 0.000269 0.000000 0.385910 0.000512 0.000000 0.055291 0.000046 0.250191 0.000079 0.000729 0.000007 0.000466 0.000053 0.000256 0.000066 0.000191 0.000000 0.305531
 0.000394 0.000007 0.000269 0.000000 0.000092 0.996568 0.000000 0.000105 0.000046 0.000519 0.000079 0.000729 0.000007 0.000466 0.000053 0.000256 0.000066 0.000191 0.000000 0.000151
 0.000394 0.000007 0.000269 0.000000 0.000092 0.000512 0.000000 0.000105 0.000046 0.996574 0.000079 0.000729 0.000007 0.000466 0.000053 0.000256 0.000066 0.000191 0.000000 0.000151
 0.000394 0.000007 0.968983 0.000000 0.000092 0.000512 0.000000 0.000105 0.000046 0.000519 0.000079 0.028071 0.000007 0.000466 0.000053 0.000256 0.000066 0.000191 0.000000 0.000151
 0.027736 0.000007 0.000269 0.000000 0.000092 0.000512 0.000000 0.000105 0.000046 0.000519 0.000079 0.747615 0.000007 0.000466 0.000053 0.027598 0.000066 0.000191 0.000000 0.194638
 0.000394 0.000007 0.054953 0.000000 0.000092 0.000512 0.000000 0.000105 0.000046 0.000519 0.000079 0.305587 0.000007 0.000466 0.000053 0.609429 0.027408 0.000191 0.000000 0.000151
 0.749370 0.000007 0.000269 0.000000 0.000092 0.000512 0.000000 0.000105 0.000046 0.000519 0.000079 0.000729 0.000007 0.000466 0.000053 0.247336 0.000066 0.000191 0.000000 0.000151
 0.000394 0.000007 0.000269 0.000000 0.000092 0.000512 0.000000 0.109974 0.000046 0.526139 0.109948 0.000729 0.000007 0.000466 0.000053 0.000256 0.250763 0.000191 0.000000 0.000151
 0.000394 0.000007 0.000269 0.000000 0.000092 0.000512 0.000000 0.000105 0.082574 0.000519 0.000079 0.886915 0.000007 0.000466 0.000053 0.027598 0.000066 0.000191 0.000000 0.000151

MOTIF 2-GYIQDG STREME-2
letter-probability matrix: alength= 20 w= 6 nsites= 1 S= 5.0e-001
 0.012598 0.000220 0.008611 0.000010 0.002948 0.890298 0.000010 0.003368 0.001479 0.016579 0.002528 0.023299 0.000220 0.014902 0.001688 0.008193 0.002108 0.006095 0.000010 0.004835
 0.012598 0.000220 0.008611 0.000010 0.002948 0.016378 0.000010 0.003368 0.001479 0.016579 0.002528 0.023299 0.000220 0.014902 0.001688 0.008193 0.002108 0.006095 0.000010 0.878755
 0.012598 0.000220 0.008611 0.000010 0.002948 0.016378 0.000010 0.877288 0.001479 0.016579 0.002528 0.023299 0.000220 0.014902 0.001688 0.008193 0.002108 0.006095 0.000010 0.004835
 0.012598 0.000220 0.008611 0.000010 0.002948 0.016378 0.000010 0.003368 0.001479 0.016579 0.002528 0.023299 0.000220 0.888822 0.001688 0.008193 0.002108 0.006095 0.000010 0.004835
 0.012598 0.000220 0.882531 0.000010 0.002948 0.016378 0.000010 0.003368 0.001479 0.016579 0.002528 0.023299 0.000220 0.014902 0.001688 0.008193 0.002108 0.006095 0.000010 0.004835
 0.012598 0.000220 0.008611 0.000010 0.002948 0.890298 0.000010 0.003368 0.001479 0.016579 0.002528 0.023299 0.000220 0.014902 0.001688 0.008193 0.002108 0.006095 0.000010 0.004835

********************************************************************************
Stopped because the next motif had no positive sites with scores > 0.
********************************************************************************
COMMAND:	streme --protein --p ./Data/v1_cluster_windows_15mers/cluster_4.fasta --minw 3 --maxw 15 --thresh 0.05 --oc ./Results/v1_Top500_Run_20250504_162200/streme_out_cluster_4
********************************************************************************
CPU:		Hirokis-MacBook-Air.local
********************************************************************************
FINALTIME:	0.17 seconds
********************************************************************************
