********************************************************************************
STREME - Sensitive, Thorough, Rapid, Enriched Motif Elicitation
********************************************************************************
MEME version 5.5.7 (Release date: Wed Jun 19 13:59:04 2024 -0700)

For further information on how to interpret these results please access https://meme-suite.org/meme.
To get a copy of the MEME Suite software please access https://meme-suite.org.

********************************************************************************


********************************************************************************
REFERENCE
********************************************************************************
If you use this program in your research, please cite:

Timothy L. Bailey,
"STREME: accurate and versatile sequence motif discovery",
Bioinformatics, Mar. 24, 2021.
********************************************************************************


ALPHABET= ACDEFGHIKLMNPQRSTVWY

strands: +

Background letter frequencies
A 0.0483 C 4.83e-05 D 0.00294 E 4.83e-05 F 0.00198 G 0.173 H 4.83e-05 I 0.0589 K 4.83e-05 L 0.0975 M 0.00488 N 0.205 P 0.0522 Q 0.00101 R 0.0116 S 0.21 T 0.0657 V 0.0676 W 4.83e-05 Y 4.83e-05 

MOTIF 1-SNLSNTI STREME-1
letter-probability matrix: alength= 20 w= 7 nsites= 69 E= 4.3e-003
 0.093101 0.000000 0.000006 0.000000 0.000004 0.000379 0.000000 0.000129 0.000000 0.000214 0.000011 0.015647 0.000114 0.000002 0.000026 0.890073 0.000144 0.000148 0.000000 0.000000
 0.000106 0.000000 0.000006 0.000000 0.000004 0.000379 0.000000 0.000129 0.000000 0.000214 0.000011 0.998256 0.000114 0.000002 0.000026 0.000459 0.000144 0.000148 0.000000 0.000000
 0.000106 0.000000 0.000006 0.000000 0.000004 0.000379 0.000000 0.000129 0.000000 0.998021 0.000011 0.000449 0.000114 0.000002 0.000026 0.000459 0.000144 0.000148 0.000000 0.000000
 0.000106 0.000000 0.000006 0.000000 0.000004 0.015577 0.000000 0.000129 0.000000 0.000214 0.000011 0.000449 0.000114 0.000002 0.000026 0.983068 0.000144 0.000148 0.000000 0.000000
 0.000106 0.000000 0.015205 0.000000 0.000004 0.000379 0.000000 0.000129 0.000000 0.000214 0.000011 0.783520 0.000114 0.000002 0.000026 0.199997 0.000144 0.000148 0.000000 0.000000
 0.030503 0.000000 0.000006 0.000000 0.000004 0.000379 0.000000 0.000129 0.000000 0.000214 0.000011 0.000449 0.000114 0.000002 0.000026 0.031032 0.906585 0.030545 0.000000 0.000000
 0.000106 0.000000 0.000006 0.000000 0.000004 0.000379 0.000000 0.713202 0.000000 0.223979 0.060980 0.000449 0.000114 0.000002 0.000026 0.000459 0.000144 0.000148 0.000000 0.000000

MOTIF 2-GPVNV STREME-2
letter-probability matrix: alength= 20 w= 5 nsites= 67 E= 4.3e-003
 0.000115 0.000000 0.000007 0.000000 0.000005 0.998035 0.000000 0.000140 0.000000 0.000232 0.000012 0.000486 0.000124 0.000002 0.000028 0.000498 0.000156 0.000161 0.000000 0.000000
 0.000115 0.000000 0.016469 0.000000 0.000005 0.000410 0.000000 0.000140 0.000000 0.000232 0.000012 0.000486 0.815315 0.000002 0.116614 0.016959 0.033080 0.000161 0.000000 0.000000
 0.116701 0.000000 0.000007 0.000000 0.016466 0.000410 0.000000 0.254199 0.000000 0.166590 0.000012 0.000486 0.016586 0.000002 0.000028 0.000498 0.000156 0.427858 0.000000 0.000000
 0.000115 0.000000 0.000007 0.000000 0.000005 0.000410 0.000000 0.000140 0.000000 0.000232 0.000012 0.981649 0.000124 0.000002 0.000028 0.000498 0.016618 0.000161 0.000000 0.000000
 0.409515 0.000000 0.000007 0.000000 0.000005 0.016872 0.000000 0.000140 0.000000 0.000232 0.000012 0.000486 0.000124 0.000002 0.000028 0.033421 0.000156 0.539000 0.000000 0.000000

MOTIF 3-GAFN STREME-3
letter-probability matrix: alength= 20 w= 4 nsites= 1 E= 4.0e+000
 0.006091 0.000006 0.000371 0.000006 0.000250 0.895707 0.000006 0.007430 0.000006 0.012298 0.000615 0.025809 0.006578 0.000128 0.001466 0.026414 0.008282 0.008526 0.000006 0.000006
 0.880011 0.000006 0.000371 0.000006 0.000250 0.021787 0.000006 0.007430 0.000006 0.012298 0.000615 0.025809 0.006578 0.000128 0.001466 0.026414 0.008282 0.008526 0.000006 0.000006
 0.006091 0.000006 0.000371 0.000006 0.874170 0.021787 0.000006 0.007430 0.000006 0.012298 0.000615 0.025809 0.006578 0.000128 0.001466 0.026414 0.008282 0.008526 0.000006 0.000006
 0.006091 0.000006 0.000371 0.000006 0.000250 0.021787 0.000006 0.007430 0.000006 0.012298 0.000615 0.899729 0.006578 0.000128 0.001466 0.026414 0.008282 0.008526 0.000006 0.000006

MOTIF 4-VNL STREME-4
letter-probability matrix: alength= 20 w= 3 nsites= 1 E= 4.0e+000
 0.006091 0.000006 0.000371 0.000006 0.000250 0.021787 0.000006 0.007430 0.000006 0.012298 0.000615 0.025809 0.006578 0.000128 0.001466 0.026414 0.008282 0.882446 0.000006 0.000006
 0.006091 0.000006 0.000371 0.000006 0.000250 0.021787 0.000006 0.007430 0.000006 0.012298 0.000615 0.899729 0.006578 0.000128 0.001466 0.026414 0.008282 0.008526 0.000006 0.000006
 0.006091 0.000006 0.000371 0.000006 0.000250 0.021787 0.000006 0.007430 0.000006 0.886218 0.000615 0.025809 0.006578 0.000128 0.001466 0.026414 0.008282 0.008526 0.000006 0.000006

********************************************************************************
Stopped because the next motif had no positive sites with scores > 0.
********************************************************************************
COMMAND:	streme --protein --p ./Data/v1_cluster_windows_15mers/cluster_5862.fasta --minw 3 --maxw 15 --thresh 0.05 --oc ./Results/v1_Top500_Run_20250504_162200/streme_out_cluster_5862
********************************************************************************
CPU:		Hirokis-MacBook-Air.local
********************************************************************************
FINALTIME:	0.22 seconds
********************************************************************************
