********************************************************************************
STREME - Sensitive, Thorough, Rapid, Enriched Motif Elicitation
********************************************************************************
MEME version 5.5.7 (Release date: Wed Jun 19 13:59:04 2024 -0700)

For further information on how to interpret these results please access https://meme-suite.org/meme.
To get a copy of the MEME Suite software please access https://meme-suite.org.

********************************************************************************


********************************************************************************
REFERENCE
********************************************************************************
If you use this program in your research, please cite:

Timothy L. Bailey,
"STREME: accurate and versatile sequence motif discovery",
Bioinformatics, Mar. 24, 2021.
********************************************************************************


ALPHABET= ACDEFGHIKLMNPQRSTVWY

strands: +

Background letter frequencies
A 0.341 C 6.79e-05 D 6.79e-05 E 6.79e-05 F 0.00143 G 0.087 H 6.79e-05 I 6.79e-05 K 6.79e-05 L 0.0055 M 6.79e-05 N 0.00278 P 0.148 Q 0.0571 R 0.0435 S 0.178 T 0.00958 V 0.068 W 6.79e-05 Y 0.0571 

MOTIF 1-YGPQRSSAPV STREME-1
letter-probability matrix: alength= 20 w= 10 nsites= 47 S= 5.0e-026
 0.001042 0.000000 0.000000 0.000000 0.000004 0.000266 0.000000 0.000000 0.000000 0.000017 0.000000 0.000009 0.064316 0.000175 0.000133 0.000544 0.000029 0.000208 0.000000 0.933256
 0.001042 0.000000 0.000000 0.000000 0.000004 0.976028 0.000000 0.000000 0.000000 0.000017 0.000000 0.000009 0.000453 0.000175 0.021315 0.000544 0.000029 0.000208 0.000000 0.000175
 0.001042 0.000000 0.000000 0.000000 0.000004 0.000266 0.000000 0.000000 0.000000 0.000017 0.000000 0.000009 0.933534 0.000175 0.000133 0.021726 0.042710 0.000208 0.000000 0.000175
 0.001042 0.000000 0.000000 0.000000 0.000004 0.042947 0.000000 0.000000 0.000000 0.000017 0.000000 0.000009 0.000453 0.911757 0.042814 0.000544 0.000029 0.000208 0.000000 0.000175
 0.001042 0.000000 0.000000 0.000000 0.000004 0.106809 0.000000 0.000000 0.000000 0.000017 0.000000 0.042689 0.000453 0.000175 0.654958 0.151076 0.042393 0.000208 0.000000 0.000175
 0.065548 0.000000 0.000000 0.000000 0.021186 0.042947 0.000000 0.000000 0.000000 0.042698 0.000000 0.000009 0.249023 0.000175 0.000133 0.535188 0.000029 0.042888 0.000000 0.000175
 0.107586 0.000000 0.000000 0.000000 0.000004 0.000266 0.000000 0.000000 0.000000 0.000017 0.000000 0.000009 0.000453 0.000175 0.000133 0.890945 0.000029 0.000208 0.000000 0.000175
 0.997986 0.000000 0.000000 0.000000 0.000004 0.000266 0.000000 0.000000 0.000000 0.000017 0.000000 0.000009 0.000453 0.000175 0.000133 0.000544 0.000029 0.000208 0.000000 0.000175
 0.001042 0.000000 0.000000 0.000000 0.000004 0.000266 0.000000 0.000000 0.000000 0.000017 0.000000 0.000009 0.997397 0.000175 0.000133 0.000544 0.000029 0.000208 0.000000 0.000175
 0.064905 0.000000 0.000000 0.000000 0.000004 0.000266 0.000000 0.000000 0.000000 0.042698 0.000000 0.000009 0.000453 0.000175 0.000133 0.000544 0.000029 0.890608 0.000000 0.000175

MOTIF 2-ASAAA STREME-2
letter-probability matrix: alength= 20 w= 5 nsites= 43 S= 4.5e-020
 0.998392 0.000000 0.000000 0.000000 0.000003 0.000212 0.000000 0.000000 0.000000 0.000013 0.000000 0.000007 0.000362 0.000139 0.000106 0.000435 0.000023 0.000166 0.000000 0.000139
 0.000832 0.000000 0.000000 0.000000 0.000003 0.000212 0.000000 0.000000 0.000000 0.000013 0.000000 0.000007 0.000362 0.000139 0.000106 0.997994 0.000023 0.000166 0.000000 0.000139
 0.998392 0.000000 0.000000 0.000000 0.000003 0.000212 0.000000 0.000000 0.000000 0.000013 0.000000 0.000007 0.000362 0.000139 0.000106 0.000435 0.000023 0.000166 0.000000 0.000139
 0.998392 0.000000 0.000000 0.000000 0.000003 0.000212 0.000000 0.000000 0.000000 0.000013 0.000000 0.000007 0.000362 0.000139 0.000106 0.000435 0.000023 0.000166 0.000000 0.000139
 0.946883 0.000000 0.000000 0.000000 0.000003 0.000212 0.000000 0.000000 0.000000 0.000013 0.000000 0.000007 0.000362 0.000139 0.000106 0.000435 0.000023 0.051675 0.000000 0.000139

MOTIF 3-AAAAAS STREME-3
letter-probability matrix: alength= 20 w= 6 nsites= 2 S= 2.5e-001
 0.940098 0.000006 0.000006 0.000006 0.000130 0.007910 0.000006 0.000006 0.000006 0.000500 0.000006 0.000253 0.013472 0.005193 0.003959 0.016190 0.000871 0.006181 0.000006 0.005193
 0.940098 0.000006 0.000006 0.000006 0.000130 0.007910 0.000006 0.000006 0.000006 0.000500 0.000006 0.000253 0.013472 0.005193 0.003959 0.016190 0.000871 0.006181 0.000006 0.005193
 0.940098 0.000006 0.000006 0.000006 0.000130 0.007910 0.000006 0.000006 0.000006 0.000500 0.000006 0.000253 0.013472 0.005193 0.003959 0.016190 0.000871 0.006181 0.000006 0.005193
 0.940098 0.000006 0.000006 0.000006 0.000130 0.007910 0.000006 0.000006 0.000006 0.000500 0.000006 0.000253 0.013472 0.005193 0.003959 0.016190 0.000871 0.006181 0.000006 0.005193
 0.940098 0.000006 0.000006 0.000006 0.000130 0.007910 0.000006 0.000006 0.000006 0.000500 0.000006 0.000253 0.013472 0.005193 0.003959 0.016190 0.000871 0.006181 0.000006 0.005193
 0.031007 0.000006 0.000006 0.000006 0.000130 0.007910 0.000006 0.000006 0.000006 0.000500 0.000006 0.000253 0.013472 0.005193 0.003959 0.925281 0.000871 0.006181 0.000006 0.005193

MOTIF 4-APVTAAAS STREME-4
letter-probability matrix: alength= 20 w= 8 nsites= 2 S= 2.5e-001
 0.940098 0.000006 0.000006 0.000006 0.000130 0.007910 0.000006 0.000006 0.000006 0.000500 0.000006 0.000253 0.013472 0.005193 0.003959 0.016190 0.000871 0.006181 0.000006 0.005193
 0.031007 0.000006 0.000006 0.000006 0.000130 0.007910 0.000006 0.000006 0.000006 0.000500 0.000006 0.000253 0.922563 0.005193 0.003959 0.016190 0.000871 0.006181 0.000006 0.005193
 0.031007 0.000006 0.000006 0.000006 0.000130 0.007910 0.000006 0.000006 0.000006 0.000500 0.000006 0.000253 0.013472 0.005193 0.003959 0.016190 0.000871 0.915272 0.000006 0.005193
 0.031007 0.000006 0.000006 0.000006 0.000130 0.007910 0.000006 0.000006 0.000006 0.000500 0.000006 0.000253 0.013472 0.005193 0.003959 0.016190 0.909962 0.006181 0.000006 0.005193
 0.940098 0.000006 0.000006 0.000006 0.000130 0.007910 0.000006 0.000006 0.000006 0.000500 0.000006 0.000253 0.013472 0.005193 0.003959 0.016190 0.000871 0.006181 0.000006 0.005193
 0.940098 0.000006 0.000006 0.000006 0.000130 0.007910 0.000006 0.000006 0.000006 0.000500 0.000006 0.000253 0.013472 0.005193 0.003959 0.016190 0.000871 0.006181 0.000006 0.005193
 0.940098 0.000006 0.000006 0.000006 0.000130 0.007910 0.000006 0.000006 0.000006 0.000500 0.000006 0.000253 0.013472 0.005193 0.003959 0.016190 0.000871 0.006181 0.000006 0.005193
 0.031007 0.000006 0.000006 0.000006 0.000130 0.007910 0.000006 0.000006 0.000006 0.000500 0.000006 0.000253 0.013472 0.005193 0.003959 0.925281 0.000871 0.006181 0.000006 0.005193

MOTIF 5-GGSSGVS STREME-5
letter-probability matrix: alength= 20 w= 7 nsites= 1 S= 5.0e-001
 0.043003 0.000009 0.000009 0.000009 0.000180 0.884891 0.000009 0.000009 0.000009 0.000694 0.000009 0.000351 0.018684 0.007202 0.005490 0.022453 0.001208 0.008573 0.000009 0.007202
 0.043003 0.000009 0.000009 0.000009 0.000180 0.884891 0.000009 0.000009 0.000009 0.000694 0.000009 0.000351 0.018684 0.007202 0.005490 0.022453 0.001208 0.008573 0.000009 0.007202
 0.043003 0.000009 0.000009 0.000009 0.000180 0.010971 0.000009 0.000009 0.000009 0.000694 0.000009 0.000351 0.018684 0.007202 0.005490 0.896373 0.001208 0.008573 0.000009 0.007202
 0.043003 0.000009 0.000009 0.000009 0.000180 0.010971 0.000009 0.000009 0.000009 0.000694 0.000009 0.000351 0.018684 0.007202 0.005490 0.896373 0.001208 0.008573 0.000009 0.007202
 0.043003 0.000009 0.000009 0.000009 0.000180 0.884891 0.000009 0.000009 0.000009 0.000694 0.000009 0.000351 0.018684 0.007202 0.005490 0.022453 0.001208 0.008573 0.000009 0.007202
 0.043003 0.000009 0.000009 0.000009 0.000180 0.010971 0.000009 0.000009 0.000009 0.000694 0.000009 0.000351 0.018684 0.007202 0.005490 0.022453 0.001208 0.882493 0.000009 0.007202
 0.043003 0.000009 0.000009 0.000009 0.000180 0.010971 0.000009 0.000009 0.000009 0.000694 0.000009 0.000351 0.018684 0.007202 0.005490 0.896373 0.001208 0.008573 0.000009 0.007202

********************************************************************************
Stopped because maximum number of motifs (5) reached.
********************************************************************************
COMMAND:	streme --protein --p ./Data/v1_cluster_windows_15mers/cluster_3533.fasta --minw 3 --maxw 15 --thresh 0.05 --oc ./Results/v1_Top500_Run_20250504_162200/streme_out_cluster_3533
********************************************************************************
CPU:		Hirokis-MacBook-Air.local
********************************************************************************
FINALTIME:	0.23 seconds
********************************************************************************
