********************************************************************************
STREME - Sensitive, Thorough, Rapid, Enriched Motif Elicitation
********************************************************************************
MEME version 5.5.7 (Release date: Wed Jun 19 13:59:04 2024 -0700)

For further information on how to interpret these results please access https://meme-suite.org/meme.
To get a copy of the MEME Suite software please access https://meme-suite.org.

********************************************************************************


********************************************************************************
REFERENCE
********************************************************************************
If you use this program in your research, please cite:

Timothy L. Bailey,
"STREME: accurate and versatile sequence motif discovery",
Bioinformatics, Mar. 24, 2021.
********************************************************************************


ALPHABET= ACDEFGHIKLMNPQRSTVWY

strands: +

Background letter frequencies
A 0.0833 C 8.32e-05 D 8.32e-05 E 0.00175 F 0.0184 G 0.251 H 8.32e-05 I 0.142 K 8.32e-05 L 0.03 M 0.00674 N 0.0567 P 0.0666 Q 8.32e-05 R 8.32e-05 S 0.206 T 8.32e-05 V 0.137 W 8.32e-05 Y 8.32e-05 

MOTIF 1-IGSLVSGGPGAISSV STREME-1
letter-probability matrix: alength= 20 w= 15 nsites= 40 S= 9.3e-024
 0.007571 0.000008 0.000008 0.000159 0.001672 0.022847 0.000008 0.921955 0.000008 0.002730 0.000613 0.005151 0.006059 0.000008 0.000008 0.018765 0.000008 0.012410 0.000008 0.000008
 0.007571 0.000008 0.000008 0.000159 0.001672 0.931938 0.000008 0.012864 0.000008 0.002730 0.000613 0.005151 0.006059 0.000008 0.000008 0.018765 0.000008 0.012410 0.000008 0.000008
 0.007571 0.000008 0.000008 0.000159 0.001672 0.022847 0.000008 0.012864 0.000008 0.002730 0.000613 0.005151 0.006059 0.000008 0.000008 0.927856 0.000008 0.012410 0.000008 0.000008
 0.007571 0.000008 0.000008 0.000159 0.001672 0.022847 0.000008 0.012864 0.000008 0.911821 0.000613 0.005151 0.006059 0.000008 0.000008 0.018765 0.000008 0.012410 0.000008 0.000008
 0.007571 0.000008 0.000008 0.000159 0.001672 0.022847 0.000008 0.012864 0.000008 0.002730 0.000613 0.005151 0.006059 0.000008 0.000008 0.018765 0.000008 0.921501 0.000008 0.000008
 0.007571 0.000008 0.000008 0.000159 0.001672 0.022847 0.000008 0.012864 0.000008 0.002730 0.000613 0.005151 0.006059 0.000008 0.000008 0.927856 0.000008 0.012410 0.000008 0.000008
 0.007571 0.000008 0.000008 0.000159 0.001672 0.931938 0.000008 0.012864 0.000008 0.002730 0.000613 0.005151 0.006059 0.000008 0.000008 0.018765 0.000008 0.012410 0.000008 0.000008
 0.007571 0.000008 0.000008 0.000159 0.001672 0.931938 0.000008 0.012864 0.000008 0.002730 0.000613 0.005151 0.006059 0.000008 0.000008 0.018765 0.000008 0.012410 0.000008 0.000008
 0.007571 0.000008 0.000008 0.000159 0.001672 0.022847 0.000008 0.012864 0.000008 0.002730 0.000613 0.005151 0.915149 0.000008 0.000008 0.018765 0.000008 0.012410 0.000008 0.000008
 0.007571 0.000008 0.000008 0.000159 0.001672 0.931938 0.000008 0.012864 0.000008 0.002730 0.000613 0.005151 0.006059 0.000008 0.000008 0.018765 0.000008 0.012410 0.000008 0.000008
 0.916662 0.000008 0.000008 0.000159 0.001672 0.022847 0.000008 0.012864 0.000008 0.002730 0.000613 0.005151 0.006059 0.000008 0.000008 0.018765 0.000008 0.012410 0.000008 0.000008
 0.007571 0.000008 0.000008 0.000159 0.001672 0.022847 0.000008 0.921955 0.000008 0.002730 0.000613 0.005151 0.006059 0.000008 0.000008 0.018765 0.000008 0.012410 0.000008 0.000008
 0.007571 0.000008 0.000008 0.000159 0.001672 0.022847 0.000008 0.012864 0.000008 0.002730 0.000613 0.005151 0.006059 0.000008 0.000008 0.927856 0.000008 0.012410 0.000008 0.000008
 0.007571 0.000008 0.000008 0.000159 0.001672 0.022847 0.000008 0.012864 0.000008 0.002730 0.000613 0.005151 0.006059 0.000008 0.000008 0.927856 0.000008 0.012410 0.000008 0.000008
 0.007571 0.000008 0.000008 0.000159 0.001672 0.022847 0.000008 0.012864 0.000008 0.002730 0.000613 0.005151 0.006059 0.000008 0.000008 0.018765 0.000008 0.921501 0.000008 0.000008

********************************************************************************
Stopped because the next motif had no positive sites with scores > 0.
********************************************************************************
COMMAND:	streme --protein --p ./Data/v1_cluster_windows_15mers/cluster_19695.fasta --minw 3 --maxw 15 --thresh 0.05 --oc ./Results/v1_Top500_Run_20250504_162200/streme_out_cluster_19695
********************************************************************************
CPU:		Hirokis-MacBook-Air.local
********************************************************************************
FINALTIME:	0.15 seconds
********************************************************************************
