********************************************************************************
STREME - Sensitive, Thorough, Rapid, Enriched Motif Elicitation
********************************************************************************
MEME version 5.5.7 (Release date: Wed Jun 19 13:59:04 2024 -0700)

For further information on how to interpret these results please access https://meme-suite.org/meme.
To get a copy of the MEME Suite software please access https://meme-suite.org.

********************************************************************************


********************************************************************************
REFERENCE
********************************************************************************
If you use this program in your research, please cite:

Timothy L. Bailey,
"STREME: accurate and versatile sequence motif discovery",
Bioinformatics, Mar. 24, 2021.
********************************************************************************


ALPHABET= ACDEFGHIKLMNPQRSTVWY

strands: +

Background letter frequencies
A 0.225 C 5.04e-05 D 5.04e-05 E 5.04e-05 F 0.00106 G 0.129 H 5.04e-05 I 0.00308 K 5.04e-05 L 5.04e-05 M 5.04e-05 N 0.00207 P 0.0626 Q 0.00913 R 0.00106 S 0.415 T 0.00308 V 0.136 W 5.04e-05 Y 0.0122 

MOTIF 1-GPGSGVSASVSSAAS STREME-1
letter-probability matrix: alength= 20 w= 15 nsites= 66 E= 3.2e-003
 0.019452 0.000000 0.000000 0.000000 0.000003 0.655962 0.000000 0.000008 0.000000 0.000000 0.000000 0.000006 0.171823 0.018865 0.000003 0.057876 0.000008 0.000370 0.000000 0.075622
 0.038292 0.000000 0.000000 0.000000 0.000003 0.189903 0.000000 0.000008 0.000000 0.000000 0.000000 0.000006 0.485764 0.113523 0.000003 0.134407 0.018848 0.000370 0.000000 0.018873
 0.076201 0.000000 0.000000 0.000000 0.000003 0.505491 0.000000 0.037688 0.000000 0.000000 0.000000 0.000006 0.075759 0.000025 0.018843 0.096250 0.000008 0.189693 0.000000 0.000033
 0.038292 0.000000 0.000000 0.000000 0.018843 0.000351 0.000000 0.000008 0.000000 0.000000 0.000000 0.000006 0.228343 0.000025 0.000003 0.694877 0.000008 0.000370 0.000000 0.018873
 0.076201 0.000000 0.000000 0.000000 0.000003 0.511810 0.000000 0.000008 0.000000 0.000000 0.000000 0.000006 0.000170 0.000025 0.000003 0.411361 0.000008 0.000370 0.000000 0.000033
 0.019452 0.000000 0.000000 0.000000 0.000003 0.000351 0.000000 0.000008 0.000000 0.000000 0.000000 0.000006 0.019010 0.000025 0.000003 0.019967 0.000008 0.941133 0.000000 0.000033
 0.000612 0.000000 0.000000 0.000000 0.000003 0.000351 0.000000 0.000008 0.000000 0.000000 0.000000 0.000006 0.000170 0.000025 0.000003 0.998409 0.000008 0.000370 0.000000 0.000033
 0.997894 0.000000 0.000000 0.000000 0.000003 0.000351 0.000000 0.000008 0.000000 0.000000 0.000000 0.000006 0.000170 0.000025 0.000003 0.001127 0.000008 0.000370 0.000000 0.000033
 0.000612 0.000000 0.000000 0.000000 0.000003 0.000351 0.000000 0.000008 0.000000 0.000000 0.000000 0.000006 0.000170 0.000025 0.000003 0.998409 0.000008 0.000370 0.000000 0.000033
 0.019452 0.000000 0.000000 0.000000 0.000003 0.000351 0.000000 0.000008 0.000000 0.000000 0.000000 0.000006 0.000170 0.000025 0.000003 0.001127 0.000008 0.978813 0.000000 0.000033
 0.000612 0.000000 0.000000 0.000000 0.000003 0.000351 0.000000 0.000008 0.000000 0.000000 0.000000 0.000006 0.000170 0.000025 0.000003 0.998409 0.000008 0.000370 0.000000 0.000033
 0.000612 0.000000 0.000000 0.000000 0.000003 0.038031 0.000000 0.000008 0.000000 0.000000 0.000000 0.018846 0.000170 0.000025 0.000003 0.941890 0.000008 0.000370 0.000000 0.000033
 0.997894 0.000000 0.000000 0.000000 0.000003 0.000351 0.000000 0.000008 0.000000 0.000000 0.000000 0.000006 0.000170 0.000025 0.000003 0.001127 0.000008 0.000370 0.000000 0.000033
 0.979054 0.000000 0.000000 0.000000 0.000003 0.000351 0.000000 0.000008 0.000000 0.000000 0.000000 0.000006 0.000170 0.000025 0.000003 0.001127 0.000008 0.019210 0.000000 0.000033
 0.000612 0.000000 0.000000 0.000000 0.000003 0.000351 0.000000 0.000008 0.000000 0.000000 0.000000 0.000006 0.000170 0.000025 0.000003 0.979569 0.018848 0.000370 0.000000 0.000033

MOTIF 2-AAA STREME-2
letter-probability matrix: alength= 20 w= 3 nsites= 1 E= 3.0e+000
 0.929554 0.000005 0.000005 0.000005 0.000096 0.011745 0.000005 0.000280 0.000005 0.000005 0.000005 0.000188 0.005692 0.000830 0.000096 0.037707 0.000280 0.012390 0.000005 0.001105
 0.929554 0.000005 0.000005 0.000005 0.000096 0.011745 0.000005 0.000280 0.000005 0.000005 0.000005 0.000188 0.005692 0.000830 0.000096 0.037707 0.000280 0.012390 0.000005 0.001105
 0.929554 0.000005 0.000005 0.000005 0.000096 0.011745 0.000005 0.000280 0.000005 0.000005 0.000005 0.000188 0.005692 0.000830 0.000096 0.037707 0.000280 0.012390 0.000005 0.001105

MOTIF 3-AAS STREME-3
letter-probability matrix: alength= 20 w= 3 nsites= 1 E= 3.0e+000
 0.929554 0.000005 0.000005 0.000005 0.000096 0.011745 0.000005 0.000280 0.000005 0.000005 0.000005 0.000188 0.005692 0.000830 0.000096 0.037707 0.000280 0.012390 0.000005 0.001105
 0.929554 0.000005 0.000005 0.000005 0.000096 0.011745 0.000005 0.000280 0.000005 0.000005 0.000005 0.000188 0.005692 0.000830 0.000096 0.037707 0.000280 0.012390 0.000005 0.001105
 0.020463 0.000005 0.000005 0.000005 0.000096 0.011745 0.000005 0.000280 0.000005 0.000005 0.000005 0.000188 0.005692 0.000830 0.000096 0.946798 0.000280 0.012390 0.000005 0.001105

********************************************************************************
Stopped because the next motif had no positive sites with scores > 0.
********************************************************************************
COMMAND:	streme --protein --p ./Data/v1_cluster_windows_15mers/cluster_17496.fasta --minw 3 --maxw 15 --thresh 0.05 --oc ./Results/v1_Top500_Run_20250504_162200/streme_out_cluster_17496
********************************************************************************
CPU:		Hirokis-MacBook-Air.local
********************************************************************************
FINALTIME:	0.18 seconds
********************************************************************************
