********************************************************************************
STREME - Sensitive, Thorough, Rapid, Enriched Motif Elicitation
********************************************************************************
MEME version 5.5.7 (Release date: Wed Jun 19 13:59:04 2024 -0700)

For further information on how to interpret these results please access https://meme-suite.org/meme.
To get a copy of the MEME Suite software please access https://meme-suite.org.

********************************************************************************


********************************************************************************
REFERENCE
********************************************************************************
If you use this program in your research, please cite:

Timothy L. Bailey,
"STREME: accurate and versatile sequence motif discovery",
Bioinformatics, Mar. 24, 2021.
********************************************************************************


ALPHABET= ACDEFGHIKLMNPQRSTVWY

strands: +

Background letter frequencies
A 0.203 C 1.02e-07 D 0.004 E 0.00199 F 0.00148 G 0.465 H 3.87e-05 I 0.00178 K 0.000152 L 0.0121 M 0.000945 N 0.00522 P 0.0661 Q 0.0853 R 0.00848 S 0.0794 T 0.00397 V 0.0039 W 2.13e-06 Y 0.0572 

MOTIF 1-GPGGYGP STREME-1
letter-probability matrix: alength= 20 w= 7 nsites= 18109 E= 2.1e-504
 0.026250 0.000000 0.000000 0.000000 0.000000 0.966349 0.000000 0.000000 0.000000 0.000000 0.000000 0.000000 0.000001 0.002583 0.002016 0.001293 0.000624 0.000883 0.000000 0.000001
 0.089580 0.000000 0.001471 0.001097 0.002921 0.000005 0.000000 0.000272 0.000136 0.068996 0.005011 0.010473 0.435604 0.309721 0.034862 0.034418 0.002649 0.002785 0.000000 0.000001
 0.003673 0.000000 0.004416 0.000611 0.000408 0.975070 0.000000 0.000000 0.000000 0.000000 0.000000 0.008154 0.000001 0.001253 0.003057 0.001727 0.000000 0.001630 0.000000 0.000001
 0.004897 0.000000 0.000000 0.000340 0.000475 0.750019 0.000000 0.000204 0.000000 0.003874 0.000068 0.008401 0.064771 0.067378 0.003057 0.094139 0.000340 0.002038 0.000000 0.000001
 0.010213 0.000000 0.000000 0.001834 0.008287 0.000005 0.000000 0.000000 0.000000 0.034740 0.000000 0.000000 0.000001 0.259770 0.001202 0.034099 0.000272 0.000421 0.000000 0.649157
 0.000002 0.000000 0.000000 0.009379 0.000000 0.990616 0.000000 0.000000 0.000000 0.000000 0.000000 0.000000 0.000001 0.000001 0.000000 0.000001 0.000000 0.000000 0.000000 0.000001
 0.061891 0.000000 0.004338 0.010058 0.000000 0.112753 0.000000 0.000000 0.000000 0.000000 0.000000 0.008769 0.556195 0.120611 0.022920 0.097764 0.004700 0.000000 0.000000 0.000001

MOTIF 2-GSGAGAG STREME-2
letter-probability matrix: alength= 20 w= 7 nsites= 6766 E= 1.5e-142
 0.000006 0.000000 0.000000 0.000000 0.000000 0.999984 0.000000 0.000000 0.000000 0.000000 0.000000 0.000000 0.000002 0.000003 0.000000 0.000002 0.000000 0.000000 0.000000 0.000002
 0.300859 0.000000 0.000000 0.000000 0.001050 0.000014 0.000000 0.000000 0.000840 0.000000 0.000000 0.000000 0.000002 0.000213 0.007939 0.363554 0.011626 0.024193 0.000000 0.289708
 0.000006 0.000000 0.000000 0.000000 0.000000 0.997711 0.000000 0.000000 0.000000 0.000000 0.000000 0.000000 0.000002 0.000003 0.002273 0.000002 0.000000 0.000000 0.000000 0.000002
 0.615243 0.000000 0.000000 0.000000 0.004174 0.000014 0.000000 0.000000 0.000000 0.003864 0.000000 0.000000 0.000002 0.138163 0.024773 0.154853 0.052738 0.006173 0.000000 0.000002
 0.000006 0.000000 0.000000 0.000000 0.000000 0.995541 0.000000 0.000000 0.000000 0.000000 0.000000 0.000000 0.000002 0.000003 0.000000 0.000002 0.000000 0.004443 0.000000 0.000002
 0.801693 0.000000 0.000000 0.000000 0.006770 0.000014 0.000000 0.006302 0.000000 0.036547 0.007663 0.000000 0.000002 0.037516 0.000000 0.094948 0.007701 0.000000 0.000000 0.000842
 0.000006 0.000000 0.000000 0.000000 0.000000 0.999984 0.000000 0.000000 0.000000 0.000000 0.000000 0.000000 0.000002 0.000003 0.000000 0.000002 0.000000 0.000000 0.000000 0.000002

MOTIF 3-AAAAA STREME-3
letter-probability matrix: alength= 20 w= 5 nsites= 4644 E= 3.4e-085
 0.791916 0.000000 0.006140 0.001771 0.000000 0.064445 0.000000 0.000000 0.000000 0.000001 0.000000 0.001715 0.000005 0.000007 0.000001 0.133680 0.000015 0.000300 0.000000 0.000004
 0.999938 0.000000 0.000000 0.000000 0.000000 0.000036 0.000000 0.000000 0.000000 0.000001 0.000000 0.000000 0.000005 0.000007 0.000001 0.000006 0.000000 0.000000 0.000000 0.000004
 0.999938 0.000000 0.000000 0.000000 0.000000 0.000036 0.000000 0.000000 0.000000 0.000001 0.000000 0.000000 0.000005 0.000007 0.000001 0.000006 0.000000 0.000000 0.000000 0.000004
 0.999938 0.000000 0.000000 0.000000 0.000000 0.000036 0.000000 0.000000 0.000000 0.000001 0.000000 0.000000 0.000005 0.000007 0.000001 0.000006 0.000000 0.000000 0.000000 0.000004
 0.999938 0.000000 0.000000 0.000000 0.000000 0.000036 0.000000 0.000000 0.000000 0.000001 0.000000 0.000000 0.000005 0.000007 0.000001 0.000006 0.000000 0.000000 0.000000 0.000004

MOTIF 4-GGAGQGGY STREME-4
letter-probability matrix: alength= 20 w= 8 nsites= 867 E= 4.4e-018
 0.071047 0.000000 0.000001 0.000000 0.000000 0.861676 0.000000 0.000000 0.000000 0.001647 0.000000 0.000001 0.000016 0.035093 0.001646 0.028856 0.000001 0.000001 0.000000 0.000014
 0.000048 0.000000 0.000001 0.000000 0.000000 0.999873 0.000000 0.000000 0.000000 0.000003 0.000000 0.000001 0.000016 0.000020 0.000002 0.000019 0.000001 0.000001 0.000000 0.000014
 0.927595 0.000000 0.000001 0.000000 0.000000 0.000110 0.000000 0.000000 0.000000 0.000003 0.000000 0.000001 0.000016 0.018106 0.026624 0.022596 0.004933 0.000001 0.000000 0.000014
 0.000048 0.000000 0.000001 0.000000 0.000000 0.990009 0.000000 0.000000 0.000000 0.009867 0.000000 0.000001 0.000016 0.000020 0.000002 0.000019 0.000001 0.000001 0.000000 0.000014
 0.000048 0.000000 0.000001 0.000000 0.000000 0.000110 0.000000 0.000000 0.000000 0.000003 0.000000 0.000001 0.000016 0.916107 0.074313 0.009384 0.000001 0.000001 0.000000 0.000014
 0.000048 0.000000 0.000001 0.000000 0.000000 0.989693 0.000000 0.000000 0.000000 0.005251 0.000000 0.000001 0.000016 0.000020 0.004934 0.000019 0.000001 0.000001 0.000000 0.000014
 0.000048 0.000000 0.000001 0.000000 0.000000 0.995903 0.000000 0.000000 0.000000 0.003973 0.000000 0.000001 0.000016 0.000020 0.000002 0.000019 0.000001 0.000001 0.000000 0.000014
 0.061268 0.000000 0.000001 0.000000 0.000000 0.000110 0.000000 0.000000 0.000000 0.115839 0.046044 0.000001 0.000016 0.152745 0.000002 0.083239 0.000001 0.000001 0.000000 0.540732

MOTIF 5-QGPSGPG STREME-5
letter-probability matrix: alength= 20 w= 7 nsites= 501 E= 2.0e-015
 0.000071 0.000000 0.000001 0.000001 0.000001 0.010057 0.000000 0.000001 0.000000 0.000004 0.041365 0.002435 0.000023 0.493403 0.087619 0.083810 0.000001 0.000001 0.000000 0.281208
 0.000071 0.000000 0.000001 0.000001 0.000001 0.999812 0.000000 0.000001 0.000000 0.000004 0.000000 0.000002 0.000023 0.000030 0.000003 0.000028 0.000001 0.000001 0.000000 0.000020
 0.000071 0.000000 0.000001 0.000001 0.000001 0.000163 0.000000 0.000001 0.000000 0.000004 0.000000 0.000002 0.999672 0.000030 0.000003 0.000028 0.000001 0.000001 0.000000 0.000020
 0.000071 0.000000 0.000001 0.000001 0.000001 0.040322 0.000000 0.000001 0.000000 0.000004 0.000000 0.002435 0.000023 0.000030 0.000003 0.886512 0.000001 0.000001 0.000000 0.070593
 0.000071 0.000000 0.000001 0.002433 0.000001 0.997379 0.000000 0.000001 0.000000 0.000004 0.000000 0.000002 0.000023 0.000030 0.000003 0.000028 0.000001 0.000001 0.000000 0.000020
 0.000071 0.000000 0.000001 0.000001 0.000001 0.000163 0.000000 0.000001 0.000000 0.000004 0.000000 0.000002 0.999672 0.000030 0.000003 0.000028 0.000001 0.000001 0.000000 0.000020
 0.000071 0.000000 0.000001 0.004866 0.000001 0.952420 0.000000 0.000001 0.000000 0.000004 0.000000 0.000002 0.000023 0.000030 0.000003 0.042555 0.000001 0.000001 0.000000 0.000020

MOTIF 6-AAAS STREME-6
letter-probability matrix: alength= 20 w= 4 nsites= 932 E= 1.2e-010
 0.927563 0.000000 0.000364 0.000181 0.000135 0.042245 0.000004 0.000162 0.000014 0.001097 0.000086 0.000475 0.006010 0.007758 0.000771 0.007220 0.000361 0.000355 0.000000 0.005199
 0.927563 0.000000 0.000364 0.000181 0.000135 0.042245 0.000004 0.000162 0.000014 0.001097 0.000086 0.000475 0.006010 0.007758 0.000771 0.007220 0.000361 0.000355 0.000000 0.005199
 0.927563 0.000000 0.000364 0.000181 0.000135 0.042245 0.000004 0.000162 0.000014 0.001097 0.000086 0.000475 0.006010 0.007758 0.000771 0.007220 0.000361 0.000355 0.000000 0.005199
 0.018473 0.000000 0.000364 0.000181 0.000135 0.042245 0.000004 0.000162 0.000014 0.001097 0.000086 0.000475 0.006010 0.007758 0.000771 0.916311 0.000361 0.000355 0.000000 0.005199

MOTIF 7-GSGGQQGP STREME-7
letter-probability matrix: alength= 20 w= 8 nsites= 348 E= 2.0e-008
 0.000103 0.000000 0.000002 0.014095 0.000001 0.964493 0.000000 0.000001 0.000000 0.021147 0.000000 0.000003 0.000034 0.000043 0.000004 0.000040 0.000002 0.000002 0.000000 0.000029
 0.000103 0.000000 0.000002 0.000001 0.000001 0.000236 0.000000 0.000001 0.000000 0.000006 0.000000 0.000003 0.000034 0.000043 0.000004 0.999532 0.000002 0.000002 0.000000 0.000029
 0.000103 0.000000 0.000002 0.000001 0.000001 0.998266 0.000000 0.000001 0.000000 0.000006 0.000000 0.000003 0.000034 0.000043 0.000004 0.001503 0.000002 0.000002 0.000000 0.000029
 0.000103 0.000000 0.000002 0.000001 0.000001 0.985634 0.000000 0.000001 0.000000 0.000006 0.000000 0.000003 0.000034 0.000043 0.014098 0.000040 0.000002 0.000002 0.000000 0.000029
 0.000103 0.000000 0.000002 0.000001 0.000001 0.000236 0.000000 0.000001 0.000000 0.000006 0.000000 0.000003 0.129978 0.817864 0.000004 0.051767 0.000002 0.000002 0.000000 0.000029
 0.000103 0.000000 0.000002 0.000001 0.000001 0.000236 0.000000 0.000001 0.000000 0.000006 0.000000 0.000003 0.000034 0.999535 0.000004 0.000040 0.000002 0.000002 0.000000 0.000029
 0.028292 0.000000 0.000002 0.000001 0.000001 0.971539 0.000000 0.000001 0.000000 0.000006 0.000000 0.000003 0.000034 0.000043 0.000004 0.000040 0.000002 0.000002 0.000000 0.000029
 0.000103 0.000000 0.000002 0.000001 0.000001 0.000236 0.000000 0.000001 0.000000 0.000006 0.000000 0.000003 0.999525 0.000043 0.000004 0.000040 0.000002 0.000002 0.000000 0.000029

MOTIF 8-AGGAGGYG STREME-8
letter-probability matrix: alength= 20 w= 8 nsites= 429 E= 6.4e-008
 0.992652 0.000000 0.006950 0.000001 0.000001 0.000233 0.000000 0.000001 0.000000 0.000006 0.000000 0.000003 0.000033 0.000043 0.000004 0.000040 0.000002 0.000002 0.000000 0.000029
 0.000102 0.000000 0.000002 0.000001 0.000001 0.999732 0.000000 0.000001 0.000000 0.000006 0.000000 0.000003 0.000033 0.000043 0.000004 0.000040 0.000002 0.000002 0.000000 0.000029
 0.000102 0.000000 0.000002 0.000001 0.000001 0.999732 0.000000 0.000001 0.000000 0.000006 0.000000 0.000003 0.000033 0.000043 0.000004 0.000040 0.000002 0.000002 0.000000 0.000029
 0.999601 0.000000 0.000002 0.000001 0.000001 0.000233 0.000000 0.000001 0.000000 0.000006 0.000000 0.000003 0.000033 0.000043 0.000004 0.000040 0.000002 0.000002 0.000000 0.000029
 0.000102 0.000000 0.000002 0.000001 0.000001 0.999732 0.000000 0.000001 0.000000 0.000006 0.000000 0.000003 0.000033 0.000043 0.000004 0.000040 0.000002 0.000002 0.000000 0.000029
 0.000102 0.000000 0.000002 0.000001 0.000001 0.999732 0.000000 0.000001 0.000000 0.000006 0.000000 0.000003 0.000033 0.000043 0.000004 0.000040 0.000002 0.000002 0.000000 0.000029
 0.000102 0.000000 0.000002 0.000001 0.000001 0.000233 0.000000 0.000001 0.000000 0.158339 0.000000 0.340656 0.000033 0.000043 0.000004 0.099230 0.000002 0.000002 0.000000 0.401351
 0.000102 0.000000 0.000002 0.000001 0.000001 0.857226 0.000000 0.000001 0.000000 0.000006 0.000000 0.142509 0.000033 0.000043 0.000004 0.000040 0.000002 0.000002 0.000000 0.000029

MOTIF 9-GYGPGQSG STREME-9
letter-probability matrix: alength= 20 w= 8 nsites= 212 E= 1.6e-007
 0.000184 0.000000 0.000004 0.000002 0.000001 0.968102 0.000000 0.000002 0.000000 0.000011 0.000001 0.000005 0.000060 0.000077 0.031421 0.000072 0.000004 0.000004 0.000000 0.000052
 0.000184 0.000000 0.000004 0.000002 0.000001 0.000421 0.000000 0.000002 0.000000 0.000011 0.000001 0.000005 0.000060 0.000077 0.000008 0.000072 0.000004 0.000004 0.000000 0.999145
 0.050445 0.000000 0.000004 0.000002 0.000001 0.949254 0.000000 0.000002 0.000000 0.000011 0.000001 0.000005 0.000060 0.000077 0.000008 0.000072 0.000004 0.000004 0.000000 0.000052
 0.000184 0.000000 0.000004 0.000002 0.000001 0.000421 0.000000 0.000002 0.000000 0.000011 0.000001 0.000005 0.999154 0.000077 0.000008 0.000072 0.000004 0.000004 0.000000 0.000052
 0.000184 0.000000 0.000004 0.000002 0.000001 0.999515 0.000000 0.000002 0.000000 0.000011 0.000001 0.000005 0.000060 0.000077 0.000008 0.000072 0.000004 0.000004 0.000000 0.000052
 0.041279 0.000000 0.031417 0.000002 0.000001 0.297638 0.000000 0.000002 0.018848 0.000011 0.000001 0.000005 0.000060 0.604317 0.006290 0.000072 0.000004 0.000004 0.000000 0.000052
 0.000184 0.000000 0.000004 0.000002 0.000001 0.256481 0.000000 0.000002 0.000000 0.000011 0.000001 0.000005 0.000060 0.000077 0.000008 0.743106 0.000004 0.000004 0.000000 0.000052
 0.037881 0.000000 0.000004 0.062828 0.000001 0.643825 0.000000 0.012566 0.000000 0.000011 0.000001 0.000005 0.000060 0.230115 0.000008 0.012637 0.000004 0.000004 0.000000 0.000052

MOTIF 10-GYGS STREME-10
letter-probability matrix: alength= 20 w= 4 nsites= 728 E= 7.4e-007
 0.018473 0.000000 0.000364 0.000181 0.000135 0.951336 0.000004 0.000162 0.000014 0.001097 0.000086 0.000475 0.006010 0.007758 0.000771 0.007220 0.000361 0.000355 0.000000 0.005199
 0.018473 0.000000 0.000364 0.000181 0.000135 0.042245 0.000004 0.000162 0.000014 0.001097 0.000086 0.000475 0.006010 0.007758 0.000771 0.007220 0.000361 0.000355 0.000000 0.914290
 0.018473 0.000000 0.000364 0.000181 0.000135 0.951336 0.000004 0.000162 0.000014 0.001097 0.000086 0.000475 0.006010 0.007758 0.000771 0.007220 0.000361 0.000355 0.000000 0.005199
 0.018473 0.000000 0.000364 0.000181 0.000135 0.042245 0.000004 0.000162 0.000014 0.001097 0.000086 0.000475 0.006010 0.007758 0.000771 0.916311 0.000361 0.000355 0.000000 0.005199

MOTIF 11-GNQ STREME-11
letter-probability matrix: alength= 20 w= 3 nsites= 334 E= 2.9e-005
 0.018473 0.000000 0.000364 0.000181 0.000135 0.951336 0.000004 0.000162 0.000014 0.001097 0.000086 0.000475 0.006010 0.007758 0.000771 0.007220 0.000361 0.000355 0.000000 0.005199
 0.018473 0.000000 0.000364 0.000181 0.000135 0.042245 0.000004 0.000162 0.000014 0.001097 0.000086 0.909566 0.006010 0.007758 0.000771 0.007220 0.000361 0.000355 0.000000 0.005199
 0.018473 0.000000 0.000364 0.000181 0.000135 0.042245 0.000004 0.000162 0.000014 0.001097 0.000086 0.000475 0.006010 0.916849 0.000771 0.007220 0.000361 0.000355 0.000000 0.005199

MOTIF 12-PGSQGPS STREME-12
letter-probability matrix: alength= 20 w= 7 nsites= 261 E= 4.2e-005
 0.000146 0.000000 0.000003 0.000001 0.000001 0.000335 0.000000 0.000001 0.000000 0.000009 0.000001 0.000004 0.999327 0.000062 0.000006 0.000057 0.000003 0.000003 0.000000 0.000041
 0.012213 0.000000 0.000003 0.000001 0.000001 0.982551 0.000000 0.000001 0.000000 0.000009 0.000001 0.000004 0.000048 0.000062 0.005002 0.000057 0.000003 0.000003 0.000000 0.000041
 0.020132 0.000000 0.000003 0.000001 0.000001 0.000335 0.000000 0.000001 0.000000 0.000009 0.000001 0.005000 0.050483 0.012128 0.000006 0.911853 0.000003 0.000003 0.000000 0.000041
 0.000146 0.000000 0.000003 0.000001 0.000001 0.000335 0.000000 0.000001 0.000000 0.000009 0.000001 0.000004 0.000048 0.964365 0.005002 0.000057 0.000003 0.000003 0.000000 0.030020
 0.000146 0.000000 0.000003 0.000001 0.000001 0.999614 0.000000 0.000001 0.000000 0.000009 0.000001 0.000004 0.000048 0.000062 0.000006 0.000057 0.000003 0.000003 0.000000 0.000041
 0.000146 0.000000 0.000003 0.000001 0.000001 0.000335 0.000000 0.000001 0.000000 0.000009 0.000001 0.000004 0.999327 0.000062 0.000006 0.000057 0.000003 0.000003 0.000000 0.000041
 0.000146 0.000000 0.000003 0.000001 0.000001 0.290170 0.000000 0.000001 0.000000 0.000009 0.000001 0.000004 0.000048 0.055027 0.000006 0.474595 0.000003 0.000003 0.000000 0.179982

MOTIF 13-IIS STREME-13
letter-probability matrix: alength= 20 w= 3 nsites= 191 E= 3.4e-004
 0.018473 0.000000 0.000364 0.000181 0.000135 0.042245 0.000004 0.909253 0.000014 0.001097 0.000086 0.000475 0.006010 0.007758 0.000771 0.007220 0.000361 0.000355 0.000000 0.005199
 0.018473 0.000000 0.000364 0.000181 0.000135 0.042245 0.000004 0.909253 0.000014 0.001097 0.000086 0.000475 0.006010 0.007758 0.000771 0.007220 0.000361 0.000355 0.000000 0.005199
 0.018473 0.000000 0.000364 0.000181 0.000135 0.042245 0.000004 0.000162 0.000014 0.001097 0.000086 0.000475 0.006010 0.007758 0.000771 0.916311 0.000361 0.000355 0.000000 0.005199

MOTIF 14-AGQGYGP STREME-14
letter-probability matrix: alength= 20 w= 7 nsites= 243 E= 2.7e-003
 0.858424 0.000000 0.000003 0.000001 0.000001 0.000350 0.000000 0.000001 0.000000 0.000009 0.000001 0.000004 0.000050 0.000064 0.000006 0.000060 0.000003 0.000003 0.000000 0.141019
 0.000153 0.000000 0.000003 0.000001 0.000001 0.982928 0.000000 0.000001 0.000000 0.000009 0.000001 0.000004 0.000050 0.016733 0.000006 0.000060 0.000003 0.000003 0.000000 0.000043
 0.000153 0.000000 0.000003 0.000001 0.000001 0.000350 0.000000 0.000001 0.000000 0.000009 0.000001 0.000004 0.000050 0.999311 0.000006 0.000060 0.000003 0.000003 0.000000 0.000043
 0.000153 0.000000 0.000003 0.000001 0.000001 0.999597 0.000000 0.000001 0.000000 0.000009 0.000001 0.000004 0.000050 0.000064 0.000006 0.000060 0.000003 0.000003 0.000000 0.000043
 0.000153 0.000000 0.000003 0.000001 0.000001 0.000350 0.000000 0.000001 0.000000 0.000009 0.000001 0.000004 0.000050 0.000064 0.000006 0.000060 0.000003 0.000003 0.000000 0.999290
 0.000153 0.000000 0.000003 0.000001 0.000001 0.999597 0.000000 0.000001 0.000000 0.000009 0.000001 0.000004 0.000050 0.000064 0.000006 0.000060 0.000003 0.000003 0.000000 0.000043
 0.288955 0.000000 0.000003 0.000001 0.000001 0.000350 0.000000 0.000001 0.000000 0.000009 0.000001 0.000004 0.435000 0.000064 0.031332 0.244229 0.000003 0.000003 0.000000 0.000043

MOTIF 15-DGYGGGYG STREME-15
letter-probability matrix: alength= 20 w= 8 nsites= 233 E= 3.4e-003
 0.097681 0.000000 0.704447 0.000002 0.000001 0.153063 0.000000 0.000001 0.000000 0.000009 0.000001 0.000004 0.000050 0.000065 0.000006 0.044619 0.000003 0.000003 0.000000 0.000044
 0.000155 0.000000 0.000003 0.000002 0.000001 0.989002 0.000000 0.000001 0.000000 0.000009 0.000001 0.000004 0.000050 0.000065 0.010596 0.000061 0.000003 0.000003 0.000000 0.000044
 0.000155 0.000000 0.000003 0.000002 0.000001 0.000355 0.000000 0.000001 0.000000 0.000009 0.000001 0.000004 0.000050 0.000065 0.000006 0.143035 0.000003 0.000003 0.000000 0.856306
 0.000155 0.000000 0.000003 0.000002 0.000001 0.999591 0.000000 0.000001 0.000000 0.000009 0.000001 0.000004 0.000050 0.000065 0.000006 0.000061 0.000003 0.000003 0.000000 0.000044
 0.000155 0.000000 0.121789 0.000002 0.000001 0.671295 0.000000 0.000001 0.000000 0.063552 0.000001 0.026478 0.000050 0.000065 0.079438 0.000061 0.000003 0.021182 0.000000 0.015928
 0.000155 0.000000 0.063546 0.000002 0.000001 0.936048 0.000000 0.000001 0.000000 0.000009 0.000001 0.000004 0.000050 0.000065 0.000006 0.000061 0.000003 0.000003 0.000000 0.000044
 0.000155 0.000000 0.000003 0.000002 0.047656 0.063898 0.000000 0.000001 0.000000 0.111203 0.000001 0.000004 0.000050 0.000065 0.000006 0.000061 0.000003 0.000003 0.000000 0.776888
 0.000155 0.000000 0.000003 0.000002 0.000001 0.999591 0.000000 0.000001 0.000000 0.000009 0.000001 0.000004 0.000050 0.000065 0.000006 0.000061 0.000003 0.000003 0.000000 0.000044

MOTIF 16-GAGGLGG STREME-16
letter-probability matrix: alength= 20 w= 7 nsites= 131 E= 6.1e-003
 0.000349 0.000000 0.000007 0.000003 0.000003 0.999080 0.000000 0.000003 0.000000 0.000021 0.000002 0.000009 0.000114 0.000147 0.000015 0.000137 0.000007 0.000007 0.000000 0.000098
 0.998630 0.000000 0.000007 0.000003 0.000003 0.000799 0.000000 0.000003 0.000000 0.000021 0.000002 0.000009 0.000114 0.000147 0.000015 0.000137 0.000007 0.000007 0.000000 0.000098
 0.000349 0.000000 0.000007 0.000003 0.000003 0.999080 0.000000 0.000003 0.000000 0.000021 0.000002 0.000009 0.000114 0.000147 0.000015 0.000137 0.000007 0.000007 0.000000 0.000098
 0.000349 0.000000 0.000007 0.000003 0.000003 0.999080 0.000000 0.000003 0.000000 0.000021 0.000002 0.000009 0.000114 0.000147 0.000015 0.000137 0.000007 0.000007 0.000000 0.000098
 0.083752 0.000000 0.000007 0.000003 0.000003 0.000799 0.000000 0.000003 0.000000 0.914899 0.000002 0.000009 0.000114 0.000147 0.000015 0.000137 0.000007 0.000007 0.000000 0.000098
 0.000349 0.000000 0.000007 0.000003 0.000003 0.999080 0.000000 0.000003 0.000000 0.000021 0.000002 0.000009 0.000114 0.000147 0.000015 0.000137 0.000007 0.000007 0.000000 0.000098
 0.009591 0.000000 0.274065 0.000003 0.000003 0.715781 0.000000 0.000003 0.000000 0.000021 0.000002 0.000009 0.000114 0.000147 0.000015 0.000137 0.000007 0.000007 0.000000 0.000098

MOTIF 17-GLGS STREME-17
letter-probability matrix: alength= 20 w= 4 nsites= 252 E= 7.1e-003
 0.018473 0.000000 0.000364 0.000181 0.000135 0.951336 0.000004 0.000162 0.000014 0.001097 0.000086 0.000475 0.006010 0.007758 0.000771 0.007220 0.000361 0.000355 0.000000 0.005199
 0.018473 0.000000 0.000364 0.000181 0.000135 0.042245 0.000004 0.000162 0.000014 0.910188 0.000086 0.000475 0.006010 0.007758 0.000771 0.007220 0.000361 0.000355 0.000000 0.005199
 0.018473 0.000000 0.000364 0.000181 0.000135 0.951336 0.000004 0.000162 0.000014 0.001097 0.000086 0.000475 0.006010 0.007758 0.000771 0.007220 0.000361 0.000355 0.000000 0.005199
 0.018473 0.000000 0.000364 0.000181 0.000135 0.042245 0.000004 0.000162 0.000014 0.001097 0.000086 0.000475 0.006010 0.007758 0.000771 0.916311 0.000361 0.000355 0.000000 0.005199

MOTIF 18-QQGP STREME-18
letter-probability matrix: alength= 20 w= 4 nsites= 317 E= 1.8e-002
 0.018473 0.000000 0.000364 0.000181 0.000135 0.042245 0.000004 0.000162 0.000014 0.001097 0.000086 0.000475 0.006010 0.916849 0.000771 0.007220 0.000361 0.000355 0.000000 0.005199
 0.018473 0.000000 0.000364 0.000181 0.000135 0.042245 0.000004 0.000162 0.000014 0.001097 0.000086 0.000475 0.006010 0.916849 0.000771 0.007220 0.000361 0.000355 0.000000 0.005199
 0.018473 0.000000 0.000364 0.000181 0.000135 0.951336 0.000004 0.000162 0.000014 0.001097 0.000086 0.000475 0.006010 0.007758 0.000771 0.007220 0.000361 0.000355 0.000000 0.005199
 0.018473 0.000000 0.000364 0.000181 0.000135 0.042245 0.000004 0.000162 0.000014 0.001097 0.000086 0.000475 0.915101 0.007758 0.000771 0.007220 0.000361 0.000355 0.000000 0.005199

MOTIF 19-DSQ STREME-19
letter-probability matrix: alength= 20 w= 3 nsites= 63 E= 4.4e-002
 0.018473 0.000000 0.909455 0.000181 0.000135 0.042245 0.000004 0.000162 0.000014 0.001097 0.000086 0.000475 0.006010 0.007758 0.000771 0.007220 0.000361 0.000355 0.000000 0.005199
 0.018473 0.000000 0.000364 0.000181 0.000135 0.042245 0.000004 0.000162 0.000014 0.001097 0.000086 0.000475 0.006010 0.007758 0.000771 0.916311 0.000361 0.000355 0.000000 0.005199
 0.018473 0.000000 0.000364 0.000181 0.000135 0.042245 0.000004 0.000162 0.000014 0.001097 0.000086 0.000475 0.006010 0.916849 0.000771 0.007220 0.000361 0.000355 0.000000 0.005199

MOTIF 20-SGGQQ STREME-20
letter-probability matrix: alength= 20 w= 5 nsites= 284 E= 5.6e-002
 0.018473 0.000000 0.000364 0.000181 0.000135 0.042245 0.000004 0.000162 0.000014 0.001097 0.000086 0.000475 0.006010 0.007758 0.000771 0.916311 0.000361 0.000355 0.000000 0.005199
 0.018473 0.000000 0.000364 0.000181 0.000135 0.951336 0.000004 0.000162 0.000014 0.001097 0.000086 0.000475 0.006010 0.007758 0.000771 0.007220 0.000361 0.000355 0.000000 0.005199
 0.018473 0.000000 0.000364 0.000181 0.000135 0.951336 0.000004 0.000162 0.000014 0.001097 0.000086 0.000475 0.006010 0.007758 0.000771 0.007220 0.000361 0.000355 0.000000 0.005199
 0.018473 0.000000 0.000364 0.000181 0.000135 0.042245 0.000004 0.000162 0.000014 0.001097 0.000086 0.000475 0.006010 0.916849 0.000771 0.007220 0.000361 0.000355 0.000000 0.005199
 0.018473 0.000000 0.000364 0.000181 0.000135 0.042245 0.000004 0.000162 0.000014 0.001097 0.000086 0.000475 0.006010 0.916849 0.000771 0.007220 0.000361 0.000355 0.000000 0.005199

MOTIF 21-GPGGPQGP STREME-21
letter-probability matrix: alength= 20 w= 8 nsites= 119 E= 1.4e-001
 0.000291 0.000000 0.000006 0.000003 0.000002 0.999232 0.000000 0.000003 0.000000 0.000017 0.000001 0.000007 0.000095 0.000122 0.000012 0.000114 0.000006 0.000006 0.000000 0.000082
 0.000291 0.000000 0.000006 0.000003 0.000002 0.000667 0.000000 0.000003 0.000000 0.000017 0.000001 0.000007 0.998660 0.000122 0.000012 0.000114 0.000006 0.000006 0.000000 0.000082
 0.000291 0.000000 0.000006 0.000003 0.000002 0.899788 0.000000 0.000003 0.000000 0.000017 0.000001 0.000007 0.000095 0.000122 0.000012 0.000114 0.000006 0.000006 0.000000 0.099526
 0.000291 0.000000 0.000006 0.000003 0.000002 0.999232 0.000000 0.000003 0.000000 0.000017 0.000001 0.000007 0.000095 0.000122 0.000012 0.000114 0.000006 0.000006 0.000000 0.000082
 0.000291 0.000000 0.000006 0.000003 0.000002 0.000667 0.000000 0.000003 0.000000 0.000017 0.000001 0.000007 0.998660 0.000122 0.000012 0.000114 0.000006 0.000006 0.000000 0.000082
 0.000291 0.000000 0.000006 0.000003 0.000002 0.028415 0.000000 0.000003 0.000000 0.155246 0.000001 0.000007 0.000095 0.626761 0.000012 0.020002 0.000006 0.019893 0.000000 0.149257
 0.000291 0.000000 0.000006 0.000003 0.000002 0.999232 0.000000 0.000003 0.000000 0.000017 0.000001 0.000007 0.000095 0.000122 0.000012 0.000114 0.000006 0.000006 0.000000 0.000082
 0.000291 0.000000 0.000006 0.000003 0.000002 0.000667 0.000000 0.000003 0.000000 0.000017 0.000001 0.000007 0.998660 0.000122 0.000012 0.000114 0.000006 0.000006 0.000000 0.000082

MOTIF 22-GQGGSGAG STREME-22
letter-probability matrix: alength= 20 w= 8 nsites= 97 E= 1.4e-001
 0.018473 0.000000 0.000364 0.000181 0.000135 0.951336 0.000004 0.000162 0.000014 0.001097 0.000086 0.000475 0.006010 0.007758 0.000771 0.007220 0.000361 0.000355 0.000000 0.005199
 0.018473 0.000000 0.000364 0.000181 0.000135 0.042245 0.000004 0.000162 0.000014 0.001097 0.000086 0.000475 0.006010 0.916849 0.000771 0.007220 0.000361 0.000355 0.000000 0.005199
 0.018473 0.000000 0.000364 0.000181 0.000135 0.951336 0.000004 0.000162 0.000014 0.001097 0.000086 0.000475 0.006010 0.007758 0.000771 0.007220 0.000361 0.000355 0.000000 0.005199
 0.018473 0.000000 0.000364 0.000181 0.000135 0.951336 0.000004 0.000162 0.000014 0.001097 0.000086 0.000475 0.006010 0.007758 0.000771 0.007220 0.000361 0.000355 0.000000 0.005199
 0.018473 0.000000 0.000364 0.000181 0.000135 0.042245 0.000004 0.000162 0.000014 0.001097 0.000086 0.000475 0.006010 0.007758 0.000771 0.916311 0.000361 0.000355 0.000000 0.005199
 0.018473 0.000000 0.000364 0.000181 0.000135 0.951336 0.000004 0.000162 0.000014 0.001097 0.000086 0.000475 0.006010 0.007758 0.000771 0.007220 0.000361 0.000355 0.000000 0.005199
 0.927563 0.000000 0.000364 0.000181 0.000135 0.042245 0.000004 0.000162 0.000014 0.001097 0.000086 0.000475 0.006010 0.007758 0.000771 0.007220 0.000361 0.000355 0.000000 0.005199
 0.018473 0.000000 0.000364 0.000181 0.000135 0.951336 0.000004 0.000162 0.000014 0.001097 0.000086 0.000475 0.006010 0.007758 0.000771 0.007220 0.000361 0.000355 0.000000 0.005199

MOTIF 23-AGGAGQG STREME-23
letter-probability matrix: alength= 20 w= 7 nsites= 159 E= 1.5e-001
 0.927563 0.000000 0.000364 0.000181 0.000135 0.042245 0.000004 0.000162 0.000014 0.001097 0.000086 0.000475 0.006010 0.007758 0.000771 0.007220 0.000361 0.000355 0.000000 0.005199
 0.018473 0.000000 0.000364 0.000181 0.000135 0.951336 0.000004 0.000162 0.000014 0.001097 0.000086 0.000475 0.006010 0.007758 0.000771 0.007220 0.000361 0.000355 0.000000 0.005199
 0.018473 0.000000 0.000364 0.000181 0.000135 0.951336 0.000004 0.000162 0.000014 0.001097 0.000086 0.000475 0.006010 0.007758 0.000771 0.007220 0.000361 0.000355 0.000000 0.005199
 0.927563 0.000000 0.000364 0.000181 0.000135 0.042245 0.000004 0.000162 0.000014 0.001097 0.000086 0.000475 0.006010 0.007758 0.000771 0.007220 0.000361 0.000355 0.000000 0.005199
 0.018473 0.000000 0.000364 0.000181 0.000135 0.951336 0.000004 0.000162 0.000014 0.001097 0.000086 0.000475 0.006010 0.007758 0.000771 0.007220 0.000361 0.000355 0.000000 0.005199
 0.018473 0.000000 0.000364 0.000181 0.000135 0.042245 0.000004 0.000162 0.000014 0.001097 0.000086 0.000475 0.006010 0.916849 0.000771 0.007220 0.000361 0.000355 0.000000 0.005199
 0.018473 0.000000 0.000364 0.000181 0.000135 0.951336 0.000004 0.000162 0.000014 0.001097 0.000086 0.000475 0.006010 0.007758 0.000771 0.007220 0.000361 0.000355 0.000000 0.005199

MOTIF 24-GGNGYGAG STREME-24
letter-probability matrix: alength= 20 w= 8 nsites= 101 E= 1.8e-001
 0.000347 0.000000 0.000007 0.000003 0.000003 0.999086 0.000000 0.000003 0.000000 0.000021 0.000002 0.000009 0.000113 0.000146 0.000014 0.000136 0.000007 0.000007 0.000000 0.000098
 0.000347 0.000000 0.000007 0.000003 0.000003 0.999086 0.000000 0.000003 0.000000 0.000021 0.000002 0.000009 0.000113 0.000146 0.000014 0.000136 0.000007 0.000007 0.000000 0.000098
 0.000347 0.000000 0.000007 0.000003 0.000003 0.000793 0.000000 0.000003 0.000000 0.000021 0.000002 0.998302 0.000113 0.000146 0.000014 0.000136 0.000007 0.000007 0.000000 0.000098
 0.000347 0.000000 0.000007 0.000003 0.000003 0.916236 0.000000 0.000003 0.000000 0.000021 0.000002 0.000009 0.000113 0.000146 0.082864 0.000136 0.000007 0.000007 0.000000 0.000098
 0.000347 0.000000 0.000007 0.000003 0.000003 0.000793 0.000000 0.000003 0.000000 0.000021 0.000002 0.000009 0.000113 0.000146 0.000014 0.000136 0.000007 0.000007 0.000000 0.998390
 0.000347 0.000000 0.000007 0.000003 0.000003 0.999086 0.000000 0.000003 0.000000 0.000021 0.000002 0.000009 0.000113 0.000146 0.000014 0.000136 0.000007 0.000007 0.000000 0.000098
 0.651692 0.000000 0.106527 0.000003 0.000003 0.000793 0.000000 0.000003 0.000000 0.000021 0.000002 0.035514 0.000113 0.181398 0.000014 0.000136 0.000007 0.000007 0.000000 0.023768
 0.000347 0.000000 0.000007 0.000003 0.000003 0.999086 0.000000 0.000003 0.000000 0.000021 0.000002 0.000009 0.000113 0.000146 0.000014 0.000136 0.000007 0.000007 0.000000 0.000098

MOTIF 25-SGYPGQPGYSS STREME-25
letter-probability matrix: alength= 20 w= 11 nsites= 65 E= 1.8e-001
 0.000513 0.000000 0.000010 0.000005 0.035000 0.001173 0.000000 0.000004 0.000000 0.000030 0.000002 0.000013 0.000167 0.000215 0.000021 0.962680 0.000010 0.000010 0.000000 0.000144
 0.070506 0.000000 0.000010 0.192494 0.000004 0.736166 0.000000 0.000004 0.000000 0.000030 0.000002 0.000013 0.000167 0.000215 0.000021 0.000200 0.000010 0.000010 0.000000 0.000144
 0.000513 0.000000 0.000010 0.000005 0.000004 0.001173 0.000000 0.000004 0.000000 0.000030 0.000002 0.000013 0.000167 0.000215 0.000021 0.000200 0.000010 0.000010 0.000000 0.997620
 0.053007 0.000000 0.000010 0.000005 0.000004 0.123663 0.000000 0.000004 0.000000 0.000030 0.000002 0.000013 0.822658 0.000215 0.000021 0.000200 0.000010 0.000010 0.000000 0.000144
 0.000513 0.000000 0.035006 0.000005 0.000004 0.963652 0.000000 0.000004 0.000000 0.000030 0.000002 0.000013 0.000167 0.000215 0.000021 0.000200 0.000010 0.000010 0.000000 0.000144
 0.000513 0.000000 0.000010 0.000005 0.000004 0.001173 0.000000 0.000004 0.000000 0.000030 0.000002 0.000013 0.000167 0.997691 0.000021 0.000200 0.000010 0.000010 0.000000 0.000144
 0.000513 0.000000 0.000010 0.000005 0.000004 0.001173 0.000000 0.000004 0.000000 0.000030 0.000002 0.000013 0.612673 0.385185 0.000021 0.000200 0.000010 0.000010 0.000000 0.000144
 0.000513 0.000000 0.000010 0.000005 0.000004 0.998649 0.000000 0.000004 0.000000 0.000030 0.000002 0.000013 0.000167 0.000215 0.000021 0.000200 0.000010 0.000010 0.000000 0.000144
 0.000513 0.000000 0.000010 0.000005 0.000004 0.001173 0.000000 0.000004 0.000000 0.000030 0.000002 0.000013 0.000167 0.000215 0.000021 0.297680 0.000010 0.000010 0.000000 0.700140
 0.000513 0.000000 0.000010 0.000005 0.000004 0.001173 0.000000 0.000004 0.000000 0.000030 0.000002 0.000013 0.000167 0.000215 0.000021 0.997676 0.000010 0.000010 0.000000 0.000144
 0.000513 0.000000 0.000010 0.000005 0.000004 0.001173 0.000000 0.000004 0.052496 0.000030 0.000002 0.000013 0.000167 0.000215 0.000021 0.875186 0.000010 0.070004 0.000000 0.000144

MOTIF 26-AAAA STREME-26
letter-probability matrix: alength= 20 w= 4 nsites= 1530 E= 2.4e-001
 0.927563 0.000000 0.000364 0.000181 0.000135 0.042245 0.000004 0.000162 0.000014 0.001097 0.000086 0.000475 0.006010 0.007758 0.000771 0.007220 0.000361 0.000355 0.000000 0.005199
 0.927563 0.000000 0.000364 0.000181 0.000135 0.042245 0.000004 0.000162 0.000014 0.001097 0.000086 0.000475 0.006010 0.007758 0.000771 0.007220 0.000361 0.000355 0.000000 0.005199
 0.927563 0.000000 0.000364 0.000181 0.000135 0.042245 0.000004 0.000162 0.000014 0.001097 0.000086 0.000475 0.006010 0.007758 0.000771 0.007220 0.000361 0.000355 0.000000 0.005199
 0.927563 0.000000 0.000364 0.000181 0.000135 0.042245 0.000004 0.000162 0.000014 0.001097 0.000086 0.000475 0.006010 0.007758 0.000771 0.007220 0.000361 0.000355 0.000000 0.005199

MOTIF 27-NNGAG STREME-27
letter-probability matrix: alength= 20 w= 5 nsites= 93 E= 2.6e-001
 0.000373 0.000000 0.000007 0.000004 0.000003 0.000852 0.000000 0.000003 0.000000 0.000022 0.000002 0.998176 0.000121 0.000157 0.000016 0.000146 0.000007 0.000007 0.000000 0.000105
 0.000373 0.000000 0.000007 0.000004 0.000003 0.000852 0.000000 0.000003 0.000000 0.000022 0.000002 0.998176 0.000121 0.000157 0.000016 0.000146 0.000007 0.000007 0.000000 0.000105
 0.000373 0.000000 0.000007 0.000004 0.000003 0.999018 0.000000 0.000003 0.000000 0.000022 0.000002 0.000010 0.000121 0.000157 0.000016 0.000146 0.000007 0.000007 0.000000 0.000105
 0.502509 0.000000 0.000007 0.000004 0.000003 0.496881 0.000000 0.000003 0.000000 0.000022 0.000002 0.000010 0.000121 0.000157 0.000016 0.000146 0.000007 0.000007 0.000000 0.000105
 0.000373 0.000000 0.000007 0.000004 0.000003 0.502989 0.000000 0.000003 0.000000 0.000022 0.000002 0.000010 0.000121 0.000157 0.000016 0.000146 0.000007 0.000007 0.000000 0.496134

MOTIF 28-GAGGAGSG STREME-28
letter-probability matrix: alength= 20 w= 8 nsites= 90 E= 2.6e-001
 0.018473 0.000000 0.000364 0.000181 0.000135 0.951336 0.000004 0.000162 0.000014 0.001097 0.000086 0.000475 0.006010 0.007758 0.000771 0.007220 0.000361 0.000355 0.000000 0.005199
 0.927563 0.000000 0.000364 0.000181 0.000135 0.042245 0.000004 0.000162 0.000014 0.001097 0.000086 0.000475 0.006010 0.007758 0.000771 0.007220 0.000361 0.000355 0.000000 0.005199
 0.018473 0.000000 0.000364 0.000181 0.000135 0.951336 0.000004 0.000162 0.000014 0.001097 0.000086 0.000475 0.006010 0.007758 0.000771 0.007220 0.000361 0.000355 0.000000 0.005199
 0.018473 0.000000 0.000364 0.000181 0.000135 0.951336 0.000004 0.000162 0.000014 0.001097 0.000086 0.000475 0.006010 0.007758 0.000771 0.007220 0.000361 0.000355 0.000000 0.005199
 0.927563 0.000000 0.000364 0.000181 0.000135 0.042245 0.000004 0.000162 0.000014 0.001097 0.000086 0.000475 0.006010 0.007758 0.000771 0.007220 0.000361 0.000355 0.000000 0.005199
 0.018473 0.000000 0.000364 0.000181 0.000135 0.951336 0.000004 0.000162 0.000014 0.001097 0.000086 0.000475 0.006010 0.007758 0.000771 0.007220 0.000361 0.000355 0.000000 0.005199
 0.018473 0.000000 0.000364 0.000181 0.000135 0.042245 0.000004 0.000162 0.000014 0.001097 0.000086 0.000475 0.006010 0.007758 0.000771 0.916311 0.000361 0.000355 0.000000 0.005199
 0.018473 0.000000 0.000364 0.000181 0.000135 0.951336 0.000004 0.000162 0.000014 0.001097 0.000086 0.000475 0.006010 0.007758 0.000771 0.007220 0.000361 0.000355 0.000000 0.005199

MOTIF 29-PGSQ STREME-29
letter-probability matrix: alength= 20 w= 4 nsites= 286 E= 3.0e-001
 0.018473 0.000000 0.000364 0.000181 0.000135 0.042245 0.000004 0.000162 0.000014 0.001097 0.000086 0.000475 0.915101 0.007758 0.000771 0.007220 0.000361 0.000355 0.000000 0.005199
 0.018473 0.000000 0.000364 0.000181 0.000135 0.951336 0.000004 0.000162 0.000014 0.001097 0.000086 0.000475 0.006010 0.007758 0.000771 0.007220 0.000361 0.000355 0.000000 0.005199
 0.018473 0.000000 0.000364 0.000181 0.000135 0.042245 0.000004 0.000162 0.000014 0.001097 0.000086 0.000475 0.006010 0.007758 0.000771 0.916311 0.000361 0.000355 0.000000 0.005199
 0.018473 0.000000 0.000364 0.000181 0.000135 0.042245 0.000004 0.000162 0.000014 0.001097 0.000086 0.000475 0.006010 0.916849 0.000771 0.007220 0.000361 0.000355 0.000000 0.005199

MOTIF 30-SQGPS STREME-30
letter-probability matrix: alength= 20 w= 5 nsites= 93 E= 3.5e-001
 0.018473 0.000000 0.000364 0.000181 0.000135 0.042245 0.000004 0.000162 0.000014 0.001097 0.000086 0.000475 0.006010 0.007758 0.000771 0.916311 0.000361 0.000355 0.000000 0.005199
 0.018473 0.000000 0.000364 0.000181 0.000135 0.042245 0.000004 0.000162 0.000014 0.001097 0.000086 0.000475 0.006010 0.916849 0.000771 0.007220 0.000361 0.000355 0.000000 0.005199
 0.018473 0.000000 0.000364 0.000181 0.000135 0.951336 0.000004 0.000162 0.000014 0.001097 0.000086 0.000475 0.006010 0.007758 0.000771 0.007220 0.000361 0.000355 0.000000 0.005199
 0.018473 0.000000 0.000364 0.000181 0.000135 0.042245 0.000004 0.000162 0.000014 0.001097 0.000086 0.000475 0.915101 0.007758 0.000771 0.007220 0.000361 0.000355 0.000000 0.005199
 0.018473 0.000000 0.000364 0.000181 0.000135 0.042245 0.000004 0.000162 0.000014 0.001097 0.000086 0.000475 0.006010 0.007758 0.000771 0.916311 0.000361 0.000355 0.000000 0.005199

MOTIF 31-YGPS STREME-31
letter-probability matrix: alength= 20 w= 4 nsites= 166 E= 3.8e-001
 0.018473 0.000000 0.000364 0.000181 0.000135 0.042245 0.000004 0.000162 0.000014 0.001097 0.000086 0.000475 0.006010 0.007758 0.000771 0.007220 0.000361 0.000355 0.000000 0.914290
 0.018473 0.000000 0.000364 0.000181 0.000135 0.951336 0.000004 0.000162 0.000014 0.001097 0.000086 0.000475 0.006010 0.007758 0.000771 0.007220 0.000361 0.000355 0.000000 0.005199
 0.018473 0.000000 0.000364 0.000181 0.000135 0.042245 0.000004 0.000162 0.000014 0.001097 0.000086 0.000475 0.915101 0.007758 0.000771 0.007220 0.000361 0.000355 0.000000 0.005199
 0.018473 0.000000 0.000364 0.000181 0.000135 0.042245 0.000004 0.000162 0.000014 0.001097 0.000086 0.000475 0.006010 0.007758 0.000771 0.916311 0.000361 0.000355 0.000000 0.005199

MOTIF 32-RGYGPG STREME-32
letter-probability matrix: alength= 20 w= 6 nsites= 76 E= 7.0e-001
 0.000418 0.000000 0.000008 0.000004 0.000003 0.000955 0.000000 0.000004 0.000000 0.000025 0.000002 0.000011 0.000136 0.000175 0.997962 0.000163 0.000008 0.000008 0.000000 0.000118
 0.000418 0.000000 0.000008 0.000004 0.000003 0.913404 0.000000 0.000004 0.000000 0.000025 0.000002 0.000011 0.085632 0.000175 0.000017 0.000163 0.000008 0.000008 0.000000 0.000118
 0.000418 0.000000 0.000008 0.000004 0.000003 0.000955 0.000000 0.000004 0.000000 0.000025 0.000002 0.000011 0.000136 0.000175 0.000017 0.000163 0.000008 0.000008 0.000000 0.998062
 0.000418 0.000000 0.000008 0.000004 0.000003 0.998900 0.000000 0.000004 0.000000 0.000025 0.000002 0.000011 0.000136 0.000175 0.000017 0.000163 0.000008 0.000008 0.000000 0.000118
 0.000418 0.000000 0.000008 0.000004 0.000003 0.000955 0.000000 0.000004 0.000000 0.000025 0.000002 0.000011 0.998080 0.000175 0.000017 0.000163 0.000008 0.000008 0.000000 0.000118
 0.000418 0.000000 0.000008 0.000004 0.000003 0.884902 0.000000 0.000004 0.000000 0.000025 0.000002 0.000011 0.000136 0.000175 0.114015 0.000163 0.000008 0.000008 0.000000 0.000118

MOTIF 33-RGGYGGQGAGSGAAA STREME-33
letter-probability matrix: alength= 20 w= 15 nsites= 51 E= 7.0e-001
 0.000696 0.000000 0.000014 0.000007 0.000005 0.001591 0.000000 0.000006 0.000001 0.000041 0.000003 0.000018 0.023953 0.451129 0.498315 0.023999 0.000014 0.000013 0.000000 0.000196
 0.000696 0.000000 0.000014 0.000007 0.000005 0.998168 0.000000 0.000006 0.000001 0.000041 0.000003 0.000018 0.000226 0.000292 0.000029 0.000272 0.000014 0.000013 0.000000 0.000196
 0.000696 0.000000 0.000014 0.000007 0.000005 0.998168 0.000000 0.000006 0.000001 0.000041 0.000003 0.000018 0.000226 0.000292 0.000029 0.000272 0.000014 0.000013 0.000000 0.000196
 0.000696 0.000000 0.000014 0.000007 0.000005 0.001591 0.000000 0.000006 0.000001 0.000041 0.000003 0.000018 0.000226 0.000292 0.000029 0.000272 0.000014 0.000013 0.000000 0.996773
 0.000696 0.000000 0.000014 0.000007 0.000005 0.998168 0.000000 0.000006 0.000001 0.000041 0.000003 0.000018 0.000226 0.000292 0.000029 0.000272 0.000014 0.000013 0.000000 0.000196
 0.000696 0.000000 0.000014 0.000007 0.000005 0.760893 0.000000 0.000006 0.000001 0.000041 0.000003 0.000018 0.000226 0.190113 0.047484 0.000272 0.000014 0.000013 0.000000 0.000196
 0.000696 0.000000 0.000014 0.000007 0.000005 0.215139 0.000000 0.000006 0.000001 0.284777 0.000003 0.000018 0.000226 0.474858 0.000029 0.000272 0.000014 0.023740 0.000000 0.000196
 0.000696 0.000000 0.000014 0.000007 0.000005 0.974441 0.000000 0.000006 0.000001 0.000041 0.000003 0.000018 0.000226 0.000292 0.000029 0.000272 0.000014 0.023740 0.000000 0.000196
 0.688810 0.000000 0.000014 0.000007 0.000005 0.191416 0.000000 0.000006 0.000001 0.000041 0.000003 0.000018 0.000226 0.000292 0.118667 0.000272 0.000014 0.000013 0.000000 0.000196
 0.000696 0.000000 0.000014 0.000007 0.000005 0.998168 0.000000 0.000006 0.000001 0.000041 0.000003 0.000018 0.000226 0.000292 0.000029 0.000272 0.000014 0.000013 0.000000 0.000196
 0.190516 0.000000 0.000014 0.000007 0.000005 0.191413 0.000000 0.000006 0.000001 0.000041 0.000003 0.000018 0.000226 0.095201 0.000029 0.522297 0.000014 0.000013 0.000000 0.000196
 0.143064 0.000000 0.284749 0.000007 0.000005 0.571064 0.000000 0.000006 0.000001 0.000041 0.000003 0.000018 0.000226 0.000292 0.000029 0.000272 0.000014 0.000013 0.000000 0.000196
 0.617629 0.000000 0.000014 0.000007 0.000005 0.143959 0.000000 0.000006 0.000001 0.000041 0.000003 0.000018 0.000226 0.000292 0.000029 0.237547 0.000014 0.000013 0.000000 0.000196
 0.926091 0.000000 0.000014 0.000007 0.000005 0.072772 0.000000 0.000006 0.000001 0.000041 0.000003 0.000018 0.000226 0.000292 0.000029 0.000272 0.000014 0.000013 0.000000 0.000196
 0.973545 0.000000 0.000014 0.000007 0.000005 0.025318 0.000000 0.000006 0.000001 0.000041 0.000003 0.000018 0.000226 0.000292 0.000029 0.000272 0.000014 0.000013 0.000000 0.000196

MOTIF 34-AGAGAAAGAGAGAGA STREME-34
letter-probability matrix: alength= 20 w= 15 nsites= 47 E= 7.0e-001
 0.972902 0.000000 0.000014 0.000007 0.000005 0.001629 0.000000 0.000006 0.000001 0.000042 0.000003 0.000018 0.000232 0.000299 0.000030 0.024583 0.000014 0.000014 0.000000 0.000201
 0.073625 0.000000 0.000014 0.000007 0.000005 0.925210 0.000000 0.000006 0.000001 0.000042 0.000003 0.000018 0.000232 0.000299 0.000030 0.000278 0.000014 0.000014 0.000000 0.000201
 0.997206 0.000000 0.000014 0.000007 0.000005 0.001629 0.000000 0.000006 0.000001 0.000042 0.000003 0.000018 0.000232 0.000299 0.000030 0.000278 0.000014 0.000014 0.000000 0.000201
 0.195151 0.000000 0.000014 0.000007 0.000005 0.803684 0.000000 0.000006 0.000001 0.000042 0.000003 0.000018 0.000232 0.000299 0.000030 0.000278 0.000014 0.000014 0.000000 0.000201
 0.948597 0.000000 0.000014 0.000007 0.000005 0.050239 0.000000 0.000006 0.000001 0.000042 0.000003 0.000018 0.000232 0.000299 0.000030 0.000278 0.000014 0.000014 0.000000 0.000201
 0.729855 0.000000 0.000014 0.000007 0.000005 0.268981 0.000000 0.000006 0.000001 0.000042 0.000003 0.000018 0.000232 0.000299 0.000030 0.000278 0.000014 0.000014 0.000000 0.000201
 0.997206 0.000000 0.000014 0.000007 0.000005 0.001629 0.000000 0.000006 0.000001 0.000042 0.000003 0.000018 0.000232 0.000299 0.000030 0.000278 0.000014 0.000014 0.000000 0.000201
 0.025017 0.000000 0.000014 0.000007 0.000005 0.973819 0.000000 0.000006 0.000001 0.000042 0.000003 0.000018 0.000232 0.000299 0.000030 0.000278 0.000014 0.000014 0.000000 0.000201
 0.875683 0.000000 0.000014 0.000007 0.000005 0.098848 0.000000 0.000006 0.000001 0.000042 0.000003 0.000018 0.000232 0.000299 0.000030 0.024583 0.000014 0.000014 0.000000 0.000201
 0.486807 0.000000 0.000014 0.000007 0.000005 0.512028 0.000000 0.000006 0.000001 0.000042 0.000003 0.000018 0.000232 0.000299 0.000030 0.000278 0.000014 0.000014 0.000000 0.000201
 0.875683 0.000000 0.000014 0.000007 0.000005 0.123152 0.000000 0.000006 0.000001 0.000042 0.000003 0.000018 0.000232 0.000299 0.000030 0.000278 0.000014 0.000014 0.000000 0.000201
 0.170844 0.000000 0.000014 0.000007 0.000005 0.827991 0.000000 0.000006 0.000001 0.000042 0.000003 0.000018 0.000232 0.000299 0.000030 0.000278 0.000014 0.000014 0.000000 0.000201
 0.656941 0.000000 0.000014 0.000007 0.000005 0.074544 0.000000 0.000006 0.000001 0.000042 0.000003 0.000018 0.000232 0.000299 0.000030 0.000278 0.000014 0.121538 0.000000 0.146028
 0.292372 0.000000 0.000014 0.000007 0.000005 0.706464 0.000000 0.000006 0.000001 0.000042 0.000003 0.000018 0.000232 0.000299 0.000030 0.000278 0.000014 0.000014 0.000000 0.000201
 0.535416 0.000000 0.000014 0.000007 0.000005 0.293288 0.000000 0.000006 0.000001 0.000042 0.000003 0.000018 0.000232 0.170431 0.000030 0.000278 0.000014 0.000014 0.000000 0.000201

MOTIF 35-ASAA STREME-35
letter-probability matrix: alength= 20 w= 4 nsites= 566 E= 1.1e+000
 0.927563 0.000000 0.000364 0.000181 0.000135 0.042245 0.000004 0.000162 0.000014 0.001097 0.000086 0.000475 0.006010 0.007758 0.000771 0.007220 0.000361 0.000355 0.000000 0.005199
 0.018473 0.000000 0.000364 0.000181 0.000135 0.042245 0.000004 0.000162 0.000014 0.001097 0.000086 0.000475 0.006010 0.007758 0.000771 0.916311 0.000361 0.000355 0.000000 0.005199
 0.927563 0.000000 0.000364 0.000181 0.000135 0.042245 0.000004 0.000162 0.000014 0.001097 0.000086 0.000475 0.006010 0.007758 0.000771 0.007220 0.000361 0.000355 0.000000 0.005199
 0.927563 0.000000 0.000364 0.000181 0.000135 0.042245 0.000004 0.000162 0.000014 0.001097 0.000086 0.000475 0.006010 0.007758 0.000771 0.007220 0.000361 0.000355 0.000000 0.005199

MOTIF 36-DGS STREME-36
letter-probability matrix: alength= 20 w= 3 nsites= 211 E= 1.2e+000
 0.018473 0.000000 0.909455 0.000181 0.000135 0.042245 0.000004 0.000162 0.000014 0.001097 0.000086 0.000475 0.006010 0.007758 0.000771 0.007220 0.000361 0.000355 0.000000 0.005199
 0.018473 0.000000 0.000364 0.000181 0.000135 0.951336 0.000004 0.000162 0.000014 0.001097 0.000086 0.000475 0.006010 0.007758 0.000771 0.007220 0.000361 0.000355 0.000000 0.005199
 0.018473 0.000000 0.000364 0.000181 0.000135 0.042245 0.000004 0.000162 0.000014 0.001097 0.000086 0.000475 0.006010 0.007758 0.000771 0.916311 0.000361 0.000355 0.000000 0.005199

MOTIF 37-YGQGA STREME-37
letter-probability matrix: alength= 20 w= 5 nsites= 203 E= 1.2e+000
 0.018473 0.000000 0.000364 0.000181 0.000135 0.042245 0.000004 0.000162 0.000014 0.001097 0.000086 0.000475 0.006010 0.007758 0.000771 0.007220 0.000361 0.000355 0.000000 0.914290
 0.018473 0.000000 0.000364 0.000181 0.000135 0.951336 0.000004 0.000162 0.000014 0.001097 0.000086 0.000475 0.006010 0.007758 0.000771 0.007220 0.000361 0.000355 0.000000 0.005199
 0.018473 0.000000 0.000364 0.000181 0.000135 0.042245 0.000004 0.000162 0.000014 0.001097 0.000086 0.000475 0.006010 0.916849 0.000771 0.007220 0.000361 0.000355 0.000000 0.005199
 0.018473 0.000000 0.000364 0.000181 0.000135 0.951336 0.000004 0.000162 0.000014 0.001097 0.000086 0.000475 0.006010 0.007758 0.000771 0.007220 0.000361 0.000355 0.000000 0.005199
 0.927563 0.000000 0.000364 0.000181 0.000135 0.042245 0.000004 0.000162 0.000014 0.001097 0.000086 0.000475 0.006010 0.007758 0.000771 0.007220 0.000361 0.000355 0.000000 0.005199

MOTIF 38-QDQG STREME-38
letter-probability matrix: alength= 20 w= 4 nsites= 57 E= 1.4e+000
 0.018473 0.000000 0.000364 0.000181 0.000135 0.042245 0.000004 0.000162 0.000014 0.001097 0.000086 0.000475 0.006010 0.916849 0.000771 0.007220 0.000361 0.000355 0.000000 0.005199
 0.018473 0.000000 0.909455 0.000181 0.000135 0.042245 0.000004 0.000162 0.000014 0.001097 0.000086 0.000475 0.006010 0.007758 0.000771 0.007220 0.000361 0.000355 0.000000 0.005199
 0.018473 0.000000 0.000364 0.000181 0.000135 0.042245 0.000004 0.000162 0.000014 0.001097 0.000086 0.000475 0.006010 0.916849 0.000771 0.007220 0.000361 0.000355 0.000000 0.005199
 0.018473 0.000000 0.000364 0.000181 0.000135 0.951336 0.000004 0.000162 0.000014 0.001097 0.000086 0.000475 0.006010 0.007758 0.000771 0.007220 0.000361 0.000355 0.000000 0.005199

MOTIF 39-SGPGGA STREME-39
letter-probability matrix: alength= 20 w= 6 nsites= 157 E= 1.5e+000
 0.018473 0.000000 0.000364 0.000181 0.000135 0.042245 0.000004 0.000162 0.000014 0.001097 0.000086 0.000475 0.006010 0.007758 0.000771 0.916311 0.000361 0.000355 0.000000 0.005199
 0.018473 0.000000 0.000364 0.000181 0.000135 0.951336 0.000004 0.000162 0.000014 0.001097 0.000086 0.000475 0.006010 0.007758 0.000771 0.007220 0.000361 0.000355 0.000000 0.005199
 0.018473 0.000000 0.000364 0.000181 0.000135 0.042245 0.000004 0.000162 0.000014 0.001097 0.000086 0.000475 0.915101 0.007758 0.000771 0.007220 0.000361 0.000355 0.000000 0.005199
 0.018473 0.000000 0.000364 0.000181 0.000135 0.951336 0.000004 0.000162 0.000014 0.001097 0.000086 0.000475 0.006010 0.007758 0.000771 0.007220 0.000361 0.000355 0.000000 0.005199
 0.018473 0.000000 0.000364 0.000181 0.000135 0.951336 0.000004 0.000162 0.000014 0.001097 0.000086 0.000475 0.006010 0.007758 0.000771 0.007220 0.000361 0.000355 0.000000 0.005199
 0.927563 0.000000 0.000364 0.000181 0.000135 0.042245 0.000004 0.000162 0.000014 0.001097 0.000086 0.000475 0.006010 0.007758 0.000771 0.007220 0.000361 0.000355 0.000000 0.005199

MOTIF 40-LSGP STREME-40
letter-probability matrix: alength= 20 w= 4 nsites= 108 E= 1.5e+000
 0.000506 0.000000 0.000010 0.000005 0.000004 0.001158 0.000000 0.000004 0.000000 0.997539 0.000002 0.000013 0.000165 0.000213 0.000021 0.000198 0.000010 0.000010 0.000000 0.000142
 0.000506 0.000000 0.000010 0.000005 0.000004 0.347154 0.000000 0.000004 0.000000 0.051833 0.000002 0.000013 0.000165 0.060266 0.000021 0.367162 0.000010 0.000010 0.000000 0.172835
 0.000506 0.000000 0.000010 0.000005 0.000004 0.998666 0.000000 0.000004 0.000000 0.000030 0.000002 0.000013 0.000165 0.000213 0.000021 0.000198 0.000010 0.000010 0.000000 0.000142
 0.000506 0.000000 0.000010 0.000005 0.000004 0.001158 0.000000 0.000004 0.000000 0.000030 0.000002 0.000013 0.997674 0.000213 0.000021 0.000198 0.000010 0.000010 0.000000 0.000142

MOTIF 41-SGAGAGY STREME-41
letter-probability matrix: alength= 20 w= 7 nsites= 61 E= 1.6e+000
 0.018473 0.000000 0.000364 0.000181 0.000135 0.042245 0.000004 0.000162 0.000014 0.001097 0.000086 0.000475 0.006010 0.007758 0.000771 0.916311 0.000361 0.000355 0.000000 0.005199
 0.018473 0.000000 0.000364 0.000181 0.000135 0.951336 0.000004 0.000162 0.000014 0.001097 0.000086 0.000475 0.006010 0.007758 0.000771 0.007220 0.000361 0.000355 0.000000 0.005199
 0.927563 0.000000 0.000364 0.000181 0.000135 0.042245 0.000004 0.000162 0.000014 0.001097 0.000086 0.000475 0.006010 0.007758 0.000771 0.007220 0.000361 0.000355 0.000000 0.005199
 0.018473 0.000000 0.000364 0.000181 0.000135 0.951336 0.000004 0.000162 0.000014 0.001097 0.000086 0.000475 0.006010 0.007758 0.000771 0.007220 0.000361 0.000355 0.000000 0.005199
 0.927563 0.000000 0.000364 0.000181 0.000135 0.042245 0.000004 0.000162 0.000014 0.001097 0.000086 0.000475 0.006010 0.007758 0.000771 0.007220 0.000361 0.000355 0.000000 0.005199
 0.018473 0.000000 0.000364 0.000181 0.000135 0.951336 0.000004 0.000162 0.000014 0.001097 0.000086 0.000475 0.006010 0.007758 0.000771 0.007220 0.000361 0.000355 0.000000 0.005199
 0.018473 0.000000 0.000364 0.000181 0.000135 0.042245 0.000004 0.000162 0.000014 0.001097 0.000086 0.000475 0.006010 0.007758 0.000771 0.007220 0.000361 0.000355 0.000000 0.914290

MOTIF 42-SGTG STREME-42
letter-probability matrix: alength= 20 w= 4 nsites= 77 E= 1.6e+000
 0.018473 0.000000 0.000364 0.000181 0.000135 0.042245 0.000004 0.000162 0.000014 0.001097 0.000086 0.000475 0.006010 0.007758 0.000771 0.916311 0.000361 0.000355 0.000000 0.005199
 0.018473 0.000000 0.000364 0.000181 0.000135 0.951336 0.000004 0.000162 0.000014 0.001097 0.000086 0.000475 0.006010 0.007758 0.000771 0.007220 0.000361 0.000355 0.000000 0.005199
 0.018473 0.000000 0.000364 0.000181 0.000135 0.042245 0.000004 0.000162 0.000014 0.001097 0.000086 0.000475 0.006010 0.007758 0.000771 0.007220 0.909452 0.000355 0.000000 0.005199
 0.018473 0.000000 0.000364 0.000181 0.000135 0.951336 0.000004 0.000162 0.000014 0.001097 0.000086 0.000475 0.006010 0.007758 0.000771 0.007220 0.000361 0.000355 0.000000 0.005199

MOTIF 43-GAGAGGAGGY STREME-43
letter-probability matrix: alength= 20 w= 10 nsites= 79 E= 4.9e+000
 0.062928 0.000000 0.000009 0.000004 0.000003 0.936323 0.000000 0.000004 0.000000 0.000027 0.000002 0.000012 0.000149 0.000192 0.000019 0.000179 0.000009 0.000009 0.000000 0.000129
 0.998205 0.000000 0.000009 0.000004 0.000003 0.001047 0.000000 0.000004 0.000000 0.000027 0.000002 0.000012 0.000149 0.000192 0.000019 0.000179 0.000009 0.000009 0.000000 0.000129
 0.016075 0.000000 0.000009 0.000004 0.000003 0.983177 0.000000 0.000004 0.000000 0.000027 0.000002 0.000012 0.000149 0.000192 0.000019 0.000179 0.000009 0.000009 0.000000 0.000129
 0.998205 0.000000 0.000009 0.000004 0.000003 0.001047 0.000000 0.000004 0.000000 0.000027 0.000002 0.000012 0.000149 0.000192 0.000019 0.000179 0.000009 0.000009 0.000000 0.000129
 0.175275 0.000000 0.000009 0.000004 0.000003 0.823976 0.000000 0.000004 0.000000 0.000027 0.000002 0.000012 0.000149 0.000192 0.000019 0.000179 0.000009 0.000009 0.000000 0.000129
 0.089141 0.000000 0.000009 0.000004 0.000003 0.816406 0.000000 0.000004 0.000000 0.000027 0.000002 0.000012 0.000149 0.000192 0.046871 0.047031 0.000009 0.000009 0.000000 0.000129
 0.998205 0.000000 0.000009 0.000004 0.000003 0.001047 0.000000 0.000004 0.000000 0.000027 0.000002 0.000012 0.000149 0.000192 0.000019 0.000179 0.000009 0.000009 0.000000 0.000129
 0.000458 0.000000 0.000009 0.000004 0.000003 0.998794 0.000000 0.000004 0.000000 0.000027 0.000002 0.000012 0.000149 0.000192 0.000019 0.000179 0.000009 0.000009 0.000000 0.000129
 0.000458 0.000000 0.000009 0.000004 0.000003 0.998794 0.000000 0.000004 0.000000 0.000027 0.000002 0.000012 0.000149 0.000192 0.000019 0.000179 0.000009 0.000009 0.000000 0.000129
 0.000458 0.000000 0.000009 0.000004 0.000003 0.001047 0.000000 0.000004 0.000000 0.000027 0.000002 0.000012 0.000149 0.000192 0.000019 0.000179 0.000009 0.000009 0.000000 0.997876

MOTIF 44-IAISLGY STREME-44
letter-probability matrix: alength= 20 w= 7 nsites= 63 E= 5.6e+000
 0.018473 0.000000 0.000364 0.000181 0.000135 0.042245 0.000004 0.909253 0.000014 0.001097 0.000086 0.000475 0.006010 0.007758 0.000771 0.007220 0.000361 0.000355 0.000000 0.005199
 0.927563 0.000000 0.000364 0.000181 0.000135 0.042245 0.000004 0.000162 0.000014 0.001097 0.000086 0.000475 0.006010 0.007758 0.000771 0.007220 0.000361 0.000355 0.000000 0.005199
 0.018473 0.000000 0.000364 0.000181 0.000135 0.042245 0.000004 0.909253 0.000014 0.001097 0.000086 0.000475 0.006010 0.007758 0.000771 0.007220 0.000361 0.000355 0.000000 0.005199
 0.018473 0.000000 0.000364 0.000181 0.000135 0.042245 0.000004 0.000162 0.000014 0.001097 0.000086 0.000475 0.006010 0.007758 0.000771 0.916311 0.000361 0.000355 0.000000 0.005199
 0.018473 0.000000 0.000364 0.000181 0.000135 0.042245 0.000004 0.000162 0.000014 0.910188 0.000086 0.000475 0.006010 0.007758 0.000771 0.007220 0.000361 0.000355 0.000000 0.005199
 0.018473 0.000000 0.000364 0.000181 0.000135 0.951336 0.000004 0.000162 0.000014 0.001097 0.000086 0.000475 0.006010 0.007758 0.000771 0.007220 0.000361 0.000355 0.000000 0.005199
 0.018473 0.000000 0.000364 0.000181 0.000135 0.042245 0.000004 0.000162 0.000014 0.001097 0.000086 0.000475 0.006010 0.007758 0.000771 0.007220 0.000361 0.000355 0.000000 0.914290

MOTIF 45-GQGGQG STREME-45
letter-probability matrix: alength= 20 w= 6 nsites= 153 E= 5.9e+000
 0.018473 0.000000 0.000364 0.000181 0.000135 0.951336 0.000004 0.000162 0.000014 0.001097 0.000086 0.000475 0.006010 0.007758 0.000771 0.007220 0.000361 0.000355 0.000000 0.005199
 0.018473 0.000000 0.000364 0.000181 0.000135 0.042245 0.000004 0.000162 0.000014 0.001097 0.000086 0.000475 0.006010 0.916849 0.000771 0.007220 0.000361 0.000355 0.000000 0.005199
 0.018473 0.000000 0.000364 0.000181 0.000135 0.951336 0.000004 0.000162 0.000014 0.001097 0.000086 0.000475 0.006010 0.007758 0.000771 0.007220 0.000361 0.000355 0.000000 0.005199
 0.018473 0.000000 0.000364 0.000181 0.000135 0.951336 0.000004 0.000162 0.000014 0.001097 0.000086 0.000475 0.006010 0.007758 0.000771 0.007220 0.000361 0.000355 0.000000 0.005199
 0.018473 0.000000 0.000364 0.000181 0.000135 0.042245 0.000004 0.000162 0.000014 0.001097 0.000086 0.000475 0.006010 0.916849 0.000771 0.007220 0.000361 0.000355 0.000000 0.005199
 0.018473 0.000000 0.000364 0.000181 0.000135 0.951336 0.000004 0.000162 0.000014 0.001097 0.000086 0.000475 0.006010 0.007758 0.000771 0.007220 0.000361 0.000355 0.000000 0.005199

********************************************************************************
Stopped because 3 consecutive motifs exceeded the p-value threshold (0.05).
********************************************************************************
COMMAND:	streme --protein --p ./Data/v0_cluster_windows_15mers/cluster_15.fasta --minw 3 --maxw 15 --thresh 0.05 --oc ./Results/v0_Parallel_Run_20250503_171149/streme_out_cluster_15
********************************************************************************
CPU:		Hirokis-MacBook-Air.local
********************************************************************************
FINALTIME:	643.39 seconds
********************************************************************************
