********************************************************************************
STREME - Sensitive, Thorough, Rapid, Enriched Motif Elicitation
********************************************************************************
MEME version 5.5.7 (Release date: Wed Jun 19 13:59:04 2024 -0700)

For further information on how to interpret these results please access https://meme-suite.org/meme.
To get a copy of the MEME Suite software please access https://meme-suite.org.

********************************************************************************


********************************************************************************
REFERENCE
********************************************************************************
If you use this program in your research, please cite:

Timothy L. Bailey,
"STREME: accurate and versatile sequence motif discovery",
Bioinformatics, Mar. 24, 2021.
********************************************************************************


ALPHABET= ACDEFGHIKLMNPQRSTVWY

strands: +

Background letter frequencies
A 0.246 C 8.32e-05 D 8.32e-05 E 8.32e-05 F 0.00175 G 0.399 H 8.32e-05 I 8.32e-05 K 8.32e-05 L 0.0084 M 8.32e-05 N 8.32e-05 P 0.00175 Q 0.147 R 0.00341 S 0.0899 T 0.0101 V 0.0167 W 8.32e-05 Y 0.075 

MOTIF 1-GGYGGQ STREME-1
letter-probability matrix: alength= 20 w= 6 nsites= 40 S= 9.3e-024
 0.000794 0.000000 0.000000 0.000000 0.000006 0.998064 0.000000 0.000000 0.000000 0.000027 0.000000 0.000000 0.000006 0.000472 0.000011 0.000290 0.000032 0.000054 0.000000 0.000242
 0.300115 0.000000 0.000000 0.000000 0.000006 0.653646 0.000000 0.000000 0.000000 0.000027 0.000000 0.000000 0.000006 0.000472 0.045108 0.000290 0.000032 0.000054 0.000000 0.000242
 0.023137 0.000000 0.000000 0.000000 0.000006 0.001288 0.000000 0.000000 0.000000 0.000027 0.000000 0.000000 0.000006 0.000472 0.000011 0.000290 0.000032 0.000054 0.000000 0.974675
 0.023137 0.000000 0.000000 0.000000 0.000006 0.975721 0.000000 0.000000 0.000000 0.000027 0.000000 0.000000 0.000006 0.000472 0.000011 0.000290 0.000032 0.000054 0.000000 0.000242
 0.000794 0.000000 0.000000 0.000000 0.000006 0.975721 0.000000 0.000000 0.000000 0.000027 0.000000 0.000000 0.000006 0.022815 0.000011 0.000290 0.000032 0.000054 0.000000 0.000242
 0.000794 0.000000 0.000000 0.000000 0.000006 0.001288 0.000000 0.000000 0.000000 0.000027 0.000000 0.000000 0.000006 0.997249 0.000011 0.000290 0.000032 0.000054 0.000000 0.000242

MOTIF 2-QGAAAS STREME-2
letter-probability matrix: alength= 20 w= 6 nsites= 37 S= 1.1e-019
 0.001054 0.000000 0.000000 0.000000 0.000007 0.001710 0.000000 0.000000 0.000000 0.000036 0.000000 0.000000 0.000007 0.996346 0.000015 0.000385 0.000043 0.000072 0.000000 0.000321
 0.001054 0.000000 0.000000 0.000000 0.000007 0.967756 0.000000 0.000000 0.000000 0.000036 0.000000 0.000000 0.000007 0.000627 0.000015 0.000385 0.000043 0.029745 0.000000 0.000321
 0.907208 0.000000 0.000000 0.000000 0.000007 0.001710 0.000000 0.000000 0.000000 0.000036 0.000000 0.000000 0.000007 0.000627 0.000015 0.060277 0.000043 0.029745 0.000000 0.000321
 0.724697 0.000000 0.000000 0.000000 0.000007 0.031383 0.000000 0.000000 0.000000 0.000036 0.000000 0.000000 0.000007 0.000627 0.000015 0.242788 0.000043 0.000072 0.000000 0.000321
 0.876989 0.000000 0.000000 0.000000 0.000007 0.061602 0.000000 0.000000 0.000000 0.000036 0.000000 0.000000 0.000007 0.000627 0.000015 0.060277 0.000043 0.000072 0.000000 0.000321
 0.123107 0.000000 0.000000 0.000000 0.000007 0.001710 0.000000 0.000000 0.000000 0.000036 0.000000 0.000000 0.000007 0.000627 0.000015 0.874052 0.000043 0.000072 0.000000 0.000321

MOTIF 3-SAT STREME-3
letter-probability matrix: alength= 20 w= 3 nsites= 3 S= 1.2e-001
 0.022392 0.000008 0.000008 0.000008 0.000159 0.036311 0.000008 0.000008 0.000008 0.000764 0.000008 0.000008 0.000159 0.013319 0.000310 0.917267 0.000916 0.001520 0.000008 0.006815
 0.931483 0.000008 0.000008 0.000008 0.000159 0.036311 0.000008 0.000008 0.000008 0.000764 0.000008 0.000008 0.000159 0.013319 0.000310 0.008176 0.000916 0.001520 0.000008 0.006815
 0.022392 0.000008 0.000008 0.000008 0.000159 0.036311 0.000008 0.000008 0.000008 0.000764 0.000008 0.000008 0.000159 0.013319 0.000310 0.008176 0.910006 0.001520 0.000008 0.006815

MOTIF 4-YGS STREME-4
letter-probability matrix: alength= 20 w= 3 nsites= 2 S= 2.5e-001
 0.022392 0.000008 0.000008 0.000008 0.000159 0.036311 0.000008 0.000008 0.000008 0.000764 0.000008 0.000008 0.000159 0.013319 0.000310 0.008176 0.000916 0.001520 0.000008 0.915906
 0.022392 0.000008 0.000008 0.000008 0.000159 0.945402 0.000008 0.000008 0.000008 0.000764 0.000008 0.000008 0.000159 0.013319 0.000310 0.008176 0.000916 0.001520 0.000008 0.006815
 0.022392 0.000008 0.000008 0.000008 0.000159 0.036311 0.000008 0.000008 0.000008 0.000764 0.000008 0.000008 0.000159 0.013319 0.000310 0.917267 0.000916 0.001520 0.000008 0.006815

MOTIF 5-GAAASA STREME-5
letter-probability matrix: alength= 20 w= 6 nsites= 1 S= 5.0e-001
 0.031055 0.000010 0.000010 0.000010 0.000220 0.924280 0.000010 0.000010 0.000010 0.001060 0.000010 0.000010 0.000220 0.018472 0.000430 0.011339 0.001270 0.002108 0.000010 0.009452
 0.904975 0.000010 0.000010 0.000010 0.000220 0.050360 0.000010 0.000010 0.000010 0.001060 0.000010 0.000010 0.000220 0.018472 0.000430 0.011339 0.001270 0.002108 0.000010 0.009452
 0.904975 0.000010 0.000010 0.000010 0.000220 0.050360 0.000010 0.000010 0.000010 0.001060 0.000010 0.000010 0.000220 0.018472 0.000430 0.011339 0.001270 0.002108 0.000010 0.009452
 0.904975 0.000010 0.000010 0.000010 0.000220 0.050360 0.000010 0.000010 0.000010 0.001060 0.000010 0.000010 0.000220 0.018472 0.000430 0.011339 0.001270 0.002108 0.000010 0.009452
 0.031055 0.000010 0.000010 0.000010 0.000220 0.050360 0.000010 0.000010 0.000010 0.001060 0.000010 0.000010 0.000220 0.018472 0.000430 0.885259 0.001270 0.002108 0.000010 0.009452
 0.904975 0.000010 0.000010 0.000010 0.000220 0.050360 0.000010 0.000010 0.000010 0.001060 0.000010 0.000010 0.000220 0.018472 0.000430 0.011339 0.001270 0.002108 0.000010 0.009452

********************************************************************************
Stopped because maximum number of motifs (5) reached.
********************************************************************************
COMMAND:	streme --protein --p ./Data/v1_cluster_windows_15mers/cluster_7339.fasta --minw 3 --maxw 15 --thresh 0.05 --oc ./Results/v1_Top500_Run_20250504_162200/streme_out_cluster_7339
********************************************************************************
CPU:		Hirokis-MacBook-Air.local
********************************************************************************
FINALTIME:	0.17 seconds
********************************************************************************
