********************************************************************************
STREME - Sensitive, Thorough, Rapid, Enriched Motif Elicitation
********************************************************************************
MEME version 5.5.7 (Release date: Wed Jun 19 13:59:04 2024 -0700)

For further information on how to interpret these results please access https://meme-suite.org/meme.
To get a copy of the MEME Suite software please access https://meme-suite.org.

********************************************************************************


********************************************************************************
REFERENCE
********************************************************************************
If you use this program in your research, please cite:

Timothy L. Bailey,
"STREME: accurate and versatile sequence motif discovery",
Bioinformatics, Mar. 24, 2021.
********************************************************************************


ALPHABET= ACDEFGHIKLMNPQRSTVWY

strands: +

Background letter frequencies
A 0.152 C 5.46e-05 D 5.46e-05 E 5.46e-05 F 0.0666 G 0.0546 H 5.46e-05 I 0.00115 K 0.00224 L 0.197 M 5.46e-05 N 0.126 P 5.46e-05 Q 0.0656 R 5.46e-05 S 0.319 T 0.0121 V 0.00442 W 5.46e-05 Y 5.46e-05 

MOTIF 1-ANAFAQSLSSNLLSS STREME-1
letter-probability matrix: alength= 20 w= 15 nsites= 61 E= 1.1e-003
 0.922891 0.000005 0.000005 0.000005 0.006059 0.004967 0.000005 0.000104 0.000203 0.017873 0.000005 0.011418 0.000005 0.005960 0.000005 0.028982 0.001096 0.000402 0.000005 0.000005
 0.013800 0.000005 0.000005 0.000005 0.006059 0.004967 0.000005 0.000104 0.000203 0.017873 0.000005 0.920509 0.000005 0.005960 0.000005 0.028982 0.001096 0.000402 0.000005 0.000005
 0.922891 0.000005 0.000005 0.000005 0.006059 0.004967 0.000005 0.000104 0.000203 0.017873 0.000005 0.011418 0.000005 0.005960 0.000005 0.028982 0.001096 0.000402 0.000005 0.000005
 0.013800 0.000005 0.000005 0.000005 0.915150 0.004967 0.000005 0.000104 0.000203 0.017873 0.000005 0.011418 0.000005 0.005960 0.000005 0.028982 0.001096 0.000402 0.000005 0.000005
 0.922891 0.000005 0.000005 0.000005 0.006059 0.004967 0.000005 0.000104 0.000203 0.017873 0.000005 0.011418 0.000005 0.005960 0.000005 0.028982 0.001096 0.000402 0.000005 0.000005
 0.013800 0.000005 0.000005 0.000005 0.006059 0.004967 0.000005 0.000104 0.000203 0.017873 0.000005 0.011418 0.000005 0.915051 0.000005 0.028982 0.001096 0.000402 0.000005 0.000005
 0.013800 0.000005 0.000005 0.000005 0.006059 0.004967 0.000005 0.000104 0.000203 0.017873 0.000005 0.011418 0.000005 0.005960 0.000005 0.938073 0.001096 0.000402 0.000005 0.000005
 0.013800 0.000005 0.000005 0.000005 0.006059 0.004967 0.000005 0.000104 0.000203 0.926964 0.000005 0.011418 0.000005 0.005960 0.000005 0.028982 0.001096 0.000402 0.000005 0.000005
 0.013800 0.000005 0.000005 0.000005 0.006059 0.004967 0.000005 0.000104 0.000203 0.017873 0.000005 0.011418 0.000005 0.005960 0.000005 0.938073 0.001096 0.000402 0.000005 0.000005
 0.013800 0.000005 0.000005 0.000005 0.006059 0.004967 0.000005 0.000104 0.000203 0.017873 0.000005 0.011418 0.000005 0.005960 0.000005 0.938073 0.001096 0.000402 0.000005 0.000005
 0.013800 0.000005 0.000005 0.000005 0.006059 0.004967 0.000005 0.000104 0.000203 0.017873 0.000005 0.920509 0.000005 0.005960 0.000005 0.028982 0.001096 0.000402 0.000005 0.000005
 0.013800 0.000005 0.000005 0.000005 0.006059 0.004967 0.000005 0.000104 0.000203 0.926964 0.000005 0.011418 0.000005 0.005960 0.000005 0.028982 0.001096 0.000402 0.000005 0.000005
 0.013800 0.000005 0.000005 0.000005 0.006059 0.004967 0.000005 0.000104 0.000203 0.926964 0.000005 0.011418 0.000005 0.005960 0.000005 0.028982 0.001096 0.000402 0.000005 0.000005
 0.013800 0.000005 0.000005 0.000005 0.006059 0.004967 0.000005 0.000104 0.000203 0.017873 0.000005 0.011418 0.000005 0.005960 0.000005 0.938073 0.001096 0.000402 0.000005 0.000005
 0.013800 0.000005 0.000005 0.000005 0.006059 0.004967 0.000005 0.000104 0.000203 0.017873 0.000005 0.011418 0.000005 0.005960 0.000005 0.938073 0.001096 0.000402 0.000005 0.000005

********************************************************************************
Stopped because the next motif had no positive sites with scores > 0.
********************************************************************************
COMMAND:	streme --protein --p ./Data/v1_cluster_windows_15mers/cluster_9997.fasta --minw 3 --maxw 15 --thresh 0.05 --oc ./Results/v1_Top500_Run_20250504_162200/streme_out_cluster_9997
********************************************************************************
CPU:		Hirokis-MacBook-Air.local
********************************************************************************
FINALTIME:	0.17 seconds
********************************************************************************
