********************************************************************************
STREME - Sensitive, Thorough, Rapid, Enriched Motif Elicitation
********************************************************************************
MEME version 5.5.7 (Release date: Wed Jun 19 13:59:04 2024 -0700)

For further information on how to interpret these results please access https://meme-suite.org/meme.
To get a copy of the MEME Suite software please access https://meme-suite.org.

********************************************************************************


********************************************************************************
REFERENCE
********************************************************************************
If you use this program in your research, please cite:

Timothy L. Bailey,
"STREME: accurate and versatile sequence motif discovery",
Bioinformatics, Mar. 24, 2021.
********************************************************************************


ALPHABET= ACDEFGHIKLMNPQRSTVWY

strands: +

Background letter frequencies
A 0.155 C 7.92e-05 D 0.0619 E 7.92e-05 F 7.92e-05 G 0.0666 H 7.92e-05 I 7.92e-05 K 0.00166 L 0.0635 M 7.92e-05 N 0.0841 P 0.0666 Q 0.0603 R 0.0651 S 0.228 T 0.00483 V 0.141 W 7.92e-05 Y 7.92e-05 

MOTIF 1-NVVSQVRASSPGLSD STREME-1
letter-probability matrix: alength= 20 w= 15 nsites= 42 S= 6.0e-025
 0.014127 0.000007 0.005626 0.000007 0.000007 0.006058 0.000007 0.000007 0.000151 0.005770 0.000007 0.916734 0.006058 0.005482 0.005915 0.020755 0.000439 0.012827 0.000007 0.000007
 0.014127 0.000007 0.005626 0.000007 0.000007 0.006058 0.000007 0.000007 0.000151 0.005770 0.000007 0.007643 0.006058 0.005482 0.005915 0.020755 0.000439 0.921918 0.000007 0.000007
 0.014127 0.000007 0.005626 0.000007 0.000007 0.006058 0.000007 0.000007 0.000151 0.005770 0.000007 0.007643 0.006058 0.005482 0.005915 0.020755 0.000439 0.921918 0.000007 0.000007
 0.014127 0.000007 0.005626 0.000007 0.000007 0.006058 0.000007 0.000007 0.000151 0.005770 0.000007 0.007643 0.006058 0.005482 0.005915 0.929845 0.000439 0.012827 0.000007 0.000007
 0.014127 0.000007 0.005626 0.000007 0.000007 0.006058 0.000007 0.000007 0.000151 0.005770 0.000007 0.007643 0.006058 0.914573 0.005915 0.020755 0.000439 0.012827 0.000007 0.000007
 0.014127 0.000007 0.005626 0.000007 0.000007 0.006058 0.000007 0.000007 0.000151 0.005770 0.000007 0.007643 0.006058 0.005482 0.005915 0.020755 0.000439 0.921918 0.000007 0.000007
 0.014127 0.000007 0.005626 0.000007 0.000007 0.006058 0.000007 0.000007 0.000151 0.005770 0.000007 0.007643 0.006058 0.005482 0.915005 0.020755 0.000439 0.012827 0.000007 0.000007
 0.923218 0.000007 0.005626 0.000007 0.000007 0.006058 0.000007 0.000007 0.000151 0.005770 0.000007 0.007643 0.006058 0.005482 0.005915 0.020755 0.000439 0.012827 0.000007 0.000007
 0.014127 0.000007 0.005626 0.000007 0.000007 0.006058 0.000007 0.000007 0.000151 0.005770 0.000007 0.007643 0.006058 0.005482 0.005915 0.929845 0.000439 0.012827 0.000007 0.000007
 0.014127 0.000007 0.005626 0.000007 0.000007 0.006058 0.000007 0.000007 0.000151 0.005770 0.000007 0.007643 0.006058 0.005482 0.005915 0.929845 0.000439 0.012827 0.000007 0.000007
 0.014127 0.000007 0.005626 0.000007 0.000007 0.006058 0.000007 0.000007 0.000151 0.005770 0.000007 0.007643 0.915149 0.005482 0.005915 0.020755 0.000439 0.012827 0.000007 0.000007
 0.014127 0.000007 0.005626 0.000007 0.000007 0.915149 0.000007 0.000007 0.000151 0.005770 0.000007 0.007643 0.006058 0.005482 0.005915 0.020755 0.000439 0.012827 0.000007 0.000007
 0.014127 0.000007 0.005626 0.000007 0.000007 0.006058 0.000007 0.000007 0.000151 0.914861 0.000007 0.007643 0.006058 0.005482 0.005915 0.020755 0.000439 0.012827 0.000007 0.000007
 0.014127 0.000007 0.005626 0.000007 0.000007 0.006058 0.000007 0.000007 0.000151 0.005770 0.000007 0.007643 0.006058 0.005482 0.005915 0.929845 0.000439 0.012827 0.000007 0.000007
 0.014127 0.000007 0.914717 0.000007 0.000007 0.006058 0.000007 0.000007 0.000151 0.005770 0.000007 0.007643 0.006058 0.005482 0.005915 0.020755 0.000439 0.012827 0.000007 0.000007

********************************************************************************
Stopped because the next motif had no positive sites with scores > 0.
********************************************************************************
COMMAND:	streme --protein --p ./Data/v1_cluster_windows_15mers/cluster_21350.fasta --minw 3 --maxw 15 --thresh 0.05 --oc ./Results/v1_Top500_Run_20250504_162200/streme_out_cluster_21350
********************************************************************************
CPU:		Hirokis-MacBook-Air.local
********************************************************************************
FINALTIME:	0.10 seconds
********************************************************************************
