********************************************************************************
STREME - Sensitive, Thorough, Rapid, Enriched Motif Elicitation
********************************************************************************
MEME version 5.5.7 (Release date: Wed Jun 19 13:59:04 2024 -0700)

For further information on how to interpret these results please access https://meme-suite.org/meme.
To get a copy of the MEME Suite software please access https://meme-suite.org.

********************************************************************************


********************************************************************************
REFERENCE
********************************************************************************
If you use this program in your research, please cite:

Timothy L. Bailey,
"STREME: accurate and versatile sequence motif discovery",
Bioinformatics, Mar. 24, 2021.
********************************************************************************


ALPHABET= ACDEFGHIKLMNPQRSTVWY

strands: +

Background letter frequencies
A 0.212 C 5.95e-05 D 5.95e-05 E 0.0108 F 0.0108 G 0.515 H 5.95e-05 I 5.95e-05 K 5.95e-05 L 5.95e-05 M 5.95e-05 N 5.95e-05 P 5.95e-05 Q 5.95e-05 R 0.0833 S 0.164 T 5.95e-05 V 0.00363 W 5.95e-05 Y 5.95e-05 

MOTIF 1-GRSGGSG STREME-1
letter-probability matrix: alength= 20 w= 7 nsites= 56 E= 2.0e-002
 0.000626 0.000000 0.000000 0.000032 0.000032 0.998566 0.000000 0.000000 0.000000 0.000000 0.000000 0.000000 0.000000 0.000000 0.000246 0.000485 0.000000 0.000011 0.000000 0.000000
 0.000626 0.000000 0.000000 0.149932 0.000032 0.312149 0.000000 0.000000 0.000000 0.000000 0.000000 0.000000 0.000000 0.000000 0.536764 0.000485 0.000000 0.000011 0.000000 0.000000
 0.000626 0.000000 0.000000 0.000032 0.000032 0.001522 0.000000 0.000000 0.000000 0.000000 0.000000 0.000000 0.000000 0.000000 0.000246 0.997530 0.000000 0.000011 0.000000 0.000000
 0.000626 0.000000 0.000000 0.000032 0.000032 0.998566 0.000000 0.000000 0.000000 0.000000 0.000000 0.000000 0.000000 0.000000 0.000246 0.000485 0.000000 0.000011 0.000000 0.000000
 0.000626 0.000000 0.000000 0.000032 0.000032 0.998566 0.000000 0.000000 0.000000 0.000000 0.000000 0.000000 0.000000 0.000000 0.000246 0.000485 0.000000 0.000011 0.000000 0.000000
 0.000626 0.000000 0.000000 0.000032 0.083773 0.001522 0.000000 0.000000 0.000000 0.000000 0.000000 0.000000 0.000000 0.000000 0.000246 0.913788 0.000000 0.000011 0.000000 0.000000
 0.000626 0.000000 0.000000 0.000032 0.000032 0.998566 0.000000 0.000000 0.000000 0.000000 0.000000 0.000000 0.000000 0.000000 0.000246 0.000485 0.000000 0.000011 0.000000 0.000000

MOTIF 2-GRGA STREME-2
letter-probability matrix: alength= 20 w= 4 nsites= 41 E= 1.2e-001
 0.019247 0.000005 0.000005 0.000978 0.000978 0.955904 0.000005 0.000005 0.000005 0.000005 0.000005 0.000005 0.000005 0.000005 0.007573 0.014920 0.000005 0.000330 0.000005 0.000005
 0.019247 0.000005 0.000005 0.000978 0.000978 0.046813 0.000005 0.000005 0.000005 0.000005 0.000005 0.000005 0.000005 0.000005 0.916663 0.014920 0.000005 0.000330 0.000005 0.000005
 0.019247 0.000005 0.000005 0.000978 0.000978 0.955904 0.000005 0.000005 0.000005 0.000005 0.000005 0.000005 0.000005 0.000005 0.007573 0.014920 0.000005 0.000330 0.000005 0.000005
 0.928338 0.000005 0.000005 0.000978 0.000978 0.046813 0.000005 0.000005 0.000005 0.000005 0.000005 0.000005 0.000005 0.000005 0.007573 0.014920 0.000005 0.000330 0.000005 0.000005

MOTIF 3-AASG STREME-3
letter-probability matrix: alength= 20 w= 4 nsites= 30 E= 3.7e+000
 0.928338 0.000005 0.000005 0.000978 0.000978 0.046813 0.000005 0.000005 0.000005 0.000005 0.000005 0.000005 0.000005 0.000005 0.007573 0.014920 0.000005 0.000330 0.000005 0.000005
 0.928338 0.000005 0.000005 0.000978 0.000978 0.046813 0.000005 0.000005 0.000005 0.000005 0.000005 0.000005 0.000005 0.000005 0.007573 0.014920 0.000005 0.000330 0.000005 0.000005
 0.019247 0.000005 0.000005 0.000978 0.000978 0.046813 0.000005 0.000005 0.000005 0.000005 0.000005 0.000005 0.000005 0.000005 0.007573 0.924010 0.000005 0.000330 0.000005 0.000005
 0.019247 0.000005 0.000005 0.000978 0.000978 0.955904 0.000005 0.000005 0.000005 0.000005 0.000005 0.000005 0.000005 0.000005 0.007573 0.014920 0.000005 0.000330 0.000005 0.000005

MOTIF 4-AAAA STREME-4
letter-probability matrix: alength= 20 w= 4 nsites= 13 E= 5.0e+000
 0.991991 0.000001 0.000001 0.000109 0.000109 0.005232 0.000001 0.000001 0.000001 0.000001 0.000001 0.000001 0.000001 0.000001 0.000846 0.001667 0.000001 0.000037 0.000001 0.000001
 0.991991 0.000001 0.000001 0.000109 0.000109 0.005232 0.000001 0.000001 0.000001 0.000001 0.000001 0.000001 0.000001 0.000001 0.000846 0.001667 0.000001 0.000037 0.000001 0.000001
 0.921564 0.000001 0.000001 0.070536 0.000109 0.005232 0.000001 0.000001 0.000001 0.000001 0.000001 0.000001 0.000001 0.000001 0.000846 0.001667 0.000001 0.000037 0.000001 0.000001
 0.991991 0.000001 0.000001 0.000109 0.000109 0.005232 0.000001 0.000001 0.000001 0.000001 0.000001 0.000001 0.000001 0.000001 0.000846 0.001667 0.000001 0.000037 0.000001 0.000001

MOTIF 5-GRGV STREME-5
letter-probability matrix: alength= 20 w= 4 nsites= 2 E= 5.0e+000
 0.019247 0.000005 0.000005 0.000978 0.000978 0.955904 0.000005 0.000005 0.000005 0.000005 0.000005 0.000005 0.000005 0.000005 0.007573 0.014920 0.000005 0.000330 0.000005 0.000005
 0.019247 0.000005 0.000005 0.000978 0.000978 0.046813 0.000005 0.000005 0.000005 0.000005 0.000005 0.000005 0.000005 0.000005 0.916663 0.014920 0.000005 0.000330 0.000005 0.000005
 0.019247 0.000005 0.000005 0.000978 0.000978 0.955904 0.000005 0.000005 0.000005 0.000005 0.000005 0.000005 0.000005 0.000005 0.007573 0.014920 0.000005 0.000330 0.000005 0.000005
 0.019247 0.000005 0.000005 0.000978 0.000978 0.046813 0.000005 0.000005 0.000005 0.000005 0.000005 0.000005 0.000005 0.000005 0.007573 0.014920 0.000005 0.909421 0.000005 0.000005

********************************************************************************
Stopped because 3 consecutive motifs exceeded the p-value threshold (0.05).
********************************************************************************
COMMAND:	streme --protein --p ./Data/v1_cluster_windows_15mers/cluster_15094.fasta --minw 3 --maxw 15 --thresh 0.05 --oc ./Results/v1_Top500_Run_20250504_162200/streme_out_cluster_15094
********************************************************************************
CPU:		Hirokis-MacBook-Air.local
********************************************************************************
FINALTIME:	0.16 seconds
********************************************************************************
