********************************************************************************
STREME - Sensitive, Thorough, Rapid, Enriched Motif Elicitation
********************************************************************************
MEME version 5.5.7 (Release date: Wed Jun 19 13:59:04 2024 -0700)

For further information on how to interpret these results please access https://meme-suite.org/meme.
To get a copy of the MEME Suite software please access https://meme-suite.org.

********************************************************************************


********************************************************************************
REFERENCE
********************************************************************************
If you use this program in your research, please cite:

Timothy L. Bailey,
"STREME: accurate and versatile sequence motif discovery",
Bioinformatics, Mar. 24, 2021.
********************************************************************************


ALPHABET= ACDEFGHIKLMNPQRSTVWY

strands: +

Background letter frequencies
A 0.324 C 5.29e-05 D 0.00957 E 0.0233 F 5.29e-05 G 0.00745 H 5.29e-05 I 0.0455 K 0.00534 L 5.29e-05 M 0.0624 N 0.118 P 5.29e-05 Q 0.126 R 0.0265 S 0.201 T 0.0223 V 0.00428 W 5.29e-05 Y 0.0244 

MOTIF 1-SSMAAAIAQSNQNQA STREME-1
letter-probability matrix: alength= 20 w= 15 nsites= 63 E= 2.2e-003
 0.307081 0.000000 0.000026 0.000064 0.000000 0.000020 0.000000 0.000125 0.000015 0.000000 0.000172 0.000325 0.000000 0.000346 0.000073 0.691612 0.000061 0.000012 0.000000 0.000067
 0.000889 0.000000 0.000026 0.000064 0.000000 0.134075 0.000000 0.000125 0.000015 0.000000 0.000172 0.097043 0.000000 0.000346 0.000073 0.767033 0.000061 0.000012 0.000000 0.000067
 0.000889 0.000000 0.000026 0.000064 0.000000 0.000020 0.000000 0.096842 0.000015 0.000000 0.556669 0.000325 0.000000 0.000346 0.000073 0.000552 0.000061 0.000012 0.000000 0.344105
 0.998141 0.000000 0.000026 0.000064 0.000000 0.000020 0.000000 0.000125 0.000015 0.000000 0.000172 0.000325 0.000000 0.000346 0.000073 0.000552 0.000061 0.000012 0.000000 0.000067
 0.863598 0.000000 0.000026 0.000064 0.000000 0.000020 0.000000 0.000125 0.000015 0.000000 0.000172 0.000325 0.000000 0.000346 0.000073 0.135095 0.000061 0.000012 0.000000 0.000067
 0.576187 0.000000 0.000026 0.000064 0.000000 0.000020 0.000000 0.000125 0.000015 0.000000 0.000172 0.000325 0.000000 0.000346 0.000073 0.422506 0.000061 0.000012 0.000000 0.000067
 0.000889 0.000000 0.000026 0.000064 0.000000 0.000020 0.000000 0.615745 0.000015 0.000000 0.343714 0.000325 0.000000 0.000346 0.000073 0.000552 0.019106 0.019057 0.000000 0.000067
 0.998141 0.000000 0.000026 0.000064 0.000000 0.000020 0.000000 0.000125 0.000015 0.000000 0.000172 0.000325 0.000000 0.000346 0.000073 0.000552 0.000061 0.000012 0.000000 0.000067
 0.058268 0.000000 0.095251 0.248877 0.000000 0.000020 0.000000 0.000125 0.019060 0.000000 0.000172 0.000325 0.000000 0.577136 0.000073 0.000552 0.000061 0.000012 0.000000 0.000067
 0.328866 0.000000 0.000026 0.000064 0.000000 0.000020 0.000000 0.000125 0.000015 0.000000 0.000172 0.000325 0.000000 0.000346 0.000073 0.650782 0.019106 0.000012 0.000000 0.000067
 0.058024 0.000000 0.000026 0.000064 0.000000 0.000020 0.000000 0.000125 0.000015 0.000000 0.019217 0.634990 0.000000 0.000346 0.000073 0.134356 0.133620 0.019057 0.000000 0.000067
 0.000889 0.000000 0.000026 0.000064 0.000000 0.000020 0.000000 0.000125 0.057150 0.000000 0.000172 0.000325 0.000000 0.519757 0.382445 0.038886 0.000061 0.000012 0.000000 0.000067
 0.000889 0.000000 0.000026 0.000064 0.000000 0.000020 0.000000 0.000125 0.000015 0.000000 0.000172 0.862526 0.000000 0.135397 0.000073 0.000552 0.000061 0.000012 0.000000 0.000067
 0.116143 0.000000 0.000026 0.000064 0.000000 0.000020 0.000000 0.000125 0.000015 0.000000 0.019217 0.000325 0.000000 0.634515 0.000073 0.210291 0.019106 0.000012 0.000000 0.000067
 0.634814 0.000000 0.038116 0.076244 0.000000 0.000020 0.000000 0.000125 0.000015 0.000000 0.000172 0.172714 0.000000 0.038680 0.000073 0.000552 0.000061 0.038346 0.000000 0.000067

MOTIF 2-DTQ STREME-2
letter-probability matrix: alength= 20 w= 3 nsites= 2 E= 2.0e+000
 0.029412 0.000005 0.909961 0.002119 0.000005 0.000678 0.000005 0.004138 0.000485 0.000005 0.005675 0.010765 0.000005 0.011438 0.002408 0.018266 0.002023 0.000389 0.000005 0.002216
 0.029412 0.000005 0.000870 0.002119 0.000005 0.000678 0.000005 0.004138 0.000485 0.000005 0.005675 0.010765 0.000005 0.011438 0.002408 0.018266 0.911114 0.000389 0.000005 0.002216
 0.029412 0.000005 0.000870 0.002119 0.000005 0.000678 0.000005 0.004138 0.000485 0.000005 0.005675 0.010765 0.000005 0.920528 0.002408 0.018266 0.002023 0.000389 0.000005 0.002216

********************************************************************************
Stopped because the next motif had no positive sites with scores > 0.
********************************************************************************
COMMAND:	streme --protein --p ./Data/v1_cluster_windows_15mers/cluster_4734.fasta --minw 3 --maxw 15 --thresh 0.05 --oc ./Results/v1_Top500_Run_20250504_162200/streme_out_cluster_4734
********************************************************************************
CPU:		Hirokis-MacBook-Air.local
********************************************************************************
FINALTIME:	0.20 seconds
********************************************************************************
