********************************************************************************
STREME - Sensitive, Thorough, Rapid, Enriched Motif Elicitation
********************************************************************************
MEME version 5.5.7 (Release date: Wed Jun 19 13:59:04 2024 -0700)

For further information on how to interpret these results please access https://meme-suite.org/meme.
To get a copy of the MEME Suite software please access https://meme-suite.org.

********************************************************************************


********************************************************************************
REFERENCE
********************************************************************************
If you use this program in your research, please cite:

Timothy L. Bailey,
"STREME: accurate and versatile sequence motif discovery",
Bioinformatics, Mar. 24, 2021.
********************************************************************************


ALPHABET= ACDEFGHIKLMNPQRSTVWY

strands: +

Background letter frequencies
A 0.121 C 6.94e-05 D 6.94e-05 E 0.00146 F 6.94e-05 G 0.167 H 6.94e-05 I 0.00284 K 6.94e-05 L 0.13 M 6.94e-05 N 0.0292 P 0.0583 Q 6.94e-05 R 6.94e-05 S 0.383 T 0.025 V 0.0819 W 6.94e-05 Y 6.94e-05 

MOTIF 1-SSLASGGVSSPGALS STREME-1
letter-probability matrix: alength= 20 w= 15 nsites= 48 S= 1.6e-028
 0.000332 0.000000 0.000000 0.000004 0.000000 0.000458 0.000000 0.000008 0.000000 0.000359 0.000000 0.000080 0.000160 0.000000 0.000000 0.998302 0.000069 0.000225 0.000000 0.000000
 0.019406 0.000000 0.000000 0.019077 0.000000 0.000458 0.000000 0.000008 0.000000 0.000359 0.000000 0.000080 0.000160 0.000000 0.000000 0.826350 0.133874 0.000225 0.000000 0.000000
 0.000332 0.000000 0.000000 0.000004 0.000000 0.000458 0.000000 0.000008 0.000000 0.997607 0.000000 0.000080 0.000160 0.000000 0.000000 0.001054 0.000069 0.000225 0.000000 0.000000
 0.881966 0.000000 0.000000 0.000004 0.000000 0.000458 0.000000 0.000008 0.000000 0.000359 0.000000 0.000080 0.000160 0.000000 0.000000 0.001054 0.000069 0.115840 0.000000 0.000000
 0.038770 0.000000 0.000000 0.000004 0.000000 0.000458 0.000000 0.000008 0.000000 0.000359 0.000000 0.000080 0.000160 0.000000 0.000000 0.959864 0.000069 0.000225 0.000000 0.000000
 0.000332 0.000000 0.000000 0.000004 0.000000 0.824871 0.000000 0.000008 0.000000 0.000359 0.000000 0.115404 0.000160 0.000000 0.000000 0.058565 0.000069 0.000225 0.000000 0.000000
 0.000332 0.000000 0.000000 0.000004 0.000000 0.997706 0.000000 0.000008 0.000000 0.000359 0.000000 0.000080 0.000160 0.000000 0.000000 0.001054 0.000069 0.000225 0.000000 0.000000
 0.000332 0.000000 0.000000 0.000004 0.000000 0.000458 0.000000 0.000008 0.000000 0.000359 0.000000 0.000080 0.000160 0.000000 0.000000 0.001054 0.000069 0.997474 0.000000 0.000000
 0.000332 0.000000 0.000000 0.000004 0.000000 0.000458 0.000000 0.000008 0.000000 0.000359 0.000000 0.000080 0.000160 0.000000 0.000000 0.921125 0.077246 0.000225 0.000000 0.000000
 0.000332 0.000000 0.000000 0.000004 0.000000 0.000458 0.000000 0.000008 0.000000 0.000359 0.000000 0.172916 0.000160 0.000000 0.000000 0.825467 0.000069 0.000225 0.000000 0.000000
 0.000332 0.000000 0.000000 0.000004 0.000000 0.000458 0.000000 0.000008 0.000000 0.000359 0.000000 0.000080 0.901750 0.000000 0.000000 0.039201 0.000069 0.057737 0.000000 0.000000
 0.096582 0.000000 0.000000 0.000004 0.000000 0.786724 0.000000 0.000008 0.000000 0.000359 0.000000 0.057592 0.000160 0.000000 0.000000 0.039201 0.019142 0.000225 0.000000 0.000000
 0.766942 0.000000 0.000000 0.000004 0.000000 0.000458 0.000000 0.000008 0.000000 0.000359 0.000000 0.000080 0.000160 0.000000 0.000000 0.173588 0.058172 0.000225 0.000000 0.000000
 0.000332 0.000000 0.000000 0.000004 0.000000 0.000458 0.000000 0.019081 0.000000 0.978534 0.000000 0.000080 0.000160 0.000000 0.000000 0.001054 0.000069 0.000225 0.000000 0.000000
 0.057844 0.000000 0.000000 0.000004 0.000000 0.000458 0.000000 0.000008 0.000000 0.000359 0.000000 0.000080 0.000160 0.000000 0.000000 0.921717 0.019142 0.000225 0.000000 0.000000

********************************************************************************
Stopped because the next motif had no positive sites with scores > 0.
********************************************************************************
COMMAND:	streme --protein --p ./Data/v1_cluster_windows_15mers/cluster_3383.fasta --minw 3 --maxw 15 --thresh 0.05 --oc ./Results/v1_Top500_Run_20250504_162200/streme_out_cluster_3383
********************************************************************************
CPU:		Hirokis-MacBook-Air.local
********************************************************************************
FINALTIME:	0.13 seconds
********************************************************************************
