********************************************************************************
STREME - Sensitive, Thorough, Rapid, Enriched Motif Elicitation
********************************************************************************
MEME version 5.5.7 (Release date: Wed Jun 19 13:59:04 2024 -0700)

For further information on how to interpret these results please access https://meme-suite.org/meme.
To get a copy of the MEME Suite software please access https://meme-suite.org.

********************************************************************************


********************************************************************************
REFERENCE
********************************************************************************
If you use this program in your research, please cite:

Timothy L. Bailey,
"STREME: accurate and versatile sequence motif discovery",
Bioinformatics, Mar. 24, 2021.
********************************************************************************


ALPHABET= ACDEFGHIKLMNPQRSTVWY

strands: +

Background letter frequencies
A 0.344 C 3.74e-05 D 0.00303 E 3.74e-05 F 3.74e-05 G 0.0712 H 3.74e-05 I 0.0921 K 0.000786 L 0.0442 M 0.00378 N 0.118 P 3.74e-05 Q 0.012 R 0.000786 S 0.158 T 0.0158 V 0.0697 W 3.74e-05 Y 0.0659 

MOTIF 1-AAAYANAISSALGNV STREME-1
letter-probability matrix: alength= 20 w= 15 nsites= 88 E= 3.1e-004
 0.940391 0.000003 0.000276 0.000003 0.000003 0.006468 0.000003 0.008373 0.000071 0.004018 0.000344 0.010755 0.000003 0.001092 0.000071 0.014364 0.001433 0.006332 0.000003 0.005992
 0.940391 0.000003 0.000276 0.000003 0.000003 0.006468 0.000003 0.008373 0.000071 0.004018 0.000344 0.010755 0.000003 0.001092 0.000071 0.014364 0.001433 0.006332 0.000003 0.005992
 0.940391 0.000003 0.000276 0.000003 0.000003 0.006468 0.000003 0.008373 0.000071 0.004018 0.000344 0.010755 0.000003 0.001092 0.000071 0.014364 0.001433 0.006332 0.000003 0.005992
 0.031300 0.000003 0.000276 0.000003 0.000003 0.006468 0.000003 0.008373 0.000071 0.004018 0.000344 0.010755 0.000003 0.001092 0.000071 0.014364 0.001433 0.006332 0.000003 0.915083
 0.940391 0.000003 0.000276 0.000003 0.000003 0.006468 0.000003 0.008373 0.000071 0.004018 0.000344 0.010755 0.000003 0.001092 0.000071 0.014364 0.001433 0.006332 0.000003 0.005992
 0.031300 0.000003 0.000276 0.000003 0.000003 0.006468 0.000003 0.008373 0.000071 0.004018 0.000344 0.919846 0.000003 0.001092 0.000071 0.014364 0.001433 0.006332 0.000003 0.005992
 0.940391 0.000003 0.000276 0.000003 0.000003 0.006468 0.000003 0.008373 0.000071 0.004018 0.000344 0.010755 0.000003 0.001092 0.000071 0.014364 0.001433 0.006332 0.000003 0.005992
 0.031300 0.000003 0.000276 0.000003 0.000003 0.006468 0.000003 0.917464 0.000071 0.004018 0.000344 0.010755 0.000003 0.001092 0.000071 0.014364 0.001433 0.006332 0.000003 0.005992
 0.031300 0.000003 0.000276 0.000003 0.000003 0.006468 0.000003 0.008373 0.000071 0.004018 0.000344 0.010755 0.000003 0.001092 0.000071 0.923455 0.001433 0.006332 0.000003 0.005992
 0.031300 0.000003 0.000276 0.000003 0.000003 0.006468 0.000003 0.008373 0.000071 0.004018 0.000344 0.010755 0.000003 0.001092 0.000071 0.923455 0.001433 0.006332 0.000003 0.005992
 0.940391 0.000003 0.000276 0.000003 0.000003 0.006468 0.000003 0.008373 0.000071 0.004018 0.000344 0.010755 0.000003 0.001092 0.000071 0.014364 0.001433 0.006332 0.000003 0.005992
 0.031300 0.000003 0.000276 0.000003 0.000003 0.006468 0.000003 0.008373 0.000071 0.913109 0.000344 0.010755 0.000003 0.001092 0.000071 0.014364 0.001433 0.006332 0.000003 0.005992
 0.031300 0.000003 0.000276 0.000003 0.000003 0.915559 0.000003 0.008373 0.000071 0.004018 0.000344 0.010755 0.000003 0.001092 0.000071 0.014364 0.001433 0.006332 0.000003 0.005992
 0.031300 0.000003 0.000276 0.000003 0.000003 0.006468 0.000003 0.008373 0.000071 0.004018 0.000344 0.919846 0.000003 0.001092 0.000071 0.014364 0.001433 0.006332 0.000003 0.005992
 0.031300 0.000003 0.000276 0.000003 0.000003 0.006468 0.000003 0.008373 0.000071 0.004018 0.000344 0.010755 0.000003 0.001092 0.000071 0.014364 0.001433 0.915423 0.000003 0.005992

MOTIF 2-NSIR STREME-2
letter-probability matrix: alength= 20 w= 4 nsites= 1 E= 4.0e+000
 0.043410 0.000005 0.000382 0.000005 0.000005 0.008971 0.000005 0.011612 0.000099 0.005573 0.000477 0.888835 0.000005 0.001514 0.000099 0.019921 0.001987 0.008782 0.000005 0.008310
 0.043410 0.000005 0.000382 0.000005 0.000005 0.008971 0.000005 0.011612 0.000099 0.005573 0.000477 0.014915 0.000005 0.001514 0.000099 0.893841 0.001987 0.008782 0.000005 0.008310
 0.043410 0.000005 0.000382 0.000005 0.000005 0.008971 0.000005 0.885532 0.000099 0.005573 0.000477 0.014915 0.000005 0.001514 0.000099 0.019921 0.001987 0.008782 0.000005 0.008310
 0.043410 0.000005 0.000382 0.000005 0.000005 0.008971 0.000005 0.011612 0.000099 0.005573 0.000477 0.014915 0.000005 0.001514 0.874019 0.019921 0.001987 0.008782 0.000005 0.008310

MOTIF 3-AGV STREME-3
letter-probability matrix: alength= 20 w= 3 nsites= 2 E= 4.0e+000
 0.940391 0.000003 0.000276 0.000003 0.000003 0.006468 0.000003 0.008373 0.000071 0.004018 0.000344 0.010755 0.000003 0.001092 0.000071 0.014364 0.001433 0.006332 0.000003 0.005992
 0.031300 0.000003 0.000276 0.000003 0.000003 0.915559 0.000003 0.008373 0.000071 0.004018 0.000344 0.010755 0.000003 0.001092 0.000071 0.014364 0.001433 0.006332 0.000003 0.005992
 0.031300 0.000003 0.000276 0.000003 0.000003 0.006468 0.000003 0.008373 0.000071 0.004018 0.000344 0.010755 0.000003 0.001092 0.000071 0.014364 0.001433 0.915423 0.000003 0.005992

MOTIF 4-SSL STREME-4
letter-probability matrix: alength= 20 w= 3 nsites= 1 E= 4.0e+000
 0.031300 0.000003 0.000276 0.000003 0.000003 0.006468 0.000003 0.008373 0.000071 0.004018 0.000344 0.010755 0.000003 0.001092 0.000071 0.923455 0.001433 0.006332 0.000003 0.005992
 0.031300 0.000003 0.000276 0.000003 0.000003 0.006468 0.000003 0.008373 0.000071 0.004018 0.000344 0.010755 0.000003 0.001092 0.000071 0.923455 0.001433 0.006332 0.000003 0.005992
 0.031300 0.000003 0.000276 0.000003 0.000003 0.006468 0.000003 0.008373 0.000071 0.913109 0.000344 0.010755 0.000003 0.001092 0.000071 0.014364 0.001433 0.006332 0.000003 0.005992

********************************************************************************
Stopped because 3 consecutive motifs exceeded the p-value threshold (0.05).
********************************************************************************
COMMAND:	streme --protein --p ./Data/v1_cluster_windows_15mers/cluster_1516.fasta --minw 3 --maxw 15 --thresh 0.05 --oc ./Results/v1_Top500_Run_20250504_162200/streme_out_cluster_1516
********************************************************************************
CPU:		Hirokis-MacBook-Air.local
********************************************************************************
FINALTIME:	0.18 seconds
********************************************************************************
