********************************************************************************
STREME - Sensitive, Thorough, Rapid, Enriched Motif Elicitation
********************************************************************************
MEME version 5.5.7 (Release date: Wed Jun 19 13:59:04 2024 -0700)

For further information on how to interpret these results please access https://meme-suite.org/meme.
To get a copy of the MEME Suite software please access https://meme-suite.org.

********************************************************************************


********************************************************************************
REFERENCE
********************************************************************************
If you use this program in your research, please cite:

Timothy L. Bailey,
"STREME: accurate and versatile sequence motif discovery",
Bioinformatics, Mar. 24, 2021.
********************************************************************************


ALPHABET= ACDEFGHIKLMNPQRSTVWY

strands: +

Background letter frequencies
A 0.258 C 8.53e-05 D 0.00862 E 0.00179 F 0.0871 G 0.454 H 8.53e-05 I 8.53e-05 K 8.53e-05 L 0.0871 M 8.53e-05 N 0.0035 P 0.00179 Q 8.53e-05 R 8.53e-05 S 0.0206 T 0.0325 V 0.041 W 8.53e-05 Y 0.0035 

MOTIF 1-GLGAGFGAG STREME-1
letter-probability matrix: alength= 20 w= 9 nsites= 39 S= 3.7e-023
 0.000890 0.000000 0.048335 0.000006 0.000301 0.949810 0.000000 0.000000 0.000000 0.000301 0.000000 0.000012 0.000006 0.000000 0.000000 0.000071 0.000112 0.000142 0.000000 0.000012
 0.000890 0.000000 0.000030 0.000006 0.209914 0.001567 0.000000 0.000000 0.000000 0.763083 0.000000 0.000012 0.000006 0.000000 0.000000 0.000071 0.024265 0.000142 0.000000 0.000012
 0.000890 0.000000 0.000030 0.000006 0.000301 0.998115 0.000000 0.000000 0.000000 0.000301 0.000000 0.000012 0.000006 0.000000 0.000000 0.000071 0.000112 0.000142 0.000000 0.000012
 0.949584 0.000000 0.000030 0.000006 0.000301 0.001567 0.000000 0.000000 0.000000 0.000301 0.000000 0.000012 0.000006 0.000000 0.000000 0.023998 0.024039 0.000142 0.000000 0.000012
 0.000890 0.000000 0.000030 0.000006 0.000301 0.949810 0.000000 0.000000 0.000000 0.000301 0.000000 0.000012 0.000006 0.000000 0.000000 0.000071 0.000112 0.048446 0.000000 0.000012
 0.000890 0.000000 0.000030 0.000006 0.730935 0.001567 0.000000 0.000000 0.000000 0.169142 0.000000 0.000012 0.000006 0.000000 0.000000 0.000071 0.000112 0.048910 0.000000 0.048317
 0.000890 0.000000 0.000030 0.000006 0.000301 0.974188 0.000000 0.000000 0.000000 0.000301 0.000000 0.000012 0.000006 0.000000 0.000000 0.000071 0.000112 0.024068 0.000000 0.000012
 0.852060 0.000000 0.000030 0.000006 0.000301 0.049872 0.000000 0.000000 0.000000 0.000301 0.000000 0.000012 0.000006 0.000000 0.000000 0.048839 0.048417 0.000142 0.000000 0.000012
 0.000890 0.000000 0.000030 0.000006 0.000301 0.998115 0.000000 0.000000 0.000000 0.000301 0.000000 0.000012 0.000006 0.000000 0.000000 0.000071 0.000112 0.000142 0.000000 0.000012

MOTIF 2-AGAGA STREME-2
letter-probability matrix: alength= 20 w= 5 nsites= 7 S= 5.8e-003
 0.932527 0.000008 0.000783 0.000163 0.007920 0.041271 0.000008 0.000008 0.000008 0.007920 0.000008 0.000318 0.000163 0.000008 0.000008 0.001869 0.002955 0.003731 0.000008 0.000318
 0.023436 0.000008 0.000783 0.000163 0.007920 0.950362 0.000008 0.000008 0.000008 0.007920 0.000008 0.000318 0.000163 0.000008 0.000008 0.001869 0.002955 0.003731 0.000008 0.000318
 0.932527 0.000008 0.000783 0.000163 0.007920 0.041271 0.000008 0.000008 0.000008 0.007920 0.000008 0.000318 0.000163 0.000008 0.000008 0.001869 0.002955 0.003731 0.000008 0.000318
 0.023436 0.000008 0.000783 0.000163 0.007920 0.950362 0.000008 0.000008 0.000008 0.007920 0.000008 0.000318 0.000163 0.000008 0.000008 0.001869 0.002955 0.003731 0.000008 0.000318
 0.932527 0.000008 0.000783 0.000163 0.007920 0.041271 0.000008 0.000008 0.000008 0.007920 0.000008 0.000318 0.000163 0.000008 0.000008 0.001869 0.002955 0.003731 0.000008 0.000318

MOTIF 3-AGTGA STREME-3
letter-probability matrix: alength= 20 w= 5 nsites= 5 S= 2.7e-002
 0.932527 0.000008 0.000783 0.000163 0.007920 0.041271 0.000008 0.000008 0.000008 0.007920 0.000008 0.000318 0.000163 0.000008 0.000008 0.001869 0.002955 0.003731 0.000008 0.000318
 0.023436 0.000008 0.000783 0.000163 0.007920 0.950362 0.000008 0.000008 0.000008 0.007920 0.000008 0.000318 0.000163 0.000008 0.000008 0.001869 0.002955 0.003731 0.000008 0.000318
 0.023436 0.000008 0.000783 0.000163 0.007920 0.041271 0.000008 0.000008 0.000008 0.007920 0.000008 0.000318 0.000163 0.000008 0.000008 0.001869 0.912046 0.003731 0.000008 0.000318
 0.023436 0.000008 0.000783 0.000163 0.007920 0.950362 0.000008 0.000008 0.000008 0.007920 0.000008 0.000318 0.000163 0.000008 0.000008 0.001869 0.002955 0.003731 0.000008 0.000318
 0.932527 0.000008 0.000783 0.000163 0.007920 0.041271 0.000008 0.000008 0.000008 0.007920 0.000008 0.000318 0.000163 0.000008 0.000008 0.001869 0.002955 0.003731 0.000008 0.000318

MOTIF 4-VGSGT STREME-4
letter-probability matrix: alength= 20 w= 5 nsites= 5 S= 2.7e-002
 0.023436 0.000008 0.000783 0.000163 0.007920 0.041271 0.000008 0.000008 0.000008 0.007920 0.000008 0.000318 0.000163 0.000008 0.000008 0.001869 0.002955 0.912822 0.000008 0.000318
 0.023436 0.000008 0.000783 0.000163 0.007920 0.950362 0.000008 0.000008 0.000008 0.007920 0.000008 0.000318 0.000163 0.000008 0.000008 0.001869 0.002955 0.003731 0.000008 0.000318
 0.023436 0.000008 0.000783 0.000163 0.007920 0.041271 0.000008 0.000008 0.000008 0.007920 0.000008 0.000318 0.000163 0.000008 0.000008 0.910960 0.002955 0.003731 0.000008 0.000318
 0.023436 0.000008 0.000783 0.000163 0.007920 0.950362 0.000008 0.000008 0.000008 0.007920 0.000008 0.000318 0.000163 0.000008 0.000008 0.001869 0.002955 0.003731 0.000008 0.000318
 0.023436 0.000008 0.000783 0.000163 0.007920 0.041271 0.000008 0.000008 0.000008 0.007920 0.000008 0.000318 0.000163 0.000008 0.000008 0.001869 0.912046 0.003731 0.000008 0.000318

MOTIF 5-AGAGE STREME-5
letter-probability matrix: alength= 20 w= 5 nsites= 1 S= 5.0e-001
 0.932527 0.000008 0.000783 0.000163 0.007920 0.041271 0.000008 0.000008 0.000008 0.007920 0.000008 0.000318 0.000163 0.000008 0.000008 0.001869 0.002955 0.003731 0.000008 0.000318
 0.023436 0.000008 0.000783 0.000163 0.007920 0.950362 0.000008 0.000008 0.000008 0.007920 0.000008 0.000318 0.000163 0.000008 0.000008 0.001869 0.002955 0.003731 0.000008 0.000318
 0.932527 0.000008 0.000783 0.000163 0.007920 0.041271 0.000008 0.000008 0.000008 0.007920 0.000008 0.000318 0.000163 0.000008 0.000008 0.001869 0.002955 0.003731 0.000008 0.000318
 0.023436 0.000008 0.000783 0.000163 0.007920 0.950362 0.000008 0.000008 0.000008 0.007920 0.000008 0.000318 0.000163 0.000008 0.000008 0.001869 0.002955 0.003731 0.000008 0.000318
 0.023436 0.000008 0.000783 0.909254 0.007920 0.041271 0.000008 0.000008 0.000008 0.007920 0.000008 0.000318 0.000163 0.000008 0.000008 0.001869 0.002955 0.003731 0.000008 0.000318

********************************************************************************
Stopped because maximum number of motifs (5) reached.
********************************************************************************
COMMAND:	streme --protein --p ./Data/v1_cluster_windows_15mers/cluster_12451.fasta --minw 3 --maxw 15 --thresh 0.05 --oc ./Results/v1_Top500_Run_20250504_162200/streme_out_cluster_12451
********************************************************************************
CPU:		Hirokis-MacBook-Air.local
********************************************************************************
FINALTIME:	0.18 seconds
********************************************************************************
