********************************************************************************
STREME - Sensitive, Thorough, Rapid, Enriched Motif Elicitation
********************************************************************************
MEME version 5.5.7 (Release date: Wed Jun 19 13:59:04 2024 -0700)

For further information on how to interpret these results please access https://meme-suite.org/meme.
To get a copy of the MEME Suite software please access https://meme-suite.org.

********************************************************************************


********************************************************************************
REFERENCE
********************************************************************************
If you use this program in your research, please cite:

Timothy L. Bailey,
"STREME: accurate and versatile sequence motif discovery",
Bioinformatics, Mar. 24, 2021.
********************************************************************************


ALPHABET= ACDEFGHIKLMNPQRSTVWY

strands: +

Background letter frequencies
A 0.0533 C 8.32e-05 D 8.32e-05 E 0.00674 F 8.32e-05 G 0.534 H 8.32e-05 I 0.025 K 8.32e-05 L 0.00674 M 0.0417 N 8.32e-05 P 8.32e-05 Q 0.205 R 0.0084 S 0.0816 T 8.32e-05 V 0.00508 W 0.0317 Y 8.32e-05 

MOTIF 1-GGQGGMG STREME-1
letter-probability matrix: alength= 20 w= 7 nsites= 37 S= 4.1e-018
 0.000209 0.000000 0.000000 0.000026 0.000000 0.998173 0.000000 0.000098 0.000000 0.000026 0.000163 0.000000 0.000000 0.000803 0.000033 0.000320 0.000000 0.000020 0.000124 0.000000
 0.000209 0.000000 0.000000 0.000026 0.000000 0.943305 0.000000 0.000098 0.000000 0.000026 0.000163 0.000000 0.000000 0.000803 0.000033 0.055188 0.000000 0.000020 0.000124 0.000000
 0.000209 0.000000 0.000000 0.000026 0.000000 0.002095 0.000000 0.000098 0.000000 0.000026 0.000163 0.000000 0.000000 0.996881 0.000033 0.000320 0.000000 0.000020 0.000124 0.000000
 0.000209 0.000000 0.000000 0.000026 0.000000 0.998173 0.000000 0.000098 0.000000 0.000026 0.000163 0.000000 0.000000 0.000803 0.000033 0.000320 0.000000 0.000020 0.000124 0.000000
 0.000209 0.000000 0.000000 0.083098 0.000000 0.915102 0.000000 0.000098 0.000000 0.000026 0.000163 0.000000 0.000000 0.000803 0.000033 0.000320 0.000000 0.000020 0.000124 0.000000
 0.000209 0.000000 0.000000 0.000026 0.000000 0.002095 0.000000 0.027532 0.000000 0.000026 0.448643 0.000000 0.000000 0.233451 0.000033 0.000320 0.000000 0.000020 0.287641 0.000000
 0.000209 0.000000 0.000000 0.000026 0.000000 0.915102 0.000000 0.000098 0.000000 0.000026 0.000163 0.000000 0.000000 0.000803 0.083104 0.000320 0.000000 0.000020 0.000124 0.000000

MOTIF 2-QGSGQ STREME-2
letter-probability matrix: alength= 20 w= 5 nsites= 16 S= 2.3e-006
 0.000416 0.000001 0.000001 0.000053 0.000001 0.004171 0.000001 0.000196 0.000001 0.000053 0.000325 0.000001 0.000001 0.993790 0.000066 0.000637 0.000001 0.000040 0.000248 0.000001
 0.000416 0.000001 0.000001 0.000053 0.000001 0.996363 0.000001 0.000196 0.000001 0.000053 0.000325 0.000001 0.000001 0.001598 0.000066 0.000637 0.000001 0.000040 0.000248 0.000001
 0.000416 0.000001 0.000001 0.000053 0.000001 0.004171 0.000001 0.000196 0.000001 0.000053 0.000325 0.000001 0.000001 0.001598 0.000066 0.992829 0.000001 0.000040 0.000248 0.000001
 0.000416 0.000001 0.000001 0.000053 0.000001 0.996363 0.000001 0.000196 0.000001 0.000053 0.000325 0.000001 0.000001 0.001598 0.000066 0.000637 0.000001 0.000040 0.000248 0.000001
 0.000416 0.000001 0.000001 0.000053 0.000001 0.004171 0.000001 0.000196 0.000001 0.000053 0.000325 0.000001 0.000001 0.939666 0.000066 0.054761 0.000001 0.000040 0.000248 0.000001

MOTIF 3-AAA STREME-3
letter-probability matrix: alength= 20 w= 3 nsites= 10 S= 5.1e-004
 0.913939 0.000008 0.000008 0.000613 0.000008 0.048565 0.000008 0.002276 0.000008 0.000613 0.003789 0.000008 0.000008 0.018610 0.000764 0.007419 0.000008 0.000461 0.002882 0.000008
 0.913939 0.000008 0.000008 0.000613 0.000008 0.048565 0.000008 0.002276 0.000008 0.000613 0.003789 0.000008 0.000008 0.018610 0.000764 0.007419 0.000008 0.000461 0.002882 0.000008
 0.913939 0.000008 0.000008 0.000613 0.000008 0.048565 0.000008 0.002276 0.000008 0.000613 0.003789 0.000008 0.000008 0.018610 0.000764 0.007419 0.000008 0.000461 0.002882 0.000008

MOTIF 4-SGS STREME-4
letter-probability matrix: alength= 20 w= 3 nsites= 8 S= 2.7e-003
 0.000910 0.000001 0.000001 0.000115 0.000001 0.009117 0.000001 0.000427 0.000001 0.000115 0.000711 0.000001 0.000001 0.003494 0.000143 0.984326 0.000001 0.000087 0.000541 0.000001
 0.000910 0.000001 0.000001 0.000115 0.000001 0.753285 0.000001 0.000427 0.000001 0.000115 0.000711 0.000001 0.000001 0.003494 0.000143 0.001393 0.000001 0.238853 0.000541 0.000001
 0.000910 0.000001 0.000001 0.000115 0.000001 0.009117 0.000001 0.000427 0.000001 0.000115 0.000711 0.000001 0.000001 0.003494 0.000143 0.984326 0.000001 0.000087 0.000541 0.000001

MOTIF 5-QGI STREME-5
letter-probability matrix: alength= 20 w= 3 nsites= 11 S= 6.5e-003
 0.004848 0.000008 0.000008 0.000613 0.000008 0.048565 0.000008 0.002276 0.000008 0.000613 0.003789 0.000008 0.000008 0.927701 0.000764 0.007419 0.000008 0.000461 0.002882 0.000008
 0.004848 0.000008 0.000008 0.000613 0.000008 0.957656 0.000008 0.002276 0.000008 0.000613 0.003789 0.000008 0.000008 0.018610 0.000764 0.007419 0.000008 0.000461 0.002882 0.000008
 0.004848 0.000008 0.000008 0.000613 0.000008 0.048565 0.000008 0.911367 0.000008 0.000613 0.003789 0.000008 0.000008 0.018610 0.000764 0.007419 0.000008 0.000461 0.002882 0.000008

********************************************************************************
Stopped because maximum number of motifs (5) reached.
********************************************************************************
COMMAND:	streme --protein --p ./Data/v1_cluster_windows_15mers/cluster_4111.fasta --minw 3 --maxw 15 --thresh 0.05 --oc ./Results/v1_Top500_Run_20250504_162200/streme_out_cluster_4111
********************************************************************************
CPU:		Hirokis-MacBook-Air.local
********************************************************************************
FINALTIME:	0.18 seconds
********************************************************************************
