********************************************************************************
STREME - Sensitive, Thorough, Rapid, Enriched Motif Elicitation
********************************************************************************
MEME version 5.5.7 (Release date: Wed Jun 19 13:59:04 2024 -0700)

For further information on how to interpret these results please access https://meme-suite.org/meme.
To get a copy of the MEME Suite software please access https://meme-suite.org.

********************************************************************************


********************************************************************************
REFERENCE
********************************************************************************
If you use this program in your research, please cite:

Timothy L. Bailey,
"STREME: accurate and versatile sequence motif discovery",
Bioinformatics, Mar. 24, 2021.
********************************************************************************


ALPHABET= ACDEFGHIKLMNPQRSTVWY

strands: +

Background letter frequencies
A 0.0277 C 6.28e-05 D 0.00383 E 0.00132 F 6.28e-05 G 0.521 H 0.00132 I 0.00132 K 6.28e-05 L 0.0126 M 6.28e-05 N 0.00383 P 6.28e-05 Q 0.173 R 0.0076 S 0.189 T 0.00258 V 0.00509 W 6.28e-05 Y 0.0491 

MOTIF 1-SGSGQGGQGGS STREME-1
letter-probability matrix: alength= 20 w= 11 nsites= 53 E= 1.6e-002
 0.000082 0.000000 0.000011 0.000004 0.000000 0.042649 0.000004 0.000004 0.000000 0.000037 0.000000 0.000011 0.000000 0.000514 0.000023 0.724244 0.000008 0.000015 0.000000 0.232393
 0.000082 0.000000 0.000011 0.000004 0.000000 0.998581 0.000004 0.000004 0.000000 0.000037 0.000000 0.000011 0.000000 0.000514 0.000023 0.000559 0.000008 0.000015 0.000000 0.000145
 0.000082 0.000000 0.000011 0.000004 0.000000 0.001546 0.000004 0.000004 0.000000 0.000037 0.000000 0.000011 0.000000 0.000514 0.000023 0.956177 0.041424 0.000015 0.000000 0.000145
 0.000082 0.000000 0.000011 0.000004 0.000000 0.957165 0.000004 0.000004 0.000000 0.000037 0.000000 0.000011 0.000000 0.000514 0.000023 0.000559 0.000008 0.041432 0.000000 0.000145
 0.000082 0.000000 0.000011 0.000004 0.000000 0.001546 0.020555 0.000004 0.000000 0.000037 0.000000 0.000011 0.000000 0.976998 0.000023 0.000559 0.000008 0.000015 0.000000 0.000145
 0.000082 0.000000 0.000011 0.000004 0.000000 0.978030 0.000004 0.000004 0.000000 0.000037 0.000000 0.000011 0.000000 0.000514 0.020574 0.000559 0.000008 0.000015 0.000000 0.000145
 0.000082 0.000000 0.000011 0.000004 0.000000 0.998581 0.000004 0.000004 0.000000 0.000037 0.000000 0.000011 0.000000 0.000514 0.000023 0.000559 0.000008 0.000015 0.000000 0.000145
 0.000082 0.000000 0.000011 0.000004 0.000000 0.001546 0.000004 0.000004 0.000000 0.190868 0.000000 0.000011 0.000000 0.703334 0.000023 0.062527 0.000008 0.000015 0.000000 0.041562
 0.000082 0.000000 0.000011 0.000004 0.000000 0.702634 0.000004 0.000004 0.000000 0.000037 0.000000 0.000011 0.000000 0.000514 0.020574 0.255403 0.000008 0.020566 0.000000 0.000145
 0.000082 0.000000 0.000011 0.000004 0.000000 0.895197 0.000004 0.000004 0.000000 0.000037 0.000000 0.000011 0.000000 0.062482 0.000023 0.041975 0.000008 0.000015 0.000000 0.000145
 0.000082 0.000000 0.000011 0.000004 0.000000 0.042963 0.000004 0.020555 0.000000 0.000037 0.000000 0.041428 0.000000 0.000514 0.041439 0.486699 0.000008 0.000015 0.000000 0.366239

MOTIF 2-AAA STREME-2
letter-probability matrix: alength= 20 w= 3 nsites= 4 E= 4.0e+000
 0.911609 0.000006 0.000348 0.000120 0.000006 0.047402 0.000120 0.000120 0.000006 0.001148 0.000006 0.000348 0.000006 0.015764 0.000691 0.017137 0.000234 0.000463 0.000006 0.004460
 0.911609 0.000006 0.000348 0.000120 0.000006 0.047402 0.000120 0.000120 0.000006 0.001148 0.000006 0.000348 0.000006 0.015764 0.000691 0.017137 0.000234 0.000463 0.000006 0.004460
 0.911609 0.000006 0.000348 0.000120 0.000006 0.047402 0.000120 0.000120 0.000006 0.001148 0.000006 0.000348 0.000006 0.015764 0.000691 0.017137 0.000234 0.000463 0.000006 0.004460

MOTIF 3-GSGQ STREME-3
letter-probability matrix: alength= 20 w= 4 nsites= 10 E= 4.0e+000
 0.000818 0.000002 0.000113 0.000039 0.000002 0.985871 0.000039 0.000039 0.000002 0.000373 0.000002 0.000113 0.000002 0.005120 0.000224 0.005565 0.000076 0.000150 0.000002 0.001448
 0.084716 0.000002 0.000113 0.000039 0.000002 0.015394 0.000039 0.000039 0.000002 0.000373 0.000002 0.000113 0.000002 0.005120 0.000224 0.892144 0.000076 0.000150 0.000002 0.001448
 0.000818 0.000002 0.288650 0.000039 0.000002 0.697334 0.000039 0.000039 0.000002 0.000373 0.000002 0.000113 0.000002 0.005120 0.000224 0.005565 0.000076 0.000150 0.000002 0.001448
 0.000818 0.000002 0.000113 0.000039 0.000002 0.015394 0.000039 0.000039 0.000002 0.000373 0.000002 0.000113 0.000002 0.975596 0.000224 0.005565 0.000076 0.000150 0.000002 0.001448

MOTIF 4-AGG STREME-4
letter-probability matrix: alength= 20 w= 3 nsites= 4 E= 4.0e+000
 0.911609 0.000006 0.000348 0.000120 0.000006 0.047402 0.000120 0.000120 0.000006 0.001148 0.000006 0.000348 0.000006 0.015764 0.000691 0.017137 0.000234 0.000463 0.000006 0.004460
 0.002518 0.000006 0.000348 0.000120 0.000006 0.956493 0.000120 0.000120 0.000006 0.001148 0.000006 0.000348 0.000006 0.015764 0.000691 0.017137 0.000234 0.000463 0.000006 0.004460
 0.002518 0.000006 0.000348 0.000120 0.000006 0.956493 0.000120 0.000120 0.000006 0.001148 0.000006 0.000348 0.000006 0.015764 0.000691 0.017137 0.000234 0.000463 0.000006 0.004460

********************************************************************************
Stopped because 3 consecutive motifs exceeded the p-value threshold (0.05).
********************************************************************************
COMMAND:	streme --protein --p ./Data/v1_cluster_windows_15mers/cluster_10927.fasta --minw 3 --maxw 15 --thresh 0.05 --oc ./Results/v1_Top500_Run_20250504_162200/streme_out_cluster_10927
********************************************************************************
CPU:		Hirokis-MacBook-Air.local
********************************************************************************
FINALTIME:	0.17 seconds
********************************************************************************
