********************************************************************************
STREME - Sensitive, Thorough, Rapid, Enriched Motif Elicitation
********************************************************************************
MEME version 5.5.7 (Release date: Wed Jun 19 13:59:04 2024 -0700)

For further information on how to interpret these results please access https://meme-suite.org/meme.
To get a copy of the MEME Suite software please access https://meme-suite.org.

********************************************************************************


********************************************************************************
REFERENCE
********************************************************************************
If you use this program in your research, please cite:

Timothy L. Bailey,
"STREME: accurate and versatile sequence motif discovery",
Bioinformatics, Mar. 24, 2021.
********************************************************************************


ALPHABET= ACDEFGHIKLMNPQRSTVWY

strands: +

Background letter frequencies
A 0.165 C 3.83e-05 D 0.0368 E 0.0429 F 0.00616 G 0.436 H 3.83e-05 I 3.83e-05 K 3.83e-05 L 0.0965 M 3.83e-05 N 0.036 P 0.0215 Q 3.83e-05 R 0.059 S 0.0353 T 0.00233 V 0.00157 W 3.83e-05 Y 0.0605 

MOTIF 1-GLGYGS STREME-1
letter-probability matrix: alength= 20 w= 6 nsites= 87 E= 4.7e-004
 0.014972 0.000003 0.003344 0.003902 0.000560 0.948770 0.000003 0.000003 0.000003 0.008774 0.000003 0.003275 0.001953 0.000003 0.005363 0.003205 0.000212 0.000143 0.000003 0.005502
 0.014972 0.000003 0.003344 0.003902 0.000560 0.039679 0.000003 0.000003 0.000003 0.917865 0.000003 0.003275 0.001953 0.000003 0.005363 0.003205 0.000212 0.000143 0.000003 0.005502
 0.014972 0.000003 0.003344 0.003902 0.000560 0.948770 0.000003 0.000003 0.000003 0.008774 0.000003 0.003275 0.001953 0.000003 0.005363 0.003205 0.000212 0.000143 0.000003 0.005502
 0.014972 0.000003 0.003344 0.003902 0.000560 0.039679 0.000003 0.000003 0.000003 0.008774 0.000003 0.003275 0.001953 0.000003 0.005363 0.003205 0.000212 0.000143 0.000003 0.914593
 0.014972 0.000003 0.003344 0.003902 0.000560 0.948770 0.000003 0.000003 0.000003 0.008774 0.000003 0.003275 0.001953 0.000003 0.005363 0.003205 0.000212 0.000143 0.000003 0.005502
 0.014972 0.000003 0.003344 0.003902 0.000560 0.039679 0.000003 0.000003 0.000003 0.008774 0.000003 0.003275 0.001953 0.000003 0.005363 0.912296 0.000212 0.000143 0.000003 0.005502

MOTIF 2-LYGRGR STREME-2
letter-probability matrix: alength= 20 w= 6 nsites= 31 E= 2.3e-001
 0.014972 0.000003 0.003344 0.003902 0.000560 0.039679 0.000003 0.000003 0.000003 0.917865 0.000003 0.003275 0.001953 0.000003 0.005363 0.003205 0.000212 0.000143 0.000003 0.005502
 0.014972 0.000003 0.003344 0.003902 0.000560 0.039679 0.000003 0.000003 0.000003 0.008774 0.000003 0.003275 0.001953 0.000003 0.005363 0.003205 0.000212 0.000143 0.000003 0.914593
 0.014972 0.000003 0.003344 0.003902 0.000560 0.948770 0.000003 0.000003 0.000003 0.008774 0.000003 0.003275 0.001953 0.000003 0.005363 0.003205 0.000212 0.000143 0.000003 0.005502
 0.014972 0.000003 0.003344 0.003902 0.000560 0.039679 0.000003 0.000003 0.000003 0.008774 0.000003 0.003275 0.001953 0.000003 0.914454 0.003205 0.000212 0.000143 0.000003 0.005502
 0.014972 0.000003 0.003344 0.003902 0.000560 0.948770 0.000003 0.000003 0.000003 0.008774 0.000003 0.003275 0.001953 0.000003 0.005363 0.003205 0.000212 0.000143 0.000003 0.005502
 0.014972 0.000003 0.003344 0.003902 0.000560 0.039679 0.000003 0.000003 0.000003 0.008774 0.000003 0.003275 0.001953 0.000003 0.914454 0.003205 0.000212 0.000143 0.000003 0.005502

MOTIF 3-AAA STREME-3
letter-probability matrix: alength= 20 w= 3 nsites= 29 E= 2.3e-001
 0.924063 0.000003 0.003344 0.003902 0.000560 0.039679 0.000003 0.000003 0.000003 0.008774 0.000003 0.003275 0.001953 0.000003 0.005363 0.003205 0.000212 0.000143 0.000003 0.005502
 0.924063 0.000003 0.003344 0.003902 0.000560 0.039679 0.000003 0.000003 0.000003 0.008774 0.000003 0.003275 0.001953 0.000003 0.005363 0.003205 0.000212 0.000143 0.000003 0.005502
 0.924063 0.000003 0.003344 0.003902 0.000560 0.039679 0.000003 0.000003 0.000003 0.008774 0.000003 0.003275 0.001953 0.000003 0.005363 0.003205 0.000212 0.000143 0.000003 0.005502

MOTIF 4-AGEGNG STREME-4
letter-probability matrix: alength= 20 w= 6 nsites= 47 E= 1.4e+000
 0.907106 0.000000 0.000119 0.000139 0.000020 0.001416 0.000000 0.000000 0.000000 0.000313 0.000000 0.000117 0.000070 0.000000 0.000191 0.022608 0.022501 0.045200 0.000000 0.000196
 0.210798 0.000000 0.000119 0.045334 0.000020 0.742713 0.000000 0.000000 0.000000 0.000313 0.000000 0.000117 0.000070 0.000000 0.000191 0.000114 0.000008 0.000005 0.000000 0.000196
 0.000534 0.000000 0.000119 0.996894 0.000020 0.001416 0.000000 0.000000 0.000000 0.000313 0.000000 0.000117 0.000070 0.000000 0.000191 0.000114 0.000008 0.000005 0.000000 0.000196
 0.000534 0.000000 0.114703 0.000139 0.000020 0.861094 0.000000 0.000000 0.000000 0.000313 0.000000 0.000117 0.000070 0.000000 0.000191 0.022608 0.000008 0.000005 0.000000 0.000196
 0.000534 0.000000 0.000119 0.000139 0.000020 0.001416 0.000000 0.000000 0.000000 0.000313 0.000000 0.996872 0.000070 0.000000 0.000191 0.000114 0.000008 0.000005 0.000000 0.000196
 0.000534 0.000000 0.000119 0.090322 0.000020 0.907988 0.000000 0.000000 0.000000 0.000313 0.000000 0.000117 0.000070 0.000000 0.000191 0.000114 0.000008 0.000005 0.000000 0.000196

MOTIF 5-GGFGGR STREME-5
letter-probability matrix: alength= 20 w= 6 nsites= 9 E= 1.4e+000
 0.003300 0.000001 0.000737 0.000860 0.000124 0.988708 0.000001 0.000001 0.000001 0.001934 0.000001 0.000722 0.000430 0.000001 0.001182 0.000706 0.000047 0.000031 0.000001 0.001213
 0.003300 0.000001 0.000737 0.000860 0.000124 0.988708 0.000001 0.000001 0.000001 0.001934 0.000001 0.000722 0.000430 0.000001 0.001182 0.000706 0.000047 0.000031 0.000001 0.001213
 0.003300 0.000001 0.000737 0.000860 0.559550 0.008746 0.000001 0.000001 0.000001 0.001934 0.000001 0.000722 0.000430 0.000001 0.001182 0.000706 0.000047 0.000031 0.000001 0.421749
 0.003300 0.000001 0.000737 0.000860 0.000124 0.988708 0.000001 0.000001 0.000001 0.001934 0.000001 0.000722 0.000430 0.000001 0.001182 0.000706 0.000047 0.000031 0.000001 0.001213
 0.003300 0.000001 0.000737 0.000860 0.000124 0.988708 0.000001 0.000001 0.000001 0.001934 0.000001 0.000722 0.000430 0.000001 0.001182 0.000706 0.000047 0.000031 0.000001 0.001213
 0.003300 0.000001 0.000737 0.000860 0.000124 0.008746 0.000001 0.000001 0.000001 0.140824 0.000001 0.000722 0.000430 0.000001 0.842254 0.000706 0.000047 0.000031 0.000001 0.001213

MOTIF 6-PGGA STREME-6
letter-probability matrix: alength= 20 w= 4 nsites= 28 E= 3.0e+000
 0.001144 0.000000 0.000256 0.000298 0.000043 0.003033 0.000000 0.000000 0.000000 0.000671 0.000000 0.000250 0.993200 0.000000 0.000410 0.000245 0.000016 0.000011 0.000000 0.000421
 0.001144 0.000000 0.000256 0.000298 0.000043 0.700228 0.000000 0.000000 0.000000 0.000671 0.000000 0.000250 0.000149 0.000000 0.296266 0.000245 0.000016 0.000011 0.000000 0.000421
 0.001144 0.000000 0.000256 0.048468 0.000043 0.947914 0.000000 0.000000 0.000000 0.000671 0.000000 0.000250 0.000149 0.000000 0.000410 0.000245 0.000016 0.000011 0.000000 0.000421
 0.994195 0.000000 0.000256 0.000298 0.000043 0.003033 0.000000 0.000000 0.000000 0.000671 0.000000 0.000250 0.000149 0.000000 0.000410 0.000245 0.000016 0.000011 0.000000 0.000421

********************************************************************************
Stopped because 3 consecutive motifs exceeded the p-value threshold (0.05).
********************************************************************************
COMMAND:	streme --protein --p ./Data/v1_cluster_windows_15mers/cluster_19475.fasta --minw 3 --maxw 15 --thresh 0.05 --oc ./Results/v1_Top500_Run_20250504_162200/streme_out_cluster_19475
********************************************************************************
CPU:		Hirokis-MacBook-Air.local
********************************************************************************
FINALTIME:	0.21 seconds
********************************************************************************
