********************************************************************************
STREME - Sensitive, Thorough, Rapid, Enriched Motif Elicitation
********************************************************************************
MEME version 5.5.7 (Release date: Wed Jun 19 13:59:04 2024 -0700)

For further information on how to interpret these results please access https://meme-suite.org/meme.
To get a copy of the MEME Suite software please access https://meme-suite.org.

********************************************************************************


********************************************************************************
REFERENCE
********************************************************************************
If you use this program in your research, please cite:

Timothy L. Bailey,
"STREME: accurate and versatile sequence motif discovery",
Bioinformatics, Mar. 24, 2021.
********************************************************************************


ALPHABET= ACDEFGHIKLMNPQRSTVWY

strands: +

Background letter frequencies
A 0.156 C 6.4e-05 D 0.00903 E 0.0743 F 0.0039 G 0.493 H 6.4e-05 I 0.00647 K 6.4e-05 L 0.0244 M 6.4e-05 N 0.0039 P 0.00775 Q 0.0359 R 0.0205 S 0.0487 T 0.0129 V 0.0154 W 6.4e-05 Y 0.0871 

MOTIF 1-GYGEGG STREME-1
letter-probability matrix: alength= 20 w= 6 nsites= 40 E= 1.6e-002
 0.000682 0.000000 0.000039 0.000325 0.000017 0.997787 0.000000 0.000028 0.000000 0.000106 0.000000 0.000017 0.000034 0.000157 0.000090 0.000213 0.000056 0.000067 0.000000 0.000380
 0.092898 0.000000 0.000039 0.000325 0.030279 0.002152 0.000000 0.000028 0.000000 0.000106 0.000000 0.000017 0.000034 0.000157 0.000090 0.030474 0.000056 0.030329 0.000000 0.813014
 0.000682 0.000000 0.000039 0.000325 0.000017 0.997787 0.000000 0.000028 0.000000 0.000106 0.000000 0.000017 0.000034 0.000157 0.000090 0.000213 0.000056 0.000067 0.000000 0.000380
 0.000682 0.000000 0.000039 0.995959 0.000017 0.002152 0.000000 0.000028 0.000000 0.000106 0.000000 0.000017 0.000034 0.000157 0.000090 0.000213 0.000056 0.000067 0.000000 0.000380
 0.000682 0.000000 0.000039 0.000325 0.000017 0.967525 0.000000 0.000028 0.000000 0.000106 0.000000 0.030279 0.000034 0.000157 0.000090 0.000213 0.000056 0.000067 0.000000 0.000380
 0.436029 0.000000 0.000039 0.000325 0.000017 0.471656 0.000000 0.000028 0.000000 0.000106 0.000000 0.000017 0.000034 0.000157 0.000090 0.000213 0.030318 0.030329 0.000000 0.030642

MOTIF 2-GAGAA STREME-2
letter-probability matrix: alength= 20 w= 5 nsites= 17 E= 8.9e-001
 0.001701 0.000001 0.000098 0.000809 0.000043 0.994481 0.000001 0.000070 0.000001 0.000265 0.000001 0.000043 0.000084 0.000391 0.000224 0.000530 0.000140 0.000168 0.000001 0.000948
 0.839924 0.000001 0.000098 0.000809 0.000043 0.005366 0.000001 0.000070 0.000001 0.000265 0.000001 0.000043 0.000084 0.000391 0.000224 0.000530 0.075586 0.075614 0.000001 0.000948
 0.001701 0.000001 0.000098 0.000809 0.000043 0.994481 0.000001 0.000070 0.000001 0.000265 0.000001 0.000043 0.000084 0.000391 0.000224 0.000530 0.000140 0.000168 0.000001 0.000948
 0.687855 0.000001 0.000098 0.000809 0.000043 0.157435 0.000001 0.000070 0.000001 0.000265 0.000001 0.000043 0.000084 0.000391 0.000224 0.000530 0.075586 0.075614 0.000001 0.000948
 0.685463 0.000001 0.000098 0.000809 0.000043 0.235274 0.000001 0.000070 0.000001 0.000265 0.000001 0.000043 0.000084 0.000391 0.000224 0.075976 0.000140 0.000168 0.000001 0.000948

MOTIF 3-GGLG STREME-3
letter-probability matrix: alength= 20 w= 4 nsites= 12 E= 2.0e+000
 0.002412 0.000001 0.000139 0.001147 0.000060 0.776562 0.000001 0.000100 0.000001 0.000376 0.000001 0.000060 0.000120 0.000554 0.000317 0.000752 0.000199 0.000238 0.000001 0.216958
 0.002412 0.000001 0.000139 0.216761 0.000060 0.669589 0.000001 0.000100 0.000001 0.000376 0.000001 0.000060 0.000120 0.000554 0.000317 0.000752 0.000199 0.107211 0.000001 0.001345
 0.002412 0.000001 0.000139 0.001147 0.000060 0.007608 0.000001 0.000100 0.000001 0.984944 0.000001 0.000060 0.000120 0.000554 0.000317 0.000752 0.000199 0.000238 0.000001 0.001345
 0.002412 0.000001 0.000139 0.001147 0.000060 0.992175 0.000001 0.000100 0.000001 0.000376 0.000001 0.000060 0.000120 0.000554 0.000317 0.000752 0.000199 0.000238 0.000001 0.001345

MOTIF 4-SAG STREME-4
letter-probability matrix: alength= 20 w= 3 nsites= 7 E= 4.0e+000
 0.014209 0.000006 0.000821 0.006757 0.000355 0.044818 0.000006 0.000588 0.000006 0.002217 0.000006 0.000355 0.000704 0.003265 0.001868 0.913520 0.001170 0.001403 0.000006 0.007921
 0.923300 0.000006 0.000821 0.006757 0.000355 0.044818 0.000006 0.000588 0.000006 0.002217 0.000006 0.000355 0.000704 0.003265 0.001868 0.004429 0.001170 0.001403 0.000006 0.007921
 0.014209 0.000006 0.000821 0.006757 0.000355 0.953909 0.000006 0.000588 0.000006 0.002217 0.000006 0.000355 0.000704 0.003265 0.001868 0.004429 0.001170 0.001403 0.000006 0.007921

********************************************************************************
Stopped because 3 consecutive motifs exceeded the p-value threshold (0.05).
********************************************************************************
COMMAND:	streme --protein --p ./Data/v1_cluster_windows_15mers/cluster_2300.fasta --minw 3 --maxw 15 --thresh 0.05 --oc ./Results/v1_Top500_Run_20250504_162200/streme_out_cluster_2300
********************************************************************************
CPU:		Hirokis-MacBook-Air.local
********************************************************************************
FINALTIME:	0.18 seconds
********************************************************************************
