********************************************************************************
STREME - Sensitive, Thorough, Rapid, Enriched Motif Elicitation
********************************************************************************
MEME version 5.5.7 (Release date: Wed Jun 19 13:59:04 2024 -0700)

For further information on how to interpret these results please access https://meme-suite.org/meme.
To get a copy of the MEME Suite software please access https://meme-suite.org.

********************************************************************************


********************************************************************************
REFERENCE
********************************************************************************
If you use this program in your research, please cite:

Timothy L. Bailey,
"STREME: accurate and versatile sequence motif discovery",
Bioinformatics, Mar. 24, 2021.
********************************************************************************


ALPHABET= ACDEFGHIKLMNPQRSTVWY

strands: +

Background letter frequencies
A 0.0854 C 4.69e-05 D 4.69e-05 E 0.000985 F 4.69e-05 G 0.447 H 4.69e-05 I 4.69e-05 K 4.69e-05 L 4.69e-05 M 4.69e-05 N 0.00192 P 0.199 Q 0.138 R 4.69e-05 S 0.0507 T 4.69e-05 V 0.000985 W 4.69e-05 Y 0.076 

MOTIF 1-GPGAQGPGG STREME-1
letter-probability matrix: alength= 20 w= 9 nsites= 70 E= 1.2e-002
 0.000173 0.000000 0.000000 0.000002 0.000000 0.998882 0.000000 0.000000 0.000000 0.000000 0.000000 0.000004 0.000402 0.000279 0.000000 0.000102 0.000000 0.000002 0.000000 0.000154
 0.000173 0.000000 0.000000 0.000002 0.000000 0.000903 0.000000 0.000000 0.000000 0.000000 0.000000 0.000004 0.941859 0.000279 0.000000 0.000102 0.000000 0.000002 0.000000 0.056676
 0.000173 0.000000 0.000000 0.000002 0.000000 0.998882 0.000000 0.000000 0.000000 0.000000 0.000000 0.000004 0.000402 0.000279 0.000000 0.000102 0.000000 0.000002 0.000000 0.000154
 0.998151 0.000000 0.000000 0.000002 0.000000 0.000903 0.000000 0.000000 0.000000 0.000000 0.000000 0.000004 0.000402 0.000279 0.000000 0.000102 0.000000 0.000002 0.000000 0.000154
 0.000173 0.000000 0.000000 0.000002 0.000000 0.000903 0.000000 0.000000 0.000000 0.000000 0.000000 0.000004 0.000402 0.998258 0.000000 0.000102 0.000000 0.000002 0.000000 0.000154
 0.000173 0.000000 0.000000 0.000002 0.000000 0.927196 0.000000 0.000000 0.000000 0.000000 0.000000 0.000004 0.000402 0.071964 0.000000 0.000102 0.000000 0.000002 0.000000 0.000154
 0.000173 0.000000 0.000000 0.000002 0.000000 0.072588 0.000000 0.000000 0.000000 0.000000 0.000000 0.000004 0.912686 0.000279 0.000000 0.014112 0.000000 0.000002 0.000000 0.000154
 0.000173 0.000000 0.000000 0.000002 0.000000 0.740932 0.000000 0.000000 0.000000 0.000000 0.000000 0.000004 0.000402 0.000279 0.000000 0.186366 0.000000 0.000002 0.000000 0.071839
 0.086706 0.000000 0.000000 0.000002 0.000000 0.720589 0.000000 0.000000 0.000000 0.000000 0.000000 0.000004 0.000402 0.028458 0.000000 0.163682 0.000000 0.000002 0.000000 0.000154

MOTIF 2-QGP STREME-2
letter-probability matrix: alength= 20 w= 3 nsites= 25 E= 5.2e-002
 0.007765 0.000004 0.000004 0.000090 0.000004 0.040602 0.000004 0.000004 0.000004 0.000004 0.000004 0.000175 0.018083 0.921628 0.000004 0.004609 0.000004 0.000090 0.000004 0.006912
 0.007765 0.000004 0.000004 0.000090 0.000004 0.949693 0.000004 0.000004 0.000004 0.000004 0.000004 0.000175 0.018083 0.012537 0.000004 0.004609 0.000004 0.000090 0.000004 0.006912
 0.007765 0.000004 0.000004 0.000090 0.000004 0.040602 0.000004 0.000004 0.000004 0.000004 0.000004 0.000175 0.927174 0.012537 0.000004 0.004609 0.000004 0.000090 0.000004 0.006912

MOTIF 3-YGPS STREME-3
letter-probability matrix: alength= 20 w= 4 nsites= 13 E= 2.5e+000
 0.007765 0.000004 0.000004 0.000090 0.000004 0.040602 0.000004 0.000004 0.000004 0.000004 0.000004 0.000175 0.018083 0.012537 0.000004 0.004609 0.000004 0.000090 0.000004 0.916003
 0.007765 0.000004 0.000004 0.000090 0.000004 0.949693 0.000004 0.000004 0.000004 0.000004 0.000004 0.000175 0.018083 0.012537 0.000004 0.004609 0.000004 0.000090 0.000004 0.006912
 0.007765 0.000004 0.000004 0.000090 0.000004 0.040602 0.000004 0.000004 0.000004 0.000004 0.000004 0.000175 0.927174 0.012537 0.000004 0.004609 0.000004 0.000090 0.000004 0.006912
 0.007765 0.000004 0.000004 0.000090 0.000004 0.040602 0.000004 0.000004 0.000004 0.000004 0.000004 0.000175 0.018083 0.012537 0.000004 0.913700 0.000004 0.000090 0.000004 0.006912

MOTIF 4-PGSQ STREME-4
letter-probability matrix: alength= 20 w= 4 nsites= 6 E= 2.5e+000
 0.007765 0.000004 0.000004 0.000090 0.000004 0.040602 0.000004 0.000004 0.000004 0.000004 0.000004 0.000175 0.927174 0.012537 0.000004 0.004609 0.000004 0.000090 0.000004 0.006912
 0.007765 0.000004 0.000004 0.000090 0.000004 0.949693 0.000004 0.000004 0.000004 0.000004 0.000004 0.000175 0.018083 0.012537 0.000004 0.004609 0.000004 0.000090 0.000004 0.006912
 0.007765 0.000004 0.000004 0.000090 0.000004 0.040602 0.000004 0.000004 0.000004 0.000004 0.000004 0.000175 0.018083 0.012537 0.000004 0.913700 0.000004 0.000090 0.000004 0.006912
 0.007765 0.000004 0.000004 0.000090 0.000004 0.040602 0.000004 0.000004 0.000004 0.000004 0.000004 0.000175 0.018083 0.921628 0.000004 0.004609 0.000004 0.000090 0.000004 0.006912

MOTIF 5-GGQQ STREME-5
letter-probability matrix: alength= 20 w= 4 nsites= 12 E= 5.0e+000
 0.135818 0.000001 0.000001 0.000019 0.000001 0.562003 0.000001 0.000001 0.000001 0.000001 0.000001 0.000037 0.296971 0.002669 0.000001 0.000981 0.000001 0.000019 0.000001 0.001472
 0.001653 0.000001 0.000001 0.000019 0.000001 0.989289 0.000001 0.000001 0.000001 0.000001 0.000001 0.000037 0.003850 0.002669 0.000001 0.000981 0.000001 0.000019 0.000001 0.001472
 0.001653 0.000001 0.000001 0.000019 0.000001 0.008645 0.000001 0.000001 0.000001 0.000001 0.000001 0.000037 0.003850 0.983313 0.000001 0.000981 0.000001 0.000019 0.000001 0.001472
 0.001653 0.000001 0.000001 0.000019 0.000001 0.008645 0.000001 0.000001 0.000001 0.000001 0.000001 0.000037 0.003850 0.983313 0.000001 0.000981 0.000001 0.000019 0.000001 0.001472

********************************************************************************
Stopped because 3 consecutive motifs exceeded the p-value threshold (0.05).
********************************************************************************
COMMAND:	streme --protein --p ./Data/v1_cluster_windows_15mers/cluster_2557.fasta --minw 3 --maxw 15 --thresh 0.05 --oc ./Results/v1_Top500_Run_20250504_162200/streme_out_cluster_2557
********************************************************************************
CPU:		Hirokis-MacBook-Air.local
********************************************************************************
FINALTIME:	0.26 seconds
********************************************************************************
