********************************************************************************
STREME - Sensitive, Thorough, Rapid, Enriched Motif Elicitation
********************************************************************************
MEME version 5.5.7 (Release date: Wed Jun 19 13:59:04 2024 -0700)

For further information on how to interpret these results please access https://meme-suite.org/meme.
To get a copy of the MEME Suite software please access https://meme-suite.org.

********************************************************************************


********************************************************************************
REFERENCE
********************************************************************************
If you use this program in your research, please cite:

Timothy L. Bailey,
"STREME: accurate and versatile sequence motif discovery",
Bioinformatics, Mar. 24, 2021.
********************************************************************************


ALPHABET= ACDEFGHIKLMNPQRSTVWY

strands: +

Background letter frequencies
A 0.0943 C 1.89e-05 D 0.00418 E 0.00608 F 0.00343 G 0.387 H 0.000398 I 0.00418 K 0.000776 L 0.0773 M 1.89e-05 N 0.00116 P 0.109 Q 0.106 R 0.0125 S 0.0996 T 0.0197 V 0.0182 W 1.89e-05 Y 0.0561 

MOTIF 1-GPQGLG STREME-1
letter-probability matrix: alength= 20 w= 6 nsites= 144 E= 2.5e-005
 0.023155 0.000000 0.000005 0.038459 0.000004 0.853264 0.000000 0.000005 0.000001 0.000086 0.000000 0.000001 0.000121 0.000118 0.023099 0.038528 0.000022 0.023071 0.000000 0.000062
 0.007788 0.000000 0.000005 0.000007 0.000004 0.271306 0.000000 0.007688 0.000001 0.061925 0.000000 0.000001 0.341526 0.247911 0.000014 0.054036 0.000022 0.000020 0.000000 0.007746
 0.061642 0.000000 0.000005 0.000007 0.000004 0.000429 0.000000 0.000005 0.000001 0.000086 0.000000 0.000001 0.000121 0.402909 0.000014 0.239951 0.038439 0.000020 0.000000 0.256366
 0.000105 0.000000 0.007688 0.000007 0.000004 0.991637 0.000000 0.000005 0.000001 0.000086 0.000000 0.000001 0.000121 0.000118 0.000014 0.000110 0.000022 0.000020 0.000000 0.000062
 0.000105 0.000000 0.000005 0.000007 0.000004 0.000429 0.000000 0.000005 0.000001 0.860340 0.000000 0.000001 0.138758 0.000118 0.000014 0.000110 0.000022 0.000020 0.000000 0.000062
 0.000105 0.000000 0.000005 0.000007 0.000004 0.806244 0.000000 0.000005 0.000001 0.007769 0.000000 0.000001 0.000121 0.000118 0.015381 0.115820 0.000022 0.000020 0.000000 0.054379

MOTIF 2-YGP STREME-2
letter-probability matrix: alength= 20 w= 3 nsites= 23 E= 9.7e-001
 0.008573 0.000002 0.000380 0.000552 0.000312 0.035182 0.000036 0.000380 0.000071 0.007024 0.000002 0.000105 0.009918 0.009636 0.001137 0.009055 0.001792 0.001654 0.000002 0.914187
 0.008573 0.000002 0.000380 0.000552 0.000312 0.944273 0.000036 0.000380 0.000071 0.007024 0.000002 0.000105 0.009918 0.009636 0.001137 0.009055 0.001792 0.001654 0.000002 0.005096
 0.008573 0.000002 0.000380 0.000552 0.000312 0.035182 0.000036 0.000380 0.000071 0.007024 0.000002 0.000105 0.919009 0.009636 0.001137 0.009055 0.001792 0.001654 0.000002 0.005096

MOTIF 3-YGLGS STREME-3
letter-probability matrix: alength= 20 w= 5 nsites= 11 E= 3.0e+000
 0.001899 0.000000 0.000084 0.000122 0.000069 0.007795 0.000008 0.000084 0.000016 0.001556 0.000000 0.000023 0.002198 0.002135 0.000252 0.002006 0.000397 0.000366 0.000000 0.980987
 0.001899 0.000000 0.000084 0.139738 0.000069 0.848038 0.000008 0.000084 0.000016 0.001556 0.000000 0.000023 0.002198 0.002135 0.000252 0.002006 0.000397 0.000366 0.000000 0.001129
 0.001899 0.000000 0.000084 0.000122 0.000069 0.007795 0.000008 0.000084 0.000016 0.981414 0.000000 0.000023 0.002198 0.002135 0.000252 0.002006 0.000397 0.000366 0.000000 0.001129
 0.001899 0.000000 0.000084 0.000122 0.000069 0.848038 0.000008 0.000084 0.000016 0.001556 0.000000 0.000023 0.002198 0.141750 0.000252 0.002006 0.000397 0.000366 0.000000 0.001129
 0.001899 0.000000 0.000084 0.000122 0.000069 0.007795 0.000008 0.000084 0.000016 0.001556 0.000000 0.000023 0.002198 0.422896 0.000252 0.561103 0.000397 0.000366 0.000000 0.001129

MOTIF 4-ASAA STREME-4
letter-probability matrix: alength= 20 w= 4 nsites= 23 E= 4.0e+000
 0.726452 0.000000 0.049125 0.000043 0.000024 0.002741 0.000003 0.000030 0.000005 0.020849 0.000000 0.049103 0.000773 0.000751 0.000089 0.149346 0.000140 0.000129 0.000000 0.000397
 0.284373 0.000000 0.000030 0.000043 0.000024 0.002741 0.000003 0.000030 0.000005 0.049642 0.000000 0.000008 0.000773 0.000751 0.000089 0.513313 0.098553 0.049224 0.000000 0.000397
 0.944490 0.000000 0.000030 0.000043 0.000024 0.002741 0.000003 0.000030 0.000005 0.000547 0.000000 0.000008 0.049868 0.000751 0.000089 0.000705 0.000140 0.000129 0.000000 0.000397
 0.846300 0.000000 0.000030 0.000043 0.000024 0.051836 0.000003 0.000030 0.000005 0.000547 0.000000 0.000008 0.000773 0.000751 0.049184 0.000705 0.049235 0.000129 0.000000 0.000397

********************************************************************************
Stopped because 3 consecutive motifs exceeded the p-value threshold (0.05).
********************************************************************************
COMMAND:	streme --protein --p ./Data/v1_cluster_windows_15mers/cluster_2978.fasta --minw 3 --maxw 15 --thresh 0.05 --oc ./Results/v1_Top500_Run_20250504_162200/streme_out_cluster_2978
********************************************************************************
CPU:		Hirokis-MacBook-Air.local
********************************************************************************
FINALTIME:	0.58 seconds
********************************************************************************
