********************************************************************************
STREME - Sensitive, Thorough, Rapid, Enriched Motif Elicitation
********************************************************************************
MEME version 5.5.7 (Release date: Wed Jun 19 13:59:04 2024 -0700)

For further information on how to interpret these results please access https://meme-suite.org/meme.
To get a copy of the MEME Suite software please access https://meme-suite.org.

********************************************************************************


********************************************************************************
REFERENCE
********************************************************************************
If you use this program in your research, please cite:

Timothy L. Bailey,
"STREME: accurate and versatile sequence motif discovery",
Bioinformatics, Mar. 24, 2021.
********************************************************************************


ALPHABET= ACDEFGHIKLMNPQRSTVWY

strands: +

Background letter frequencies
A 0.419 C 1.67e-05 D 1.67e-05 E 1.67e-05 F 0.000686 G 0.346 H 1.67e-05 I 1.67e-05 K 1.67e-05 L 0.00102 M 1.67e-05 N 1.67e-05 P 0.137 Q 0.00805 R 0.000686 S 0.0164 T 0.00671 V 0.00169 W 1.67e-05 Y 0.0633 

MOTIF 1-AAAAAGPGGYGPG STREME-1
letter-probability matrix: alength= 20 w= 13 nsites= 199 E= 1.1e-010
 0.919680 0.000000 0.000000 0.000000 0.000000 0.030279 0.000000 0.000000 0.000000 0.000001 0.000000 0.000000 0.035085 0.000006 0.000000 0.009942 0.000005 0.004956 0.000000 0.000045
 0.959642 0.000000 0.000000 0.000000 0.000000 0.035234 0.000000 0.000000 0.000000 0.000001 0.000000 0.000000 0.000098 0.000006 0.000000 0.000012 0.004960 0.000001 0.000000 0.000045
 0.899451 0.000000 0.000000 0.000000 0.000000 0.000247 0.000000 0.000000 0.000000 0.000001 0.000000 0.000000 0.000098 0.000006 0.000000 0.004967 0.085273 0.009911 0.000000 0.000045
 0.846989 0.000000 0.000000 0.000000 0.000000 0.142912 0.000000 0.000000 0.000000 0.000001 0.000000 0.000000 0.000098 0.000006 0.000000 0.009942 0.000005 0.000001 0.000000 0.000045
 0.999584 0.000000 0.000000 0.000000 0.000000 0.000247 0.000000 0.000000 0.000000 0.000001 0.000000 0.000000 0.000098 0.000006 0.000000 0.000012 0.000005 0.000001 0.000000 0.000045
 0.000299 0.000000 0.000000 0.000000 0.000000 0.999532 0.000000 0.000000 0.000000 0.000001 0.000000 0.000000 0.000098 0.000006 0.000000 0.000012 0.000005 0.000001 0.000000 0.000045
 0.000299 0.000000 0.000000 0.000000 0.000000 0.000247 0.000000 0.000000 0.000000 0.000001 0.000000 0.000000 0.999383 0.000006 0.000000 0.000012 0.000005 0.000001 0.000000 0.000045
 0.000299 0.000000 0.000000 0.000000 0.000000 0.999532 0.000000 0.000000 0.000000 0.000001 0.000000 0.000000 0.000098 0.000006 0.000000 0.000012 0.000005 0.000001 0.000000 0.000045
 0.000299 0.000000 0.000000 0.000000 0.000000 0.949742 0.000000 0.000000 0.000000 0.004956 0.000000 0.000000 0.000098 0.034911 0.000000 0.009942 0.000005 0.000001 0.000000 0.000045
 0.000299 0.000000 0.000000 0.000000 0.009930 0.000247 0.000000 0.000000 0.000000 0.000001 0.000000 0.000000 0.000098 0.034911 0.000000 0.000012 0.000005 0.000001 0.000000 0.954495
 0.000299 0.000000 0.000000 0.000000 0.000000 0.994578 0.000000 0.000000 0.000000 0.000001 0.000000 0.000000 0.000098 0.000006 0.000000 0.000012 0.000005 0.004956 0.000000 0.000045
 0.000299 0.000000 0.000000 0.000000 0.000000 0.000247 0.000000 0.000000 0.000000 0.009931 0.000000 0.000000 0.984498 0.004961 0.000000 0.000012 0.000005 0.000001 0.000000 0.000045
 0.065651 0.000000 0.000000 0.000000 0.000000 0.780631 0.000000 0.000000 0.000000 0.000001 0.000000 0.000000 0.000098 0.004961 0.000000 0.138697 0.004960 0.004956 0.000000 0.000045

MOTIF 2-QGPG STREME-2
letter-probability matrix: alength= 20 w= 4 nsites= 6 E= 4.0e+000
 0.038053 0.000002 0.000002 0.000002 0.000062 0.031453 0.000002 0.000002 0.000002 0.000093 0.000002 0.000002 0.012427 0.909823 0.000062 0.001494 0.000610 0.000154 0.000002 0.005755
 0.038053 0.000002 0.000002 0.000002 0.000062 0.940544 0.000002 0.000002 0.000002 0.000093 0.000002 0.000002 0.012427 0.000732 0.000062 0.001494 0.000610 0.000154 0.000002 0.005755
 0.038053 0.000002 0.000002 0.000002 0.000062 0.031453 0.000002 0.000002 0.000002 0.000093 0.000002 0.000002 0.921518 0.000732 0.000062 0.001494 0.000610 0.000154 0.000002 0.005755
 0.038053 0.000002 0.000002 0.000002 0.000062 0.940544 0.000002 0.000002 0.000002 0.000093 0.000002 0.000002 0.012427 0.000732 0.000062 0.001494 0.000610 0.000154 0.000002 0.005755

MOTIF 3-SGPG STREME-3
letter-probability matrix: alength= 20 w= 4 nsites= 1 E= 4.0e+000
 0.052775 0.000002 0.000002 0.000002 0.000087 0.043622 0.000002 0.000002 0.000002 0.000129 0.000002 0.000002 0.017234 0.001015 0.000087 0.875991 0.000847 0.000213 0.000002 0.007982
 0.052775 0.000002 0.000002 0.000002 0.000087 0.917542 0.000002 0.000002 0.000002 0.000129 0.000002 0.000002 0.017234 0.001015 0.000087 0.002071 0.000847 0.000213 0.000002 0.007982
 0.052775 0.000002 0.000002 0.000002 0.000087 0.043622 0.000002 0.000002 0.000002 0.000129 0.000002 0.000002 0.891154 0.001015 0.000087 0.002071 0.000847 0.000213 0.000002 0.007982
 0.052775 0.000002 0.000002 0.000002 0.000087 0.917542 0.000002 0.000002 0.000002 0.000129 0.000002 0.000002 0.017234 0.001015 0.000087 0.002071 0.000847 0.000213 0.000002 0.007982

MOTIF 4-AAS STREME-4
letter-probability matrix: alength= 20 w= 3 nsites= 2 E= 4.0e+000
 0.947144 0.000002 0.000002 0.000002 0.000062 0.031453 0.000002 0.000002 0.000002 0.000093 0.000002 0.000002 0.012427 0.000732 0.000062 0.001494 0.000610 0.000154 0.000002 0.005755
 0.947144 0.000002 0.000002 0.000002 0.000062 0.031453 0.000002 0.000002 0.000002 0.000093 0.000002 0.000002 0.012427 0.000732 0.000062 0.001494 0.000610 0.000154 0.000002 0.005755
 0.038053 0.000002 0.000002 0.000002 0.000062 0.031453 0.000002 0.000002 0.000002 0.000093 0.000002 0.000002 0.012427 0.000732 0.000062 0.910584 0.000610 0.000154 0.000002 0.005755

********************************************************************************
Stopped because 3 consecutive motifs exceeded the p-value threshold (0.05).
********************************************************************************
COMMAND:	streme --protein --p ./Data/v1_cluster_windows_15mers/cluster_21457.fasta --minw 3 --maxw 15 --thresh 0.05 --oc ./Results/v1_Top500_Run_20250504_162200/streme_out_cluster_21457
********************************************************************************
CPU:		Hirokis-MacBook-Air.local
********************************************************************************
FINALTIME:	0.34 seconds
********************************************************************************
