********************************************************************************
STREME - Sensitive, Thorough, Rapid, Enriched Motif Elicitation
********************************************************************************
MEME version 5.5.7 (Release date: Wed Jun 19 13:59:04 2024 -0700)

For further information on how to interpret these results please access https://meme-suite.org/meme.
To get a copy of the MEME Suite software please access https://meme-suite.org.

********************************************************************************


********************************************************************************
REFERENCE
********************************************************************************
If you use this program in your research, please cite:

Timothy L. Bailey,
"STREME: accurate and versatile sequence motif discovery",
Bioinformatics, Mar. 24, 2021.
********************************************************************************


ALPHABET= ACDEFGHIKLMNPQRSTVWY

strands: +

Background letter frequencies
A 0.0899 C 8.32e-05 D 0.0666 E 8.32e-05 F 0.0101 G 0.133 H 8.32e-05 I 0.118 K 8.32e-05 L 0.181 M 8.32e-05 N 0.07 P 0.0666 Q 8.32e-05 R 8.32e-05 S 0.195 T 0.00674 V 0.0567 W 8.32e-05 Y 0.00508 

MOTIF 1-GGVLNLDALP STREME-1
letter-probability matrix: alength= 20 w= 10 nsites= 40 S= 9.3e-024
 0.000268 0.000000 0.000198 0.000000 0.000030 0.955806 0.000000 0.041967 0.000000 0.000540 0.000000 0.000208 0.000198 0.000000 0.000000 0.000579 0.000020 0.000169 0.000000 0.000015
 0.000268 0.000000 0.000198 0.000000 0.000030 0.997422 0.000000 0.000352 0.000000 0.000540 0.000000 0.000208 0.000198 0.000000 0.000000 0.000579 0.000020 0.000169 0.000000 0.000015
 0.125507 0.000000 0.000198 0.000000 0.000030 0.000396 0.000000 0.000352 0.000000 0.000540 0.000000 0.000208 0.000198 0.000000 0.000000 0.128231 0.000020 0.682070 0.000000 0.062249
 0.000268 0.000000 0.000198 0.000000 0.083654 0.000396 0.000000 0.000352 0.000000 0.872325 0.000000 0.000208 0.000198 0.000000 0.000000 0.000579 0.000020 0.041784 0.000000 0.000015
 0.000268 0.000000 0.000198 0.000000 0.000030 0.000396 0.000000 0.000352 0.000000 0.000540 0.000000 0.997234 0.000198 0.000000 0.000000 0.000579 0.000020 0.000169 0.000000 0.000015
 0.063274 0.000000 0.000198 0.000000 0.041645 0.000396 0.000000 0.000352 0.000000 0.872325 0.000000 0.000208 0.000198 0.000000 0.000000 0.000579 0.020638 0.000169 0.000000 0.000015
 0.000268 0.000000 0.997224 0.000000 0.000030 0.000396 0.000000 0.000352 0.000000 0.000540 0.000000 0.000208 0.000198 0.000000 0.000000 0.000579 0.000020 0.000169 0.000000 0.000015
 0.997293 0.000000 0.000198 0.000000 0.000030 0.000396 0.000000 0.000352 0.000000 0.000540 0.000000 0.000208 0.000198 0.000000 0.000000 0.000579 0.000020 0.000169 0.000000 0.000015
 0.000268 0.000000 0.000198 0.000000 0.000030 0.000396 0.000000 0.041967 0.000000 0.955950 0.000000 0.000208 0.000198 0.000000 0.000000 0.000579 0.000020 0.000169 0.000000 0.000015
 0.000268 0.000000 0.000198 0.000000 0.000030 0.000396 0.000000 0.000352 0.000000 0.000540 0.000000 0.000208 0.997224 0.000000 0.000000 0.000579 0.000020 0.000169 0.000000 0.000015

MOTIF 2-SVIS STREME-2
letter-probability matrix: alength= 20 w= 4 nsites= 37 S= 7.4e-017
 0.008176 0.000008 0.006058 0.000008 0.000915 0.012109 0.000008 0.010746 0.000008 0.016491 0.000008 0.006361 0.006058 0.000008 0.000008 0.926800 0.000613 0.005151 0.000008 0.000461
 0.008176 0.000008 0.006058 0.000008 0.000915 0.012109 0.000008 0.010746 0.000008 0.016491 0.000008 0.006361 0.006058 0.000008 0.000008 0.017709 0.000613 0.914242 0.000008 0.000461
 0.008176 0.000008 0.006058 0.000008 0.000915 0.012109 0.000008 0.919836 0.000008 0.016491 0.000008 0.006361 0.006058 0.000008 0.000008 0.017709 0.000613 0.005151 0.000008 0.000461
 0.008176 0.000008 0.006058 0.000008 0.000915 0.012109 0.000008 0.010746 0.000008 0.016491 0.000008 0.006361 0.006058 0.000008 0.000008 0.926800 0.000613 0.005151 0.000008 0.000461

MOTIF 3-GSVS STREME-3
letter-probability matrix: alength= 20 w= 4 nsites= 2 S= 2.5e-001
 0.008176 0.000008 0.006058 0.000008 0.000915 0.921200 0.000008 0.010746 0.000008 0.016491 0.000008 0.006361 0.006058 0.000008 0.000008 0.017709 0.000613 0.005151 0.000008 0.000461
 0.008176 0.000008 0.006058 0.000008 0.000915 0.012109 0.000008 0.010746 0.000008 0.016491 0.000008 0.006361 0.006058 0.000008 0.000008 0.926800 0.000613 0.005151 0.000008 0.000461
 0.008176 0.000008 0.006058 0.000008 0.000915 0.012109 0.000008 0.010746 0.000008 0.016491 0.000008 0.006361 0.006058 0.000008 0.000008 0.017709 0.000613 0.914242 0.000008 0.000461
 0.008176 0.000008 0.006058 0.000008 0.000915 0.012109 0.000008 0.010746 0.000008 0.016491 0.000008 0.006361 0.006058 0.000008 0.000008 0.926800 0.000613 0.005151 0.000008 0.000461

MOTIF 4-IIS STREME-4
letter-probability matrix: alength= 20 w= 3 nsites= 1 S= 8.8e-001
 0.008176 0.000008 0.006058 0.000008 0.000915 0.012109 0.000008 0.919836 0.000008 0.016491 0.000008 0.006361 0.006058 0.000008 0.000008 0.017709 0.000613 0.005151 0.000008 0.000461
 0.008176 0.000008 0.006058 0.000008 0.000915 0.012109 0.000008 0.919836 0.000008 0.016491 0.000008 0.006361 0.006058 0.000008 0.000008 0.017709 0.000613 0.005151 0.000008 0.000461
 0.008176 0.000008 0.006058 0.000008 0.000915 0.012109 0.000008 0.010746 0.000008 0.016491 0.000008 0.006361 0.006058 0.000008 0.000008 0.926800 0.000613 0.005151 0.000008 0.000461

********************************************************************************
Stopped because the next motif had no positive sites with scores > 0.
********************************************************************************
COMMAND:	streme --protein --p ./Data/v1_cluster_windows_15mers/cluster_6765.fasta --minw 3 --maxw 15 --thresh 0.05 --oc ./Results/v1_Top500_Run_20250504_162200/streme_out_cluster_6765
********************************************************************************
CPU:		Hirokis-MacBook-Air.local
********************************************************************************
FINALTIME:	0.16 seconds
********************************************************************************
