********************************************************************************
STREME - Sensitive, Thorough, Rapid, Enriched Motif Elicitation
********************************************************************************
MEME version 5.5.7 (Release date: Wed Jun 19 13:59:04 2024 -0700)

For further information on how to interpret these results please access https://meme-suite.org/meme.
To get a copy of the MEME Suite software please access https://meme-suite.org.

********************************************************************************


********************************************************************************
REFERENCE
********************************************************************************
If you use this program in your research, please cite:

Timothy L. Bailey,
"STREME: accurate and versatile sequence motif discovery",
Bioinformatics, Mar. 24, 2021.
********************************************************************************


ALPHABET= ACDEFGHIKLMNPQRSTVWY

strands: +

Background letter frequencies
A 0.106 C 6.53e-05 D 0.0131 E 0.0092 F 0.00137 G 0.221 H 6.53e-05 I 0.0562 K 6.53e-05 L 0.0588 M 0.0327 N 0.146 P 6.53e-05 Q 6.53e-05 R 6.53e-05 S 0.221 T 0.017 V 0.118 W 6.53e-05 Y 6.53e-05 

MOTIF 1-SIGNVSSAGVGNSMG STREME-1
letter-probability matrix: alength= 20 w= 15 nsites= 51 E= 7.9e-003
 0.169968 0.000000 0.000045 0.000032 0.000005 0.000764 0.000000 0.000195 0.000000 0.000204 0.000113 0.145322 0.000000 0.000000 0.000000 0.634868 0.048075 0.000407 0.000000 0.000000
 0.000366 0.000000 0.000045 0.000032 0.024013 0.000764 0.000000 0.876307 0.000000 0.000204 0.048512 0.000507 0.000000 0.000000 0.000000 0.000764 0.000059 0.048424 0.000000 0.000000
 0.000366 0.000000 0.000045 0.000032 0.000005 0.804469 0.000000 0.000195 0.000000 0.000204 0.000113 0.048523 0.000000 0.000000 0.000000 0.145579 0.000059 0.000407 0.000000 0.000000
 0.000366 0.000000 0.000045 0.000032 0.000005 0.193596 0.000000 0.000195 0.000000 0.000204 0.000113 0.780204 0.000000 0.000000 0.000000 0.024773 0.000059 0.000407 0.000000 0.000000
 0.000366 0.000000 0.000045 0.000032 0.000005 0.000764 0.000000 0.000195 0.000000 0.000204 0.000113 0.000507 0.000000 0.000000 0.000000 0.000764 0.000059 0.996944 0.000000 0.000000
 0.000366 0.000000 0.000045 0.000032 0.000005 0.073172 0.000000 0.000195 0.000000 0.000204 0.000113 0.367788 0.000000 0.000000 0.000000 0.557612 0.000059 0.000407 0.000000 0.000000
 0.024375 0.000000 0.000045 0.000032 0.000005 0.000764 0.000000 0.000195 0.000000 0.000204 0.000113 0.000507 0.000000 0.000000 0.000000 0.900885 0.072466 0.000407 0.000000 0.000000
 0.996903 0.000000 0.000045 0.000032 0.000005 0.000764 0.000000 0.000195 0.000000 0.000204 0.000113 0.000507 0.000000 0.000000 0.000000 0.000764 0.000059 0.000407 0.000000 0.000000
 0.000366 0.000000 0.000045 0.000032 0.000005 0.997301 0.000000 0.000195 0.000000 0.000204 0.000113 0.000507 0.000000 0.000000 0.000000 0.000764 0.000059 0.000407 0.000000 0.000000
 0.000366 0.000000 0.000045 0.000032 0.000005 0.000764 0.000000 0.000195 0.000000 0.268187 0.000113 0.000507 0.000000 0.000000 0.000000 0.000764 0.000059 0.728961 0.000000 0.000000
 0.000366 0.000000 0.098427 0.169633 0.000005 0.705309 0.000000 0.000195 0.000000 0.000204 0.000113 0.000507 0.000000 0.000000 0.000000 0.024773 0.000059 0.000407 0.000000 0.000000
 0.000366 0.000000 0.000045 0.000032 0.000005 0.217987 0.000000 0.000195 0.000000 0.000204 0.000113 0.561398 0.000000 0.000000 0.000000 0.219187 0.000059 0.000407 0.000000 0.000000
 0.120408 0.000000 0.000045 0.000032 0.000005 0.000764 0.000000 0.000195 0.000000 0.000204 0.000113 0.000507 0.000000 0.000000 0.000000 0.778878 0.098441 0.000407 0.000000 0.000000
 0.000366 0.000000 0.000045 0.000032 0.000005 0.000764 0.000000 0.000195 0.000000 0.465484 0.531369 0.000507 0.000000 0.000000 0.000000 0.000764 0.000059 0.000407 0.000000 0.000000
 0.217984 0.000000 0.000045 0.000032 0.000005 0.368046 0.000000 0.000195 0.000000 0.000204 0.000113 0.364127 0.000000 0.000000 0.000000 0.048781 0.000059 0.000407 0.000000 0.000000

MOTIF 2-VSG STREME-2
letter-probability matrix: alength= 20 w= 3 nsites= 1 E= 2.0e+000
 0.009618 0.000006 0.001193 0.000837 0.000125 0.020062 0.000006 0.005109 0.000006 0.005346 0.002973 0.013299 0.000006 0.000006 0.000006 0.020062 0.001549 0.919781 0.000006 0.000006
 0.009618 0.000006 0.001193 0.000837 0.000125 0.020062 0.000006 0.005109 0.000006 0.005346 0.002973 0.013299 0.000006 0.000006 0.000006 0.929153 0.001549 0.010690 0.000006 0.000006
 0.009618 0.000006 0.001193 0.000837 0.000125 0.929153 0.000006 0.005109 0.000006 0.005346 0.002973 0.013299 0.000006 0.000006 0.000006 0.020062 0.001549 0.010690 0.000006 0.000006

********************************************************************************
Stopped because the next motif had no positive sites with scores > 0.
********************************************************************************
COMMAND:	streme --protein --p ./Data/v1_cluster_windows_15mers/cluster_7031.fasta --minw 3 --maxw 15 --thresh 0.05 --oc ./Results/v1_Top500_Run_20250504_162200/streme_out_cluster_7031
********************************************************************************
CPU:		Hirokis-MacBook-Air.local
********************************************************************************
FINALTIME:	0.14 seconds
********************************************************************************
