********************************************************************************
STREME - Sensitive, Thorough, Rapid, Enriched Motif Elicitation
********************************************************************************
MEME version 5.5.7 (Release date: Wed Jun 19 13:59:04 2024 -0700)

For further information on how to interpret these results please access https://meme-suite.org/meme.
To get a copy of the MEME Suite software please access https://meme-suite.org.

********************************************************************************


********************************************************************************
REFERENCE
********************************************************************************
If you use this program in your research, please cite:

Timothy L. Bailey,
"STREME: accurate and versatile sequence motif discovery",
Bioinformatics, Mar. 24, 2021.
********************************************************************************


ALPHABET= ACDEFGHIKLMNPQRSTVWY

strands: +

Background letter frequencies
A 0.135 C 7.4e-05 D 7.4e-05 E 7.4e-05 F 0.00155 G 0.213 H 7.4e-05 I 0.00155 K 7.4e-05 L 0.132 M 7.4e-05 N 0.0755 P 0.00155 Q 7.4e-05 R 0.00155 S 0.311 T 0.00303 V 0.124 W 7.4e-05 Y 7.4e-05 

MOTIF 1-LVSSGGANSGSLSSV STREME-1
letter-probability matrix: alength= 20 w= 15 nsites= 45 S= 9.6e-027
 0.012246 0.000007 0.000007 0.000007 0.000141 0.019374 0.000007 0.000141 0.000007 0.921064 0.000007 0.006866 0.000141 0.000007 0.000141 0.028247 0.000276 0.011301 0.000007 0.000007
 0.012246 0.000007 0.000007 0.000007 0.000141 0.019374 0.000007 0.000141 0.000007 0.011974 0.000007 0.006866 0.000141 0.000007 0.000141 0.028247 0.000276 0.920392 0.000007 0.000007
 0.012246 0.000007 0.000007 0.000007 0.000141 0.019374 0.000007 0.000141 0.000007 0.011974 0.000007 0.006866 0.000141 0.000007 0.000141 0.937338 0.000276 0.011301 0.000007 0.000007
 0.012246 0.000007 0.000007 0.000007 0.000141 0.019374 0.000007 0.000141 0.000007 0.011974 0.000007 0.006866 0.000141 0.000007 0.000141 0.937338 0.000276 0.011301 0.000007 0.000007
 0.012246 0.000007 0.000007 0.000007 0.000141 0.928465 0.000007 0.000141 0.000007 0.011974 0.000007 0.006866 0.000141 0.000007 0.000141 0.028247 0.000276 0.011301 0.000007 0.000007
 0.012246 0.000007 0.000007 0.000007 0.000141 0.928465 0.000007 0.000141 0.000007 0.011974 0.000007 0.006866 0.000141 0.000007 0.000141 0.028247 0.000276 0.011301 0.000007 0.000007
 0.921337 0.000007 0.000007 0.000007 0.000141 0.019374 0.000007 0.000141 0.000007 0.011974 0.000007 0.006866 0.000141 0.000007 0.000141 0.028247 0.000276 0.011301 0.000007 0.000007
 0.012246 0.000007 0.000007 0.000007 0.000141 0.019374 0.000007 0.000141 0.000007 0.011974 0.000007 0.915957 0.000141 0.000007 0.000141 0.028247 0.000276 0.011301 0.000007 0.000007
 0.012246 0.000007 0.000007 0.000007 0.000141 0.019374 0.000007 0.000141 0.000007 0.011974 0.000007 0.006866 0.000141 0.000007 0.000141 0.937338 0.000276 0.011301 0.000007 0.000007
 0.012246 0.000007 0.000007 0.000007 0.000141 0.928465 0.000007 0.000141 0.000007 0.011974 0.000007 0.006866 0.000141 0.000007 0.000141 0.028247 0.000276 0.011301 0.000007 0.000007
 0.012246 0.000007 0.000007 0.000007 0.000141 0.019374 0.000007 0.000141 0.000007 0.011974 0.000007 0.006866 0.000141 0.000007 0.000141 0.937338 0.000276 0.011301 0.000007 0.000007
 0.012246 0.000007 0.000007 0.000007 0.000141 0.019374 0.000007 0.000141 0.000007 0.921064 0.000007 0.006866 0.000141 0.000007 0.000141 0.028247 0.000276 0.011301 0.000007 0.000007
 0.012246 0.000007 0.000007 0.000007 0.000141 0.019374 0.000007 0.000141 0.000007 0.011974 0.000007 0.006866 0.000141 0.000007 0.000141 0.937338 0.000276 0.011301 0.000007 0.000007
 0.012246 0.000007 0.000007 0.000007 0.000141 0.019374 0.000007 0.000141 0.000007 0.011974 0.000007 0.006866 0.000141 0.000007 0.000141 0.937338 0.000276 0.011301 0.000007 0.000007
 0.012246 0.000007 0.000007 0.000007 0.000141 0.019374 0.000007 0.000141 0.000007 0.011974 0.000007 0.006866 0.000141 0.000007 0.000141 0.028247 0.000276 0.920392 0.000007 0.000007

********************************************************************************
Stopped because the next motif had no positive sites with scores > 0.
********************************************************************************
COMMAND:	streme --protein --p ./Data/v1_cluster_windows_15mers/cluster_20456.fasta --minw 3 --maxw 15 --thresh 0.05 --oc ./Results/v1_Top500_Run_20250504_162200/streme_out_cluster_20456
********************************************************************************
CPU:		Hirokis-MacBook-Air.local
********************************************************************************
FINALTIME:	0.15 seconds
********************************************************************************
