********************************************************************************
STREME - Sensitive, Thorough, Rapid, Enriched Motif Elicitation
********************************************************************************
MEME version 5.5.7 (Release date: Wed Jun 19 13:59:04 2024 -0700)

For further information on how to interpret these results please access https://meme-suite.org/meme.
To get a copy of the MEME Suite software please access https://meme-suite.org.

********************************************************************************


********************************************************************************
REFERENCE
********************************************************************************
If you use this program in your research, please cite:

Timothy L. Bailey,
"STREME: accurate and versatile sequence motif discovery",
Bioinformatics, Mar. 24, 2021.
********************************************************************************


ALPHABET= ACDEFGHIKLMNPQRSTVWY

strands: +

Background letter frequencies
A 0.0558 C 7.74e-05 D 7.74e-05 E 0.00317 F 7.74e-05 G 0.57 H 7.74e-05 I 0.00317 K 7.74e-05 L 0.0728 M 7.74e-05 N 7.74e-05 P 7.74e-05 Q 0.206 R 0.00627 S 0.00627 T 7.74e-05 V 0.00782 W 7.74e-05 Y 0.0682 

MOTIF 1-GYGQGLGGQG STREME-1
letter-probability matrix: alength= 20 w= 10 nsites= 43 S= 1.5e-025
 0.000149 0.000000 0.000000 0.000008 0.000000 0.868151 0.000000 0.018544 0.000000 0.037582 0.000000 0.000000 0.000000 0.000551 0.000017 0.037404 0.000000 0.037408 0.000000 0.000182
 0.000149 0.000000 0.000000 0.000008 0.000000 0.057447 0.000000 0.000008 0.000000 0.000195 0.000000 0.000000 0.000000 0.076638 0.000017 0.000017 0.000000 0.000021 0.000000 0.865498
 0.000149 0.000000 0.000000 0.000008 0.000000 0.998849 0.000000 0.000008 0.000000 0.000195 0.000000 0.000000 0.000000 0.000551 0.000017 0.000017 0.000000 0.000021 0.000000 0.000182
 0.000149 0.000000 0.000000 0.000008 0.000000 0.001523 0.000000 0.000008 0.000000 0.000195 0.000000 0.000000 0.000000 0.997877 0.000017 0.000017 0.000000 0.000021 0.000000 0.000182
 0.000149 0.000000 0.000000 0.000008 0.000000 0.998849 0.000000 0.000008 0.000000 0.000195 0.000000 0.000000 0.000000 0.000551 0.000017 0.000017 0.000000 0.000021 0.000000 0.000182
 0.000149 0.000000 0.000000 0.000008 0.000000 0.001523 0.000000 0.018544 0.000000 0.978985 0.000000 0.000000 0.000000 0.000551 0.000017 0.000017 0.000000 0.000021 0.000000 0.000182
 0.000149 0.000000 0.000000 0.000008 0.000000 0.998849 0.000000 0.000008 0.000000 0.000195 0.000000 0.000000 0.000000 0.000551 0.000017 0.000017 0.000000 0.000021 0.000000 0.000182
 0.000149 0.000000 0.000000 0.000008 0.000000 0.942926 0.000000 0.000008 0.000000 0.000195 0.000000 0.000000 0.000000 0.000551 0.037404 0.000017 0.000000 0.018556 0.000000 0.000182
 0.000149 0.000000 0.000000 0.000008 0.000000 0.001523 0.000000 0.000008 0.000000 0.000195 0.000000 0.000000 0.000000 0.997877 0.000017 0.000017 0.000000 0.000021 0.000000 0.000182
 0.018685 0.000000 0.000000 0.000008 0.000000 0.980314 0.000000 0.000008 0.000000 0.000195 0.000000 0.000000 0.000000 0.000551 0.000017 0.000017 0.000000 0.000021 0.000000 0.000182

MOTIF 2-EGQ STREME-2
letter-probability matrix: alength= 20 w= 3 nsites= 2 S= 2.5e-001
 0.005073 0.000007 0.000007 0.909379 0.000007 0.051791 0.000007 0.000288 0.000007 0.006621 0.000007 0.000007 0.000007 0.018727 0.000570 0.000570 0.000007 0.000711 0.000007 0.006199
 0.005073 0.000007 0.000007 0.000288 0.000007 0.960882 0.000007 0.000288 0.000007 0.006621 0.000007 0.000007 0.000007 0.018727 0.000570 0.000570 0.000007 0.000711 0.000007 0.006199
 0.005073 0.000007 0.000007 0.000288 0.000007 0.051791 0.000007 0.000288 0.000007 0.006621 0.000007 0.000007 0.000007 0.927818 0.000570 0.000570 0.000007 0.000711 0.000007 0.006199

MOTIF 3-GSQ STREME-3
letter-probability matrix: alength= 20 w= 3 nsites= 2 S= 2.5e-001
 0.005073 0.000007 0.000007 0.000288 0.000007 0.960882 0.000007 0.000288 0.000007 0.006621 0.000007 0.000007 0.000007 0.018727 0.000570 0.000570 0.000007 0.000711 0.000007 0.006199
 0.005073 0.000007 0.000007 0.000288 0.000007 0.051791 0.000007 0.000288 0.000007 0.006621 0.000007 0.000007 0.000007 0.018727 0.000570 0.909661 0.000007 0.000711 0.000007 0.006199
 0.005073 0.000007 0.000007 0.000288 0.000007 0.051791 0.000007 0.000288 0.000007 0.006621 0.000007 0.000007 0.000007 0.927818 0.000570 0.000570 0.000007 0.000711 0.000007 0.006199

MOTIF 4-GVQ STREME-4
letter-probability matrix: alength= 20 w= 3 nsites= 2 S= 2.5e-001
 0.005073 0.000007 0.000007 0.000288 0.000007 0.960882 0.000007 0.000288 0.000007 0.006621 0.000007 0.000007 0.000007 0.018727 0.000570 0.000570 0.000007 0.000711 0.000007 0.006199
 0.005073 0.000007 0.000007 0.000288 0.000007 0.051791 0.000007 0.000288 0.000007 0.006621 0.000007 0.000007 0.000007 0.018727 0.000570 0.000570 0.000007 0.909802 0.000007 0.006199
 0.005073 0.000007 0.000007 0.000288 0.000007 0.051791 0.000007 0.000288 0.000007 0.006621 0.000007 0.000007 0.000007 0.927818 0.000570 0.000570 0.000007 0.000711 0.000007 0.006199

MOTIF 5-GQGLG STREME-5
letter-probability matrix: alength= 20 w= 5 nsites= 2 S= 5.0e-001
 0.005073 0.000007 0.000007 0.000288 0.000007 0.960882 0.000007 0.000288 0.000007 0.006621 0.000007 0.000007 0.000007 0.018727 0.000570 0.000570 0.000007 0.000711 0.000007 0.006199
 0.005073 0.000007 0.000007 0.000288 0.000007 0.051791 0.000007 0.000288 0.000007 0.006621 0.000007 0.000007 0.000007 0.927818 0.000570 0.000570 0.000007 0.000711 0.000007 0.006199
 0.005073 0.000007 0.000007 0.000288 0.000007 0.960882 0.000007 0.000288 0.000007 0.006621 0.000007 0.000007 0.000007 0.018727 0.000570 0.000570 0.000007 0.000711 0.000007 0.006199
 0.005073 0.000007 0.000007 0.000288 0.000007 0.051791 0.000007 0.000288 0.000007 0.915712 0.000007 0.000007 0.000007 0.018727 0.000570 0.000570 0.000007 0.000711 0.000007 0.006199
 0.005073 0.000007 0.000007 0.000288 0.000007 0.960882 0.000007 0.000288 0.000007 0.006621 0.000007 0.000007 0.000007 0.018727 0.000570 0.000570 0.000007 0.000711 0.000007 0.006199

********************************************************************************
Stopped because maximum number of motifs (5) reached.
********************************************************************************
COMMAND:	streme --protein --p ./Data/v1_cluster_windows_15mers/cluster_17520.fasta --minw 3 --maxw 15 --thresh 0.05 --oc ./Results/v1_Top500_Run_20250504_162200/streme_out_cluster_17520
********************************************************************************
CPU:		Hirokis-MacBook-Air.local
********************************************************************************
FINALTIME:	0.18 seconds
********************************************************************************
