********************************************************************************
STREME - Sensitive, Thorough, Rapid, Enriched Motif Elicitation
********************************************************************************
MEME version 5.5.7 (Release date: Wed Jun 19 13:59:04 2024 -0700)

For further information on how to interpret these results please access https://meme-suite.org/meme.
To get a copy of the MEME Suite software please access https://meme-suite.org.

********************************************************************************


********************************************************************************
REFERENCE
********************************************************************************
If you use this program in your research, please cite:

Timothy L. Bailey,
"STREME: accurate and versatile sequence motif discovery",
Bioinformatics, Mar. 24, 2021.
********************************************************************************


ALPHABET= ACDEFGHIKLMNPQRSTVWY

strands: +

Background letter frequencies
A 0.424 C 6.4e-05 D 6.4e-05 E 0.00134 F 0.00134 G 0.456 H 6.4e-05 I 6.4e-05 K 6.4e-05 L 0.00775 M 6.4e-05 N 6.4e-05 P 6.4e-05 Q 0.0167 R 0.0154 S 0.0372 T 0.00134 V 0.0231 W 6.4e-05 Y 0.0154 

MOTIF 1-GAGAGAGAGA STREME-1
letter-probability matrix: alength= 20 w= 10 nsites= 52 E= 1.6e-002
 0.001077 0.000000 0.000000 0.000003 0.000003 0.998617 0.000000 0.000000 0.000000 0.000020 0.000000 0.000000 0.000000 0.000042 0.000039 0.000095 0.000003 0.000059 0.000000 0.000039
 0.998536 0.000000 0.000000 0.000003 0.000003 0.001159 0.000000 0.000000 0.000000 0.000020 0.000000 0.000000 0.000000 0.000042 0.000039 0.000095 0.000003 0.000059 0.000000 0.000039
 0.001077 0.000000 0.000000 0.000003 0.000003 0.963111 0.000000 0.000000 0.000000 0.000020 0.000000 0.000000 0.000000 0.000042 0.000039 0.017848 0.000003 0.017812 0.000000 0.000039
 0.980783 0.000000 0.000000 0.000003 0.000003 0.001159 0.000000 0.000000 0.000000 0.000020 0.000000 0.000000 0.000000 0.000042 0.000039 0.000095 0.000003 0.017812 0.000000 0.000039
 0.001077 0.000000 0.000000 0.000003 0.000003 0.944790 0.000000 0.000000 0.000000 0.000020 0.000000 0.000000 0.000000 0.000042 0.000039 0.017848 0.000003 0.036133 0.000000 0.000039
 0.998536 0.000000 0.000000 0.000003 0.000003 0.001159 0.000000 0.000000 0.000000 0.000020 0.000000 0.000000 0.000000 0.000042 0.000039 0.000095 0.000003 0.000059 0.000000 0.000039
 0.001077 0.000000 0.000000 0.000003 0.000003 0.998617 0.000000 0.000000 0.000000 0.000020 0.000000 0.000000 0.000000 0.000042 0.000039 0.000095 0.000003 0.000059 0.000000 0.000039
 0.926231 0.000000 0.000000 0.000003 0.000003 0.001159 0.000000 0.000000 0.000000 0.000020 0.000000 0.000000 0.000000 0.054594 0.000039 0.000095 0.000003 0.017812 0.000000 0.000039
 0.018830 0.000000 0.000000 0.000003 0.000003 0.944496 0.000000 0.000000 0.000000 0.000020 0.000000 0.000000 0.000000 0.000042 0.000039 0.000095 0.000003 0.036427 0.000000 0.000039
 0.782221 0.000000 0.000000 0.000003 0.000003 0.055710 0.000000 0.000000 0.000000 0.036094 0.000000 0.000000 0.000000 0.017936 0.089941 0.017988 0.000003 0.000059 0.000000 0.000039

MOTIF 2-SGAGS STREME-2
letter-probability matrix: alength= 20 w= 5 nsites= 8 E= 4.0e+000
 0.007408 0.000001 0.000001 0.000023 0.000023 0.007967 0.000001 0.000001 0.000001 0.000135 0.000001 0.000001 0.000001 0.000292 0.000270 0.983175 0.000023 0.000404 0.000001 0.000270
 0.007408 0.000001 0.000001 0.000023 0.000023 0.990491 0.000001 0.000001 0.000001 0.000135 0.000001 0.000001 0.000001 0.000292 0.000270 0.000650 0.000023 0.000404 0.000001 0.000270
 0.868801 0.000001 0.000001 0.000023 0.000023 0.007967 0.000001 0.000001 0.000001 0.000135 0.000001 0.000001 0.000001 0.000292 0.000270 0.121781 0.000023 0.000404 0.000001 0.000270
 0.007408 0.000001 0.000001 0.000023 0.000023 0.990491 0.000001 0.000001 0.000001 0.000135 0.000001 0.000001 0.000001 0.000292 0.000270 0.000650 0.000023 0.000404 0.000001 0.000270
 0.007408 0.000001 0.000001 0.000023 0.000023 0.007967 0.000001 0.000001 0.000001 0.000135 0.000001 0.000001 0.000001 0.000292 0.121400 0.496762 0.000023 0.000404 0.000001 0.365551

MOTIF 3-GAGQ STREME-3
letter-probability matrix: alength= 20 w= 4 nsites= 4 E= 4.0e+000
 0.038535 0.000006 0.000006 0.000122 0.000122 0.950535 0.000006 0.000006 0.000006 0.000704 0.000006 0.000006 0.000006 0.001519 0.001403 0.003382 0.000122 0.002101 0.000006 0.001403
 0.947626 0.000006 0.000006 0.000122 0.000122 0.041444 0.000006 0.000006 0.000006 0.000704 0.000006 0.000006 0.000006 0.001519 0.001403 0.003382 0.000122 0.002101 0.000006 0.001403
 0.038535 0.000006 0.000006 0.000122 0.000122 0.950535 0.000006 0.000006 0.000006 0.000704 0.000006 0.000006 0.000006 0.001519 0.001403 0.003382 0.000122 0.002101 0.000006 0.001403
 0.038535 0.000006 0.000006 0.000122 0.000122 0.041444 0.000006 0.000006 0.000006 0.000704 0.000006 0.000006 0.000006 0.910610 0.001403 0.003382 0.000122 0.002101 0.000006 0.001403

MOTIF 4-GVGAG STREME-4
letter-probability matrix: alength= 20 w= 5 nsites= 1 E= 4.0e+000
 0.038535 0.000006 0.000006 0.000122 0.000122 0.950535 0.000006 0.000006 0.000006 0.000704 0.000006 0.000006 0.000006 0.001519 0.001403 0.003382 0.000122 0.002101 0.000006 0.001403
 0.038535 0.000006 0.000006 0.000122 0.000122 0.041444 0.000006 0.000006 0.000006 0.000704 0.000006 0.000006 0.000006 0.001519 0.001403 0.003382 0.000122 0.911192 0.000006 0.001403
 0.038535 0.000006 0.000006 0.000122 0.000122 0.950535 0.000006 0.000006 0.000006 0.000704 0.000006 0.000006 0.000006 0.001519 0.001403 0.003382 0.000122 0.002101 0.000006 0.001403
 0.947626 0.000006 0.000006 0.000122 0.000122 0.041444 0.000006 0.000006 0.000006 0.000704 0.000006 0.000006 0.000006 0.001519 0.001403 0.003382 0.000122 0.002101 0.000006 0.001403
 0.038535 0.000006 0.000006 0.000122 0.000122 0.950535 0.000006 0.000006 0.000006 0.000704 0.000006 0.000006 0.000006 0.001519 0.001403 0.003382 0.000122 0.002101 0.000006 0.001403

********************************************************************************
Stopped because 3 consecutive motifs exceeded the p-value threshold (0.05).
********************************************************************************
COMMAND:	streme --protein --p ./Data/v1_cluster_windows_15mers/cluster_16823.fasta --minw 3 --maxw 15 --thresh 0.05 --oc ./Results/v1_Top500_Run_20250504_162200/streme_out_cluster_16823
********************************************************************************
CPU:		Hirokis-MacBook-Air.local
********************************************************************************
FINALTIME:	0.16 seconds
********************************************************************************
