********************************************************************************
STREME - Sensitive, Thorough, Rapid, Enriched Motif Elicitation
********************************************************************************
MEME version 5.5.7 (Release date: Wed Jun 19 13:59:04 2024 -0700)

For further information on how to interpret these results please access https://meme-suite.org/meme.
To get a copy of the MEME Suite software please access https://meme-suite.org.

********************************************************************************


********************************************************************************
REFERENCE
********************************************************************************
If you use this program in your research, please cite:

Timothy L. Bailey,
"STREME: accurate and versatile sequence motif discovery",
Bioinformatics, Mar. 24, 2021.
********************************************************************************


ALPHABET= ACDEFGHIKLMNPQRSTVWY

strands: +

Background letter frequencies
A 0.213 C 8.53e-05 D 8.53e-05 E 0.00691 F 0.00179 G 0.449 H 8.53e-05 I 0.00862 K 8.53e-05 L 0.0103 M 8.53e-05 N 8.53e-05 P 0.00691 Q 0.179 R 8.53e-05 S 0.102 T 0.0103 V 0.00179 W 8.53e-05 Y 0.00862 

MOTIF 1-GAGQGAGSGQ STREME-1
letter-probability matrix: alength= 20 w= 10 nsites= 39 S= 3.7e-023
 0.000754 0.000000 0.000000 0.049456 0.000006 0.948621 0.000000 0.000030 0.000000 0.000036 0.000000 0.000000 0.000024 0.000633 0.000000 0.000362 0.000036 0.000006 0.000000 0.000030
 0.997221 0.000000 0.000000 0.000024 0.000006 0.001586 0.000000 0.000030 0.000000 0.000036 0.000000 0.000000 0.000024 0.000633 0.000000 0.000362 0.000036 0.000006 0.000000 0.000030
 0.000754 0.000000 0.000000 0.000024 0.000006 0.998053 0.000000 0.000030 0.000000 0.000036 0.000000 0.000000 0.000024 0.000633 0.000000 0.000362 0.000036 0.000006 0.000000 0.000030
 0.000754 0.000000 0.000000 0.000024 0.000006 0.001586 0.000000 0.000030 0.000000 0.000036 0.000000 0.000000 0.000024 0.997101 0.000000 0.000362 0.000036 0.000006 0.000000 0.000030
 0.000754 0.000000 0.000000 0.049456 0.000006 0.924136 0.000000 0.000030 0.000000 0.000036 0.000000 0.000000 0.000024 0.000633 0.000000 0.024847 0.000036 0.000006 0.000000 0.000030
 0.720571 0.000000 0.000000 0.000024 0.000006 0.001586 0.000000 0.000030 0.000000 0.000036 0.000000 0.000000 0.000024 0.000633 0.000000 0.252528 0.024521 0.000006 0.000000 0.000030
 0.000754 0.000000 0.000000 0.000024 0.000006 0.998053 0.000000 0.000030 0.000000 0.000036 0.000000 0.000000 0.000024 0.000633 0.000000 0.000362 0.000036 0.000006 0.000000 0.000030
 0.239462 0.000000 0.000000 0.000024 0.000006 0.001586 0.000000 0.024515 0.000000 0.154262 0.000000 0.000000 0.000024 0.200283 0.000000 0.379762 0.000036 0.000006 0.000000 0.000030
 0.000754 0.000000 0.000000 0.000024 0.000006 0.998053 0.000000 0.000030 0.000000 0.000036 0.000000 0.000000 0.000024 0.000633 0.000000 0.000362 0.000036 0.000006 0.000000 0.000030
 0.176958 0.000000 0.000000 0.000024 0.000006 0.001586 0.000000 0.000030 0.000000 0.000036 0.000000 0.000000 0.073941 0.572277 0.000000 0.150580 0.000036 0.024491 0.000000 0.000030

MOTIF 2-QGAGS STREME-2
letter-probability matrix: alength= 20 w= 5 nsites= 17 S= 8.1e-007
 0.001662 0.000001 0.000001 0.000054 0.000014 0.003497 0.000001 0.000067 0.000001 0.000080 0.000001 0.000001 0.000054 0.993607 0.000001 0.000798 0.000080 0.000014 0.000001 0.000067
 0.001662 0.000001 0.000001 0.000054 0.000014 0.995707 0.000001 0.000067 0.000001 0.000080 0.000001 0.000001 0.000054 0.001397 0.000001 0.000798 0.000080 0.000014 0.000001 0.000067
 0.993873 0.000001 0.000001 0.000054 0.000014 0.003497 0.000001 0.000067 0.000001 0.000080 0.000001 0.000001 0.000054 0.001397 0.000001 0.000798 0.000080 0.000014 0.000001 0.000067
 0.001662 0.000001 0.000001 0.000054 0.000014 0.995707 0.000001 0.000067 0.000001 0.000080 0.000001 0.000001 0.000054 0.001397 0.000001 0.000798 0.000080 0.000014 0.000001 0.000067
 0.001662 0.000001 0.000001 0.000054 0.000014 0.003497 0.000001 0.000067 0.000001 0.000080 0.000001 0.000001 0.000054 0.001397 0.000001 0.658447 0.054073 0.000014 0.000001 0.280636

MOTIF 3-AGQGA STREME-3
letter-probability matrix: alength= 20 w= 5 nsites= 10 S= 1.2e-002
 0.928490 0.000008 0.000008 0.000628 0.000163 0.040806 0.000008 0.000783 0.000008 0.000938 0.000008 0.000008 0.000628 0.016299 0.000008 0.009318 0.000938 0.000163 0.000008 0.000783
 0.019399 0.000008 0.000008 0.000628 0.000163 0.949897 0.000008 0.000783 0.000008 0.000938 0.000008 0.000008 0.000628 0.016299 0.000008 0.009318 0.000938 0.000163 0.000008 0.000783
 0.019399 0.000008 0.000008 0.000628 0.000163 0.040806 0.000008 0.000783 0.000008 0.000938 0.000008 0.000008 0.000628 0.925390 0.000008 0.009318 0.000938 0.000163 0.000008 0.000783
 0.019399 0.000008 0.000008 0.000628 0.000163 0.949897 0.000008 0.000783 0.000008 0.000938 0.000008 0.000008 0.000628 0.016299 0.000008 0.009318 0.000938 0.000163 0.000008 0.000783
 0.928490 0.000008 0.000008 0.000628 0.000163 0.040806 0.000008 0.000783 0.000008 0.000938 0.000008 0.000008 0.000628 0.016299 0.000008 0.009318 0.000938 0.000163 0.000008 0.000783

MOTIF 4-QGSGS STREME-4
letter-probability matrix: alength= 20 w= 5 nsites= 4 S= 5.8e-002
 0.019399 0.000008 0.000008 0.000628 0.000163 0.040806 0.000008 0.000783 0.000008 0.000938 0.000008 0.000008 0.000628 0.925390 0.000008 0.009318 0.000938 0.000163 0.000008 0.000783
 0.019399 0.000008 0.000008 0.000628 0.000163 0.949897 0.000008 0.000783 0.000008 0.000938 0.000008 0.000008 0.000628 0.016299 0.000008 0.009318 0.000938 0.000163 0.000008 0.000783
 0.019399 0.000008 0.000008 0.000628 0.000163 0.040806 0.000008 0.000783 0.000008 0.000938 0.000008 0.000008 0.000628 0.016299 0.000008 0.918408 0.000938 0.000163 0.000008 0.000783
 0.019399 0.000008 0.000008 0.000628 0.000163 0.949897 0.000008 0.000783 0.000008 0.000938 0.000008 0.000008 0.000628 0.016299 0.000008 0.009318 0.000938 0.000163 0.000008 0.000783
 0.019399 0.000008 0.000008 0.000628 0.000163 0.040806 0.000008 0.000783 0.000008 0.000938 0.000008 0.000008 0.000628 0.016299 0.000008 0.918408 0.000938 0.000163 0.000008 0.000783

MOTIF 5-SGIT STREME-5
letter-probability matrix: alength= 20 w= 4 nsites= 3 S= 1.2e-001
 0.019399 0.000008 0.000008 0.000628 0.000163 0.040806 0.000008 0.000783 0.000008 0.000938 0.000008 0.000008 0.000628 0.016299 0.000008 0.918408 0.000938 0.000163 0.000008 0.000783
 0.019399 0.000008 0.000008 0.000628 0.000163 0.949897 0.000008 0.000783 0.000008 0.000938 0.000008 0.000008 0.000628 0.016299 0.000008 0.009318 0.000938 0.000163 0.000008 0.000783
 0.019399 0.000008 0.000008 0.000628 0.000163 0.040806 0.000008 0.909874 0.000008 0.000938 0.000008 0.000008 0.000628 0.016299 0.000008 0.009318 0.000938 0.000163 0.000008 0.000783
 0.019399 0.000008 0.000008 0.000628 0.000163 0.040806 0.000008 0.000783 0.000008 0.000938 0.000008 0.000008 0.000628 0.016299 0.000008 0.009318 0.910029 0.000163 0.000008 0.000783

********************************************************************************
Stopped because maximum number of motifs (5) reached.
********************************************************************************
COMMAND:	streme --protein --p ./Data/v1_cluster_windows_15mers/cluster_16193.fasta --minw 3 --maxw 15 --thresh 0.05 --oc ./Results/v1_Top500_Run_20250504_162200/streme_out_cluster_16193
********************************************************************************
CPU:		Hirokis-MacBook-Air.local
********************************************************************************
FINALTIME:	0.18 seconds
********************************************************************************
