********************************************************************************
STREME - Sensitive, Thorough, Rapid, Enriched Motif Elicitation
********************************************************************************
MEME version 5.5.7 (Release date: Wed Jun 19 13:59:04 2024 -0700)

For further information on how to interpret these results please access https://meme-suite.org/meme.
To get a copy of the MEME Suite software please access https://meme-suite.org.

********************************************************************************


********************************************************************************
REFERENCE
********************************************************************************
If you use this program in your research, please cite:

Timothy L. Bailey,
"STREME: accurate and versatile sequence motif discovery",
Bioinformatics, Mar. 24, 2021.
********************************************************************************


ALPHABET= ACDEFGHIKLMNPQRSTVWY

strands: +

Background letter frequencies
A 0.143 C 4.27e-05 D 4.27e-05 E 0.000897 F 4.27e-05 G 0.0666 H 4.27e-05 I 0.00602 K 4.27e-05 L 0.0666 M 4.27e-05 N 0.00175 P 0.000897 Q 0.0026 R 0.131 S 0.434 T 0.0231 V 0.123 W 4.27e-05 Y 4.27e-05 

MOTIF 1-SVSRLSSGAASSRVS STREME-1
letter-probability matrix: alength= 20 w= 15 nsites= 78 E= 2.9e-004
 0.013045 0.000004 0.000004 0.000082 0.000004 0.006059 0.000004 0.000547 0.000004 0.006059 0.000004 0.000159 0.000082 0.000237 0.011882 0.948536 0.002100 0.011182 0.000004 0.000004
 0.013045 0.000004 0.000004 0.000082 0.000004 0.006059 0.000004 0.000547 0.000004 0.006059 0.000004 0.000159 0.000082 0.000237 0.011882 0.039445 0.002100 0.920273 0.000004 0.000004
 0.013045 0.000004 0.000004 0.000082 0.000004 0.006059 0.000004 0.000547 0.000004 0.006059 0.000004 0.000159 0.000082 0.000237 0.011882 0.948536 0.002100 0.011182 0.000004 0.000004
 0.013045 0.000004 0.000004 0.000082 0.000004 0.006059 0.000004 0.000547 0.000004 0.006059 0.000004 0.000159 0.000082 0.000237 0.920973 0.039445 0.002100 0.011182 0.000004 0.000004
 0.013045 0.000004 0.000004 0.000082 0.000004 0.006059 0.000004 0.000547 0.000004 0.915150 0.000004 0.000159 0.000082 0.000237 0.011882 0.039445 0.002100 0.011182 0.000004 0.000004
 0.013045 0.000004 0.000004 0.000082 0.000004 0.006059 0.000004 0.000547 0.000004 0.006059 0.000004 0.000159 0.000082 0.000237 0.011882 0.948536 0.002100 0.011182 0.000004 0.000004
 0.013045 0.000004 0.000004 0.000082 0.000004 0.006059 0.000004 0.000547 0.000004 0.006059 0.000004 0.000159 0.000082 0.000237 0.011882 0.948536 0.002100 0.011182 0.000004 0.000004
 0.013045 0.000004 0.000004 0.000082 0.000004 0.915150 0.000004 0.000547 0.000004 0.006059 0.000004 0.000159 0.000082 0.000237 0.011882 0.039445 0.002100 0.011182 0.000004 0.000004
 0.922136 0.000004 0.000004 0.000082 0.000004 0.006059 0.000004 0.000547 0.000004 0.006059 0.000004 0.000159 0.000082 0.000237 0.011882 0.039445 0.002100 0.011182 0.000004 0.000004
 0.922136 0.000004 0.000004 0.000082 0.000004 0.006059 0.000004 0.000547 0.000004 0.006059 0.000004 0.000159 0.000082 0.000237 0.011882 0.039445 0.002100 0.011182 0.000004 0.000004
 0.013045 0.000004 0.000004 0.000082 0.000004 0.006059 0.000004 0.000547 0.000004 0.006059 0.000004 0.000159 0.000082 0.000237 0.011882 0.948536 0.002100 0.011182 0.000004 0.000004
 0.013045 0.000004 0.000004 0.000082 0.000004 0.006059 0.000004 0.000547 0.000004 0.006059 0.000004 0.000159 0.000082 0.000237 0.011882 0.948536 0.002100 0.011182 0.000004 0.000004
 0.013045 0.000004 0.000004 0.000082 0.000004 0.006059 0.000004 0.000547 0.000004 0.006059 0.000004 0.000159 0.000082 0.000237 0.920973 0.039445 0.002100 0.011182 0.000004 0.000004
 0.013045 0.000004 0.000004 0.000082 0.000004 0.006059 0.000004 0.000547 0.000004 0.006059 0.000004 0.000159 0.000082 0.000237 0.011882 0.039445 0.002100 0.920273 0.000004 0.000004
 0.013045 0.000004 0.000004 0.000082 0.000004 0.006059 0.000004 0.000547 0.000004 0.006059 0.000004 0.000159 0.000082 0.000237 0.011882 0.948536 0.002100 0.011182 0.000004 0.000004

********************************************************************************
Stopped because the next motif had no positive sites with scores > 0.
********************************************************************************
COMMAND:	streme --protein --p ./Data/v1_cluster_windows_15mers/cluster_17350.fasta --minw 3 --maxw 15 --thresh 0.05 --oc ./Results/v1_Top500_Run_20250504_162200/streme_out_cluster_17350
********************************************************************************
CPU:		Hirokis-MacBook-Air.local
********************************************************************************
FINALTIME:	0.13 seconds
********************************************************************************
