********************************************************************************
STREME - Sensitive, Thorough, Rapid, Enriched Motif Elicitation
********************************************************************************
MEME version 5.5.7 (Release date: Wed Jun 19 13:59:04 2024 -0700)

For further information on how to interpret these results please access https://meme-suite.org/meme.
To get a copy of the MEME Suite software please access https://meme-suite.org.

********************************************************************************


********************************************************************************
REFERENCE
********************************************************************************
If you use this program in your research, please cite:

Timothy L. Bailey,
"STREME: accurate and versatile sequence motif discovery",
Bioinformatics, Mar. 24, 2021.
********************************************************************************


ALPHABET= ACDEFGHIKLMNPQRSTVWY

strands: +

Background letter frequencies
A 0.415 C 3.36e-05 D 3.36e-05 E 3.36e-05 F 3.36e-05 G 0.0128 H 3.36e-05 I 0.0707 K 3.36e-05 L 3.36e-05 M 3.36e-05 N 0.00138 P 0.0667 Q 0.000707 R 0.000707 S 0.344 T 0.0653 V 0.0229 W 3.36e-05 Y 3.36e-05 

MOTIF 1-SAASAISSPASVS STREME-1
letter-probability matrix: alength= 20 w= 13 nsites= 99 E= 8.2e-005
 0.037690 0.000003 0.000003 0.000003 0.000003 0.001165 0.000003 0.006426 0.000003 0.000003 0.000003 0.000125 0.006060 0.000064 0.000064 0.940354 0.005937 0.002083 0.000003 0.000003
 0.946781 0.000003 0.000003 0.000003 0.000003 0.001165 0.000003 0.006426 0.000003 0.000003 0.000003 0.000125 0.006060 0.000064 0.000064 0.031263 0.005937 0.002083 0.000003 0.000003
 0.946781 0.000003 0.000003 0.000003 0.000003 0.001165 0.000003 0.006426 0.000003 0.000003 0.000003 0.000125 0.006060 0.000064 0.000064 0.031263 0.005937 0.002083 0.000003 0.000003
 0.037690 0.000003 0.000003 0.000003 0.000003 0.001165 0.000003 0.006426 0.000003 0.000003 0.000003 0.000125 0.006060 0.000064 0.000064 0.940354 0.005937 0.002083 0.000003 0.000003
 0.946781 0.000003 0.000003 0.000003 0.000003 0.001165 0.000003 0.006426 0.000003 0.000003 0.000003 0.000125 0.006060 0.000064 0.000064 0.031263 0.005937 0.002083 0.000003 0.000003
 0.037690 0.000003 0.000003 0.000003 0.000003 0.001165 0.000003 0.915517 0.000003 0.000003 0.000003 0.000125 0.006060 0.000064 0.000064 0.031263 0.005937 0.002083 0.000003 0.000003
 0.037690 0.000003 0.000003 0.000003 0.000003 0.001165 0.000003 0.006426 0.000003 0.000003 0.000003 0.000125 0.006060 0.000064 0.000064 0.940354 0.005937 0.002083 0.000003 0.000003
 0.037690 0.000003 0.000003 0.000003 0.000003 0.001165 0.000003 0.006426 0.000003 0.000003 0.000003 0.000125 0.006060 0.000064 0.000064 0.940354 0.005937 0.002083 0.000003 0.000003
 0.037690 0.000003 0.000003 0.000003 0.000003 0.001165 0.000003 0.006426 0.000003 0.000003 0.000003 0.000125 0.915151 0.000064 0.000064 0.031263 0.005937 0.002083 0.000003 0.000003
 0.946781 0.000003 0.000003 0.000003 0.000003 0.001165 0.000003 0.006426 0.000003 0.000003 0.000003 0.000125 0.006060 0.000064 0.000064 0.031263 0.005937 0.002083 0.000003 0.000003
 0.037690 0.000003 0.000003 0.000003 0.000003 0.001165 0.000003 0.006426 0.000003 0.000003 0.000003 0.000125 0.006060 0.000064 0.000064 0.940354 0.005937 0.002083 0.000003 0.000003
 0.037690 0.000003 0.000003 0.000003 0.000003 0.001165 0.000003 0.006426 0.000003 0.000003 0.000003 0.000125 0.006060 0.000064 0.000064 0.031263 0.005937 0.911174 0.000003 0.000003
 0.037690 0.000003 0.000003 0.000003 0.000003 0.001165 0.000003 0.006426 0.000003 0.000003 0.000003 0.000125 0.006060 0.000064 0.000064 0.940354 0.005937 0.002083 0.000003 0.000003

MOTIF 2-ATA STREME-2
letter-probability matrix: alength= 20 w= 3 nsites= 7 E= 3.8e+000
 0.946781 0.000003 0.000003 0.000003 0.000003 0.001165 0.000003 0.006426 0.000003 0.000003 0.000003 0.000125 0.006060 0.000064 0.000064 0.031263 0.005937 0.002083 0.000003 0.000003
 0.037690 0.000003 0.000003 0.000003 0.000003 0.001165 0.000003 0.006426 0.000003 0.000003 0.000003 0.000125 0.006060 0.000064 0.000064 0.031263 0.915028 0.002083 0.000003 0.000003
 0.946781 0.000003 0.000003 0.000003 0.000003 0.001165 0.000003 0.006426 0.000003 0.000003 0.000003 0.000125 0.006060 0.000064 0.000064 0.031263 0.005937 0.002083 0.000003 0.000003

MOTIF 3-ATT STREME-3
letter-probability matrix: alength= 20 w= 3 nsites= 1 E= 4.0e+000
 0.946781 0.000003 0.000003 0.000003 0.000003 0.001165 0.000003 0.006426 0.000003 0.000003 0.000003 0.000125 0.006060 0.000064 0.000064 0.031263 0.005937 0.002083 0.000003 0.000003
 0.037690 0.000003 0.000003 0.000003 0.000003 0.001165 0.000003 0.006426 0.000003 0.000003 0.000003 0.000125 0.006060 0.000064 0.000064 0.031263 0.915028 0.002083 0.000003 0.000003
 0.037690 0.000003 0.000003 0.000003 0.000003 0.001165 0.000003 0.006426 0.000003 0.000003 0.000003 0.000125 0.006060 0.000064 0.000064 0.031263 0.915028 0.002083 0.000003 0.000003

MOTIF 4-ASAT STREME-4
letter-probability matrix: alength= 20 w= 4 nsites= 1 E= 4.0e+000
 0.946781 0.000003 0.000003 0.000003 0.000003 0.001165 0.000003 0.006426 0.000003 0.000003 0.000003 0.000125 0.006060 0.000064 0.000064 0.031263 0.005937 0.002083 0.000003 0.000003
 0.037690 0.000003 0.000003 0.000003 0.000003 0.001165 0.000003 0.006426 0.000003 0.000003 0.000003 0.000125 0.006060 0.000064 0.000064 0.940354 0.005937 0.002083 0.000003 0.000003
 0.946781 0.000003 0.000003 0.000003 0.000003 0.001165 0.000003 0.006426 0.000003 0.000003 0.000003 0.000125 0.006060 0.000064 0.000064 0.031263 0.005937 0.002083 0.000003 0.000003
 0.037690 0.000003 0.000003 0.000003 0.000003 0.001165 0.000003 0.006426 0.000003 0.000003 0.000003 0.000125 0.006060 0.000064 0.000064 0.031263 0.915028 0.002083 0.000003 0.000003

********************************************************************************
Stopped because 3 consecutive motifs exceeded the p-value threshold (0.05).
********************************************************************************
COMMAND:	streme --protein --p ./Data/v1_cluster_windows_15mers/cluster_2974.fasta --minw 3 --maxw 15 --thresh 0.05 --oc ./Results/v1_Top500_Run_20250504_162200/streme_out_cluster_2974
********************************************************************************
CPU:		Hirokis-MacBook-Air.local
********************************************************************************
FINALTIME:	0.23 seconds
********************************************************************************
