********************************************************************************
STREME - Sensitive, Thorough, Rapid, Enriched Motif Elicitation
********************************************************************************
MEME version 5.5.7 (Release date: Wed Jun 19 13:59:04 2024 -0700)

For further information on how to interpret these results please access https://meme-suite.org/meme.
To get a copy of the MEME Suite software please access https://meme-suite.org.

********************************************************************************


********************************************************************************
REFERENCE
********************************************************************************
If you use this program in your research, please cite:

Timothy L. Bailey,
"STREME: accurate and versatile sequence motif discovery",
Bioinformatics, Mar. 24, 2021.
********************************************************************************


ALPHABET= ACDEFGHIKLMNPQRSTVWY

strands: +

Background letter frequencies
A 0.273 C 6.93e-05 D 6.93e-05 E 6.93e-05 F 6.93e-05 G 0.32 H 6.93e-05 I 6.93e-05 K 6.93e-05 L 6.93e-05 M 6.93e-05 N 6.93e-05 P 6.93e-05 Q 0.00839 R 0.00146 S 0.28 T 0.0791 V 0.00562 W 6.93e-05 Y 0.0306 

MOTIF 1-AASSGASSGTG STREME-1
letter-probability matrix: alength= 20 w= 11 nsites= 48 S= 1.6e-028
 0.933936 0.000006 0.000006 0.000006 0.000006 0.029136 0.000006 0.000006 0.000006 0.000006 0.000006 0.000006 0.000006 0.000763 0.000132 0.025473 0.007194 0.000511 0.000006 0.002780
 0.933936 0.000006 0.000006 0.000006 0.000006 0.029136 0.000006 0.000006 0.000006 0.000006 0.000006 0.000006 0.000006 0.000763 0.000132 0.025473 0.007194 0.000511 0.000006 0.002780
 0.024845 0.000006 0.000006 0.000006 0.000006 0.029136 0.000006 0.000006 0.000006 0.000006 0.000006 0.000006 0.000006 0.000763 0.000132 0.934563 0.007194 0.000511 0.000006 0.002780
 0.024845 0.000006 0.000006 0.000006 0.000006 0.029136 0.000006 0.000006 0.000006 0.000006 0.000006 0.000006 0.000006 0.000763 0.000132 0.934563 0.007194 0.000511 0.000006 0.002780
 0.024845 0.000006 0.000006 0.000006 0.000006 0.938227 0.000006 0.000006 0.000006 0.000006 0.000006 0.000006 0.000006 0.000763 0.000132 0.025473 0.007194 0.000511 0.000006 0.002780
 0.933936 0.000006 0.000006 0.000006 0.000006 0.029136 0.000006 0.000006 0.000006 0.000006 0.000006 0.000006 0.000006 0.000763 0.000132 0.025473 0.007194 0.000511 0.000006 0.002780
 0.024845 0.000006 0.000006 0.000006 0.000006 0.029136 0.000006 0.000006 0.000006 0.000006 0.000006 0.000006 0.000006 0.000763 0.000132 0.934563 0.007194 0.000511 0.000006 0.002780
 0.024845 0.000006 0.000006 0.000006 0.000006 0.029136 0.000006 0.000006 0.000006 0.000006 0.000006 0.000006 0.000006 0.000763 0.000132 0.934563 0.007194 0.000511 0.000006 0.002780
 0.024845 0.000006 0.000006 0.000006 0.000006 0.938227 0.000006 0.000006 0.000006 0.000006 0.000006 0.000006 0.000006 0.000763 0.000132 0.025473 0.007194 0.000511 0.000006 0.002780
 0.024845 0.000006 0.000006 0.000006 0.000006 0.029136 0.000006 0.000006 0.000006 0.000006 0.000006 0.000006 0.000006 0.000763 0.000132 0.025473 0.916285 0.000511 0.000006 0.002780
 0.024845 0.000006 0.000006 0.000006 0.000006 0.938227 0.000006 0.000006 0.000006 0.000006 0.000006 0.000006 0.000006 0.000763 0.000132 0.025473 0.007194 0.000511 0.000006 0.002780

MOTIF 2-YGQG STREME-2
letter-probability matrix: alength= 20 w= 4 nsites= 20 S= 7.7e-008
 0.024845 0.000006 0.000006 0.000006 0.000006 0.029136 0.000006 0.000006 0.000006 0.000006 0.000006 0.000006 0.000006 0.000763 0.000132 0.025473 0.007194 0.000511 0.000006 0.911871
 0.024845 0.000006 0.000006 0.000006 0.000006 0.938227 0.000006 0.000006 0.000006 0.000006 0.000006 0.000006 0.000006 0.000763 0.000132 0.025473 0.007194 0.000511 0.000006 0.002780
 0.024845 0.000006 0.000006 0.000006 0.000006 0.029136 0.000006 0.000006 0.000006 0.000006 0.000006 0.000006 0.000006 0.909854 0.000132 0.025473 0.007194 0.000511 0.000006 0.002780
 0.024845 0.000006 0.000006 0.000006 0.000006 0.938227 0.000006 0.000006 0.000006 0.000006 0.000006 0.000006 0.000006 0.000763 0.000132 0.025473 0.007194 0.000511 0.000006 0.002780

MOTIF 3-GAGA STREME-3
letter-probability matrix: alength= 20 w= 4 nsites= 23 S= 2.8e-006
 0.024845 0.000006 0.000006 0.000006 0.000006 0.938227 0.000006 0.000006 0.000006 0.000006 0.000006 0.000006 0.000006 0.000763 0.000132 0.025473 0.007194 0.000511 0.000006 0.002780
 0.933936 0.000006 0.000006 0.000006 0.000006 0.029136 0.000006 0.000006 0.000006 0.000006 0.000006 0.000006 0.000006 0.000763 0.000132 0.025473 0.007194 0.000511 0.000006 0.002780
 0.024845 0.000006 0.000006 0.000006 0.000006 0.938227 0.000006 0.000006 0.000006 0.000006 0.000006 0.000006 0.000006 0.000763 0.000132 0.025473 0.007194 0.000511 0.000006 0.002780
 0.933936 0.000006 0.000006 0.000006 0.000006 0.029136 0.000006 0.000006 0.000006 0.000006 0.000006 0.000006 0.000006 0.000763 0.000132 0.025473 0.007194 0.000511 0.000006 0.002780

MOTIF 4-YGGQ STREME-4
letter-probability matrix: alength= 20 w= 4 nsites= 1 S= 5.0e-001
 0.034457 0.000009 0.000009 0.000009 0.000009 0.040408 0.000009 0.000009 0.000009 0.000009 0.000009 0.000009 0.000009 0.001058 0.000184 0.035327 0.009977 0.000708 0.000009 0.877775
 0.034457 0.000009 0.000009 0.000009 0.000009 0.914328 0.000009 0.000009 0.000009 0.000009 0.000009 0.000009 0.000009 0.001058 0.000184 0.035327 0.009977 0.000708 0.000009 0.003856
 0.034457 0.000009 0.000009 0.000009 0.000009 0.914328 0.000009 0.000009 0.000009 0.000009 0.000009 0.000009 0.000009 0.001058 0.000184 0.035327 0.009977 0.000708 0.000009 0.003856
 0.034457 0.000009 0.000009 0.000009 0.000009 0.040408 0.000009 0.000009 0.000009 0.000009 0.000009 0.000009 0.000009 0.874978 0.000184 0.035327 0.009977 0.000708 0.000009 0.003856

MOTIF 5-YSTG STREME-5
letter-probability matrix: alength= 20 w= 4 nsites= 1 S= 7.5e-001
 0.024845 0.000006 0.000006 0.000006 0.000006 0.029136 0.000006 0.000006 0.000006 0.000006 0.000006 0.000006 0.000006 0.000763 0.000132 0.025473 0.007194 0.000511 0.000006 0.911871
 0.024845 0.000006 0.000006 0.000006 0.000006 0.029136 0.000006 0.000006 0.000006 0.000006 0.000006 0.000006 0.000006 0.000763 0.000132 0.934563 0.007194 0.000511 0.000006 0.002780
 0.024845 0.000006 0.000006 0.000006 0.000006 0.029136 0.000006 0.000006 0.000006 0.000006 0.000006 0.000006 0.000006 0.000763 0.000132 0.025473 0.916285 0.000511 0.000006 0.002780
 0.024845 0.000006 0.000006 0.000006 0.000006 0.938227 0.000006 0.000006 0.000006 0.000006 0.000006 0.000006 0.000006 0.000763 0.000132 0.025473 0.007194 0.000511 0.000006 0.002780

********************************************************************************
Stopped because maximum number of motifs (5) reached.
********************************************************************************
COMMAND:	streme --protein --p ./Data/v1_cluster_windows_15mers/cluster_6899.fasta --minw 3 --maxw 15 --thresh 0.05 --oc ./Results/v1_Top500_Run_20250504_162200/streme_out_cluster_6899
********************************************************************************
CPU:		Hirokis-MacBook-Air.local
********************************************************************************
FINALTIME:	0.19 seconds
********************************************************************************
