********************************************************************************
STREME - Sensitive, Thorough, Rapid, Enriched Motif Elicitation
********************************************************************************
MEME version 5.5.7 (Release date: Wed Jun 19 13:59:04 2024 -0700)

For further information on how to interpret these results please access https://meme-suite.org/meme.
To get a copy of the MEME Suite software please access https://meme-suite.org.

********************************************************************************


********************************************************************************
REFERENCE
********************************************************************************
If you use this program in your research, please cite:

Timothy L. Bailey,
"STREME: accurate and versatile sequence motif discovery",
Bioinformatics, Mar. 24, 2021.
********************************************************************************


ALPHABET= ACDEFGHIKLMNPQRSTVWY

strands: +

Background letter frequencies
A 0.298 C 6.16e-05 D 6.16e-05 E 0.00129 F 6.16e-05 G 0.381 H 6.16e-05 I 6.16e-05 K 6.16e-05 L 6.16e-05 M 6.16e-05 N 6.16e-05 P 6.16e-05 Q 0.0777 R 0.00253 S 0.132 T 0.00499 V 0.0333 W 6.16e-05 Y 0.0679 

MOTIF 1-GGGAYGGQGAAASAA STREME-1
letter-probability matrix: alength= 20 w= 15 nsites= 54 E= 7.9e-003
 0.000871 0.000000 0.000000 0.000004 0.000000 0.937482 0.000000 0.000000 0.000000 0.000000 0.000000 0.000000 0.000000 0.000227 0.000007 0.000385 0.000015 0.020334 0.000000 0.040672
 0.041346 0.000000 0.000000 0.000004 0.000000 0.693115 0.000000 0.000000 0.000000 0.000000 0.000000 0.000000 0.000000 0.162728 0.020244 0.082251 0.000015 0.000097 0.000000 0.000198
 0.000871 0.000000 0.000000 0.000004 0.000000 0.875551 0.000000 0.000000 0.000000 0.000000 0.000000 0.000000 0.000000 0.020464 0.000007 0.102790 0.000015 0.000097 0.000000 0.000198
 0.631860 0.000000 0.000000 0.000004 0.000000 0.264799 0.000000 0.000000 0.000000 0.000000 0.000000 0.000000 0.000000 0.000227 0.000007 0.102790 0.000015 0.000097 0.000000 0.000198
 0.021108 0.000000 0.000000 0.000004 0.000000 0.001113 0.000000 0.000000 0.000000 0.000000 0.000000 0.000000 0.000000 0.000227 0.000007 0.000385 0.000015 0.000097 0.000000 0.977042
 0.000871 0.000000 0.000000 0.000004 0.000000 0.998193 0.000000 0.000000 0.000000 0.000000 0.000000 0.000000 0.000000 0.000227 0.000007 0.000385 0.000015 0.000097 0.000000 0.000198
 0.000871 0.000000 0.000000 0.000004 0.000000 0.998193 0.000000 0.000000 0.000000 0.000000 0.000000 0.000000 0.000000 0.000227 0.000007 0.000385 0.000015 0.000097 0.000000 0.000198
 0.000871 0.000000 0.000000 0.000004 0.000000 0.001113 0.000000 0.000000 0.000000 0.000000 0.000000 0.000000 0.000000 0.997307 0.000007 0.000385 0.000015 0.000097 0.000000 0.000198
 0.000871 0.000000 0.000000 0.000004 0.000000 0.998193 0.000000 0.000000 0.000000 0.000000 0.000000 0.000000 0.000000 0.000227 0.000007 0.000385 0.000015 0.000097 0.000000 0.000198
 0.582948 0.000000 0.000000 0.000004 0.000000 0.001113 0.000000 0.000000 0.000000 0.000000 0.000000 0.000000 0.000000 0.000227 0.000007 0.000385 0.000015 0.415101 0.000000 0.000198
 0.794059 0.000000 0.000000 0.000004 0.000000 0.001113 0.000000 0.000000 0.000000 0.000000 0.000000 0.000000 0.000000 0.000227 0.000007 0.143264 0.061028 0.000097 0.000000 0.000198
 0.743347 0.000000 0.000000 0.020241 0.000000 0.001113 0.000000 0.000000 0.000000 0.000000 0.000000 0.000000 0.000000 0.000227 0.000007 0.234754 0.000015 0.000097 0.000000 0.000198
 0.000871 0.000000 0.000000 0.000004 0.000000 0.001113 0.000000 0.000000 0.000000 0.000000 0.000000 0.000000 0.000000 0.000227 0.000007 0.997466 0.000015 0.000097 0.000000 0.000198
 0.774125 0.000000 0.000000 0.000004 0.000000 0.001113 0.000000 0.000000 0.000000 0.000000 0.000000 0.000000 0.000000 0.000227 0.000007 0.183436 0.000015 0.040874 0.000000 0.000198
 0.936938 0.000000 0.000000 0.000004 0.000000 0.001113 0.000000 0.000000 0.000000 0.000000 0.000000 0.000000 0.000000 0.000227 0.000007 0.061399 0.000015 0.000097 0.000000 0.000198

MOTIF 2-SQGA STREME-2
letter-probability matrix: alength= 20 w= 4 nsites= 1 E= 2.0e+000
 0.027135 0.000006 0.000006 0.000118 0.000006 0.034643 0.000006 0.000006 0.000006 0.000006 0.000006 0.000006 0.000006 0.007067 0.000230 0.921090 0.000454 0.003032 0.000006 0.006171
 0.027135 0.000006 0.000006 0.000118 0.000006 0.034643 0.000006 0.000006 0.000006 0.000006 0.000006 0.000006 0.000006 0.916158 0.000230 0.011999 0.000454 0.003032 0.000006 0.006171
 0.027135 0.000006 0.000006 0.000118 0.000006 0.943734 0.000006 0.000006 0.000006 0.000006 0.000006 0.000006 0.000006 0.007067 0.000230 0.011999 0.000454 0.003032 0.000006 0.006171
 0.936226 0.000006 0.000006 0.000118 0.000006 0.034643 0.000006 0.000006 0.000006 0.000006 0.000006 0.000006 0.000006 0.007067 0.000230 0.011999 0.000454 0.003032 0.000006 0.006171

********************************************************************************
Stopped because the next motif had no positive sites with scores > 0.
********************************************************************************
COMMAND:	streme --protein --p ./Data/v1_cluster_windows_15mers/cluster_17315.fasta --minw 3 --maxw 15 --thresh 0.05 --oc ./Results/v1_Top500_Run_20250504_162200/streme_out_cluster_17315
********************************************************************************
CPU:		Hirokis-MacBook-Air.local
********************************************************************************
FINALTIME:	0.17 seconds
********************************************************************************
