********************************************************************************
STREME - Sensitive, Thorough, Rapid, Enriched Motif Elicitation
********************************************************************************
MEME version 5.5.7 (Release date: Wed Jun 19 13:59:04 2024 -0700)

For further information on how to interpret these results please access https://meme-suite.org/meme.
To get a copy of the MEME Suite software please access https://meme-suite.org.

********************************************************************************


********************************************************************************
REFERENCE
********************************************************************************
If you use this program in your research, please cite:

Timothy L. Bailey,
"STREME: accurate and versatile sequence motif discovery",
Bioinformatics, Mar. 24, 2021.
********************************************************************************


ALPHABET= ACDEFGHIKLMNPQRSTVWY

strands: +

Background letter frequencies
A 0.308 C 3.14e-05 D 0.0698 E 0.00129 F 3.14e-05 G 0.454 H 3.14e-05 I 3.14e-05 K 3.14e-05 L 3.14e-05 M 3.14e-05 N 0.00255 P 3.14e-05 Q 3.14e-05 R 0.00569 S 0.0296 T 3.14e-05 V 3.14e-05 W 3.14e-05 Y 0.129 

MOTIF 1-GGGYGDGGAAAA STREME-1
letter-probability matrix: alength= 20 w= 12 nsites= 105 E= 2.4e-004
 0.146621 0.000000 0.020015 0.000002 0.000000 0.703181 0.000000 0.000000 0.000000 0.000000 0.000000 0.000004 0.000000 0.000000 0.040143 0.009962 0.000000 0.000000 0.000000 0.080071
 0.177553 0.000000 0.000100 0.000002 0.000000 0.286767 0.000000 0.000000 0.000000 0.000000 0.000000 0.040139 0.000000 0.000000 0.040143 0.224156 0.000000 0.000000 0.000000 0.231140
 0.000441 0.000000 0.000100 0.019917 0.000000 0.979304 0.000000 0.000000 0.000000 0.000000 0.000000 0.000004 0.000000 0.000000 0.000008 0.000042 0.000000 0.000000 0.000000 0.000184
 0.000441 0.000000 0.000100 0.000002 0.000000 0.000649 0.000000 0.000000 0.000000 0.000000 0.000000 0.000004 0.000000 0.000000 0.000008 0.000042 0.000000 0.000000 0.000000 0.998753
 0.000441 0.000000 0.000100 0.000002 0.000000 0.999218 0.000000 0.000000 0.000000 0.000000 0.000000 0.000004 0.000000 0.000000 0.000008 0.000042 0.000000 0.000000 0.000000 0.000184
 0.000441 0.000000 0.998669 0.000002 0.000000 0.000649 0.000000 0.000000 0.000000 0.000000 0.000000 0.000004 0.000000 0.000000 0.000008 0.000042 0.000000 0.000000 0.000000 0.000184
 0.000441 0.000000 0.000100 0.000002 0.000000 0.999218 0.000000 0.000000 0.000000 0.000000 0.000000 0.000004 0.000000 0.000000 0.000008 0.000042 0.000000 0.000000 0.000000 0.000184
 0.000441 0.000000 0.000100 0.000002 0.000000 0.989298 0.000000 0.000000 0.000000 0.000000 0.000000 0.000004 0.000000 0.000000 0.000008 0.009962 0.000000 0.000000 0.000000 0.000184
 0.999010 0.000000 0.000100 0.000002 0.000000 0.000649 0.000000 0.000000 0.000000 0.000000 0.000000 0.000004 0.000000 0.000000 0.000008 0.000042 0.000000 0.000000 0.000000 0.000184
 0.949109 0.000000 0.000100 0.000002 0.000000 0.030636 0.000000 0.000000 0.000000 0.000000 0.000000 0.000004 0.000000 0.000000 0.000008 0.019957 0.000000 0.000000 0.000000 0.000184
 0.989090 0.000000 0.000100 0.000002 0.000000 0.010569 0.000000 0.000000 0.000000 0.000000 0.000000 0.000004 0.000000 0.000000 0.000008 0.000042 0.000000 0.000000 0.000000 0.000184
 0.888754 0.000000 0.000100 0.000002 0.000000 0.000649 0.000000 0.000000 0.000000 0.000000 0.000000 0.000004 0.000000 0.000000 0.000008 0.110298 0.000000 0.000000 0.000000 0.000184

MOTIF 2-YGY STREME-2
letter-probability matrix: alength= 20 w= 3 nsites= 14 E= 9.5e-001
 0.028001 0.000003 0.006346 0.000117 0.000003 0.041256 0.000003 0.000003 0.000003 0.000003 0.000003 0.000231 0.000003 0.000003 0.000517 0.002688 0.000003 0.000003 0.000003 0.920809
 0.028001 0.000003 0.006346 0.000117 0.000003 0.950347 0.000003 0.000003 0.000003 0.000003 0.000003 0.000231 0.000003 0.000003 0.000517 0.002688 0.000003 0.000003 0.000003 0.011719
 0.028001 0.000003 0.006346 0.000117 0.000003 0.041256 0.000003 0.000003 0.000003 0.000003 0.000003 0.000231 0.000003 0.000003 0.000517 0.002688 0.000003 0.000003 0.000003 0.920809

MOTIF 3-AGGYG STREME-3
letter-probability matrix: alength= 20 w= 5 nsites= 6 E= 4.0e+000
 0.937092 0.000003 0.006346 0.000117 0.000003 0.041256 0.000003 0.000003 0.000003 0.000003 0.000003 0.000231 0.000003 0.000003 0.000517 0.002688 0.000003 0.000003 0.000003 0.011719
 0.028001 0.000003 0.006346 0.000117 0.000003 0.950347 0.000003 0.000003 0.000003 0.000003 0.000003 0.000231 0.000003 0.000003 0.000517 0.002688 0.000003 0.000003 0.000003 0.011719
 0.028001 0.000003 0.006346 0.000117 0.000003 0.950347 0.000003 0.000003 0.000003 0.000003 0.000003 0.000231 0.000003 0.000003 0.000517 0.002688 0.000003 0.000003 0.000003 0.011719
 0.028001 0.000003 0.006346 0.000117 0.000003 0.041256 0.000003 0.000003 0.000003 0.000003 0.000003 0.000231 0.000003 0.000003 0.000517 0.002688 0.000003 0.000003 0.000003 0.920809
 0.028001 0.000003 0.006346 0.000117 0.000003 0.950347 0.000003 0.000003 0.000003 0.000003 0.000003 0.000231 0.000003 0.000003 0.000517 0.002688 0.000003 0.000003 0.000003 0.011719

MOTIF 4-YGGYG STREME-4
letter-probability matrix: alength= 20 w= 5 nsites= 2 E= 4.0e+000
 0.028001 0.000003 0.006346 0.000117 0.000003 0.041256 0.000003 0.000003 0.000003 0.000003 0.000003 0.000231 0.000003 0.000003 0.000517 0.002688 0.000003 0.000003 0.000003 0.920809
 0.028001 0.000003 0.006346 0.000117 0.000003 0.950347 0.000003 0.000003 0.000003 0.000003 0.000003 0.000231 0.000003 0.000003 0.000517 0.002688 0.000003 0.000003 0.000003 0.011719
 0.028001 0.000003 0.006346 0.000117 0.000003 0.950347 0.000003 0.000003 0.000003 0.000003 0.000003 0.000231 0.000003 0.000003 0.000517 0.002688 0.000003 0.000003 0.000003 0.011719
 0.028001 0.000003 0.006346 0.000117 0.000003 0.041256 0.000003 0.000003 0.000003 0.000003 0.000003 0.000231 0.000003 0.000003 0.000517 0.002688 0.000003 0.000003 0.000003 0.920809
 0.028001 0.000003 0.006346 0.000117 0.000003 0.950347 0.000003 0.000003 0.000003 0.000003 0.000003 0.000231 0.000003 0.000003 0.000517 0.002688 0.000003 0.000003 0.000003 0.011719

********************************************************************************
Stopped because 3 consecutive motifs exceeded the p-value threshold (0.05).
********************************************************************************
COMMAND:	streme --protein --p ./Data/v1_cluster_windows_15mers/cluster_15392.fasta --minw 3 --maxw 15 --thresh 0.05 --oc ./Results/v1_Top500_Run_20250504_162200/streme_out_cluster_15392
********************************************************************************
CPU:		Hirokis-MacBook-Air.local
********************************************************************************
FINALTIME:	0.18 seconds
********************************************************************************
