********************************************************************************
STREME - Sensitive, Thorough, Rapid, Enriched Motif Elicitation
********************************************************************************
MEME version 5.5.7 (Release date: Wed Jun 19 13:59:04 2024 -0700)

For further information on how to interpret these results please access https://meme-suite.org/meme.
To get a copy of the MEME Suite software please access https://meme-suite.org.

********************************************************************************


********************************************************************************
REFERENCE
********************************************************************************
If you use this program in your research, please cite:

Timothy L. Bailey,
"STREME: accurate and versatile sequence motif discovery",
Bioinformatics, Mar. 24, 2021.
********************************************************************************


ALPHABET= ACDEFGHIKLMNPQRSTVWY

strands: +

Background letter frequencies
A 0.0506 C 1.82e-05 D 0.0444 E 0.00803 F 0.0022 G 0.336 H 1.82e-05 I 0.000746 K 0.000746 L 0.000746 M 1.82e-05 N 0.00147 P 0.112 Q 0.223 R 0.00257 S 0.1 T 0.00767 V 0.00257 W 1.82e-05 Y 0.107 

MOTIF 1-GQGYGPGQ STREME-1
letter-probability matrix: alength= 20 w= 8 nsites= 183 E= 5.5e-010
 0.004604 0.000002 0.004041 0.000730 0.000200 0.939645 0.000002 0.000068 0.000068 0.000068 0.000002 0.000134 0.010200 0.020263 0.000233 0.009109 0.000697 0.000233 0.000002 0.009700
 0.004604 0.000002 0.004041 0.000730 0.000200 0.030554 0.000002 0.000068 0.000068 0.000068 0.000002 0.000134 0.010200 0.929354 0.000233 0.009109 0.000697 0.000233 0.000002 0.009700
 0.004604 0.000002 0.004041 0.000730 0.000200 0.939645 0.000002 0.000068 0.000068 0.000068 0.000002 0.000134 0.010200 0.020263 0.000233 0.009109 0.000697 0.000233 0.000002 0.009700
 0.004604 0.000002 0.004041 0.000730 0.000200 0.030554 0.000002 0.000068 0.000068 0.000068 0.000002 0.000134 0.010200 0.020263 0.000233 0.009109 0.000697 0.000233 0.000002 0.918791
 0.004604 0.000002 0.004041 0.000730 0.000200 0.939645 0.000002 0.000068 0.000068 0.000068 0.000002 0.000134 0.010200 0.020263 0.000233 0.009109 0.000697 0.000233 0.000002 0.009700
 0.004604 0.000002 0.004041 0.000730 0.000200 0.030554 0.000002 0.000068 0.000068 0.000068 0.000002 0.000134 0.919291 0.020263 0.000233 0.009109 0.000697 0.000233 0.000002 0.009700
 0.004604 0.000002 0.004041 0.000730 0.000200 0.939645 0.000002 0.000068 0.000068 0.000068 0.000002 0.000134 0.010200 0.020263 0.000233 0.009109 0.000697 0.000233 0.000002 0.009700
 0.004604 0.000002 0.004041 0.000730 0.000200 0.030554 0.000002 0.000068 0.000068 0.000068 0.000002 0.000134 0.010200 0.929354 0.000233 0.009109 0.000697 0.000233 0.000002 0.009700

MOTIF 2-SGYPGQ STREME-2
letter-probability matrix: alength= 20 w= 6 nsites= 107 E= 4.0e-006
 0.000070 0.000000 0.000062 0.000011 0.000003 0.000467 0.000000 0.000001 0.000001 0.000001 0.000000 0.000002 0.000156 0.000309 0.000004 0.998751 0.000011 0.000004 0.000000 0.000148
 0.029062 0.000000 0.000062 0.138703 0.000003 0.812110 0.000000 0.000001 0.000001 0.000001 0.000000 0.000002 0.000156 0.000309 0.000004 0.000139 0.000011 0.019289 0.000000 0.000148
 0.000070 0.000000 0.000062 0.000011 0.000003 0.000467 0.000000 0.000001 0.000001 0.000001 0.000000 0.000002 0.000156 0.000309 0.000004 0.000139 0.000011 0.000004 0.000000 0.998760
 0.000070 0.000000 0.000062 0.000011 0.000003 0.000467 0.000000 0.000001 0.000001 0.000001 0.000000 0.000002 0.960155 0.000309 0.000004 0.029130 0.009632 0.000004 0.000000 0.000148
 0.000070 0.000000 0.068313 0.009633 0.000003 0.921206 0.000000 0.000001 0.000001 0.000001 0.000000 0.000002 0.000156 0.000309 0.000004 0.000139 0.000011 0.000004 0.000000 0.000148
 0.000070 0.000000 0.000062 0.000011 0.000003 0.000467 0.000000 0.000001 0.000001 0.000001 0.000000 0.000002 0.000156 0.998921 0.000004 0.000139 0.000011 0.000004 0.000000 0.000148

MOTIF 3-GQQAG STREME-3
letter-probability matrix: alength= 20 w= 5 nsites= 67 E= 1.5e+000
 0.000108 0.000000 0.000095 0.000017 0.000005 0.998582 0.000000 0.000002 0.000002 0.000002 0.000000 0.000003 0.000240 0.000476 0.000005 0.000214 0.000016 0.000005 0.000000 0.000228
 0.000108 0.000000 0.000095 0.000017 0.000005 0.000718 0.000000 0.000002 0.014808 0.000002 0.000000 0.000003 0.000240 0.983533 0.000005 0.000214 0.000016 0.000005 0.000000 0.000228
 0.000108 0.000000 0.000095 0.000017 0.000005 0.000718 0.000000 0.000002 0.000002 0.000002 0.000000 0.000003 0.000240 0.998340 0.000005 0.000214 0.000016 0.000005 0.000000 0.000228
 0.704137 0.000000 0.000095 0.000017 0.000005 0.000718 0.000000 0.000002 0.000002 0.000002 0.000000 0.000003 0.036217 0.000476 0.000005 0.015021 0.228261 0.014812 0.000000 0.000228
 0.000108 0.000000 0.000095 0.000017 0.000005 0.998582 0.000000 0.000002 0.000002 0.000002 0.000000 0.000003 0.000240 0.000476 0.000005 0.000214 0.000016 0.000005 0.000000 0.000228

MOTIF 4-GPQAGP STREME-4
letter-probability matrix: alength= 20 w= 6 nsites= 3 E= 5.0e+000
 0.004604 0.000002 0.004041 0.000730 0.000200 0.939645 0.000002 0.000068 0.000068 0.000068 0.000002 0.000134 0.010200 0.020263 0.000233 0.009109 0.000697 0.000233 0.000002 0.009700
 0.004604 0.000002 0.004041 0.000730 0.000200 0.030554 0.000002 0.000068 0.000068 0.000068 0.000002 0.000134 0.919291 0.020263 0.000233 0.009109 0.000697 0.000233 0.000002 0.009700
 0.004604 0.000002 0.004041 0.000730 0.000200 0.030554 0.000002 0.000068 0.000068 0.000068 0.000002 0.000134 0.010200 0.929354 0.000233 0.009109 0.000697 0.000233 0.000002 0.009700
 0.913694 0.000002 0.004041 0.000730 0.000200 0.030554 0.000002 0.000068 0.000068 0.000068 0.000002 0.000134 0.010200 0.020263 0.000233 0.009109 0.000697 0.000233 0.000002 0.009700
 0.004604 0.000002 0.004041 0.000730 0.000200 0.939645 0.000002 0.000068 0.000068 0.000068 0.000002 0.000134 0.010200 0.020263 0.000233 0.009109 0.000697 0.000233 0.000002 0.009700
 0.004604 0.000002 0.004041 0.000730 0.000200 0.030554 0.000002 0.000068 0.000068 0.000068 0.000002 0.000134 0.919291 0.020263 0.000233 0.009109 0.000697 0.000233 0.000002 0.009700

MOTIF 5-GIQAGS STREME-5
letter-probability matrix: alength= 20 w= 6 nsites= 2 E= 5.0e+000
 0.004604 0.000002 0.004041 0.000730 0.000200 0.939645 0.000002 0.000068 0.000068 0.000068 0.000002 0.000134 0.010200 0.020263 0.000233 0.009109 0.000697 0.000233 0.000002 0.009700
 0.004604 0.000002 0.004041 0.000730 0.000200 0.030554 0.000002 0.909159 0.000068 0.000068 0.000002 0.000134 0.010200 0.020263 0.000233 0.009109 0.000697 0.000233 0.000002 0.009700
 0.004604 0.000002 0.004041 0.000730 0.000200 0.030554 0.000002 0.000068 0.000068 0.000068 0.000002 0.000134 0.010200 0.929354 0.000233 0.009109 0.000697 0.000233 0.000002 0.009700
 0.913694 0.000002 0.004041 0.000730 0.000200 0.030554 0.000002 0.000068 0.000068 0.000068 0.000002 0.000134 0.010200 0.020263 0.000233 0.009109 0.000697 0.000233 0.000002 0.009700
 0.004604 0.000002 0.004041 0.000730 0.000200 0.939645 0.000002 0.000068 0.000068 0.000068 0.000002 0.000134 0.010200 0.020263 0.000233 0.009109 0.000697 0.000233 0.000002 0.009700
 0.004604 0.000002 0.004041 0.000730 0.000200 0.030554 0.000002 0.000068 0.000068 0.000068 0.000002 0.000134 0.010200 0.020263 0.000233 0.918200 0.000697 0.000233 0.000002 0.009700

********************************************************************************
Stopped because 3 consecutive motifs exceeded the p-value threshold (0.05).
********************************************************************************
COMMAND:	streme --protein --p ./Data/v1_cluster_windows_15mers/cluster_20896.fasta --minw 3 --maxw 15 --thresh 0.05 --oc ./Results/v1_Top500_Run_20250504_162200/streme_out_cluster_20896
********************************************************************************
CPU:		Hirokis-MacBook-Air.local
********************************************************************************
FINALTIME:	0.52 seconds
********************************************************************************
