********************************************************************************
STREME - Sensitive, Thorough, Rapid, Enriched Motif Elicitation
********************************************************************************
MEME version 5.5.7 (Release date: Wed Jun 19 13:59:04 2024 -0700)

For further information on how to interpret these results please access https://meme-suite.org/meme.
To get a copy of the MEME Suite software please access https://meme-suite.org.

********************************************************************************


********************************************************************************
REFERENCE
********************************************************************************
If you use this program in your research, please cite:

Timothy L. Bailey,
"STREME: accurate and versatile sequence motif discovery",
Bioinformatics, Mar. 24, 2021.
********************************************************************************


ALPHABET= ACDEFGHIKLMNPQRSTVWY

strands: +

Background letter frequencies
A 0.223 C 8.32e-05 D 8.32e-05 E 0.00175 F 8.32e-05 G 0.526 H 8.32e-05 I 0.00341 K 8.32e-05 L 0.00341 M 8.32e-05 N 8.32e-05 P 8.32e-05 Q 0.14 R 8.32e-05 S 0.0999 T 8.32e-05 V 0.00175 W 8.32e-05 Y 8.32e-05 

MOTIF 1-GAGQGAGAGQG STREME-1
letter-probability matrix: alength= 20 w= 11 nsites= 40 S= 9.3e-024
 0.001022 0.000000 0.000000 0.000008 0.000000 0.997828 0.000000 0.000016 0.000000 0.000016 0.000000 0.000000 0.000000 0.000641 0.000000 0.000458 0.000000 0.000008 0.000000 0.000000
 0.867645 0.000000 0.000000 0.000008 0.000000 0.002409 0.000000 0.000016 0.000000 0.000016 0.000000 0.000000 0.000000 0.000641 0.000000 0.097497 0.000000 0.031763 0.000000 0.000000
 0.032777 0.000000 0.000000 0.000008 0.000000 0.966073 0.000000 0.000016 0.000000 0.000016 0.000000 0.000000 0.000000 0.000641 0.000000 0.000458 0.000000 0.000008 0.000000 0.000000
 0.001022 0.000000 0.000000 0.000008 0.000000 0.002409 0.000000 0.000016 0.000000 0.000016 0.000000 0.000000 0.000000 0.996060 0.000000 0.000458 0.000000 0.000008 0.000000 0.000000
 0.001022 0.000000 0.000000 0.000008 0.000000 0.997828 0.000000 0.000016 0.000000 0.000016 0.000000 0.000000 0.000000 0.000641 0.000000 0.000458 0.000000 0.000008 0.000000 0.000000
 0.996440 0.000000 0.000000 0.000008 0.000000 0.002409 0.000000 0.000016 0.000000 0.000016 0.000000 0.000000 0.000000 0.000641 0.000000 0.000458 0.000000 0.000008 0.000000 0.000000
 0.001022 0.000000 0.000000 0.000008 0.000000 0.997828 0.000000 0.000016 0.000000 0.000016 0.000000 0.000000 0.000000 0.000641 0.000000 0.000458 0.000000 0.000008 0.000000 0.000000
 0.467084 0.000000 0.000000 0.000008 0.000000 0.002409 0.000000 0.000016 0.000000 0.000016 0.000000 0.000000 0.000000 0.129436 0.000000 0.401019 0.000000 0.000008 0.000000 0.000000
 0.001022 0.000000 0.000000 0.000008 0.000000 0.997828 0.000000 0.000016 0.000000 0.000016 0.000000 0.000000 0.000000 0.000641 0.000000 0.000458 0.000000 0.000008 0.000000 0.000000
 0.401583 0.000000 0.000000 0.000008 0.000000 0.002409 0.000000 0.000016 0.000000 0.000016 0.000000 0.000000 0.000000 0.563743 0.000000 0.032213 0.000000 0.000008 0.000000 0.000000
 0.001022 0.000000 0.000000 0.000008 0.000000 0.966073 0.000000 0.000016 0.000000 0.000016 0.000000 0.000000 0.000000 0.000641 0.000000 0.032213 0.000000 0.000008 0.000000 0.000000

MOTIF 2-SGLG STREME-2
letter-probability matrix: alength= 20 w= 4 nsites= 2 S= 2.5e-001
 0.020272 0.000008 0.000008 0.000159 0.000008 0.047807 0.000008 0.000310 0.000008 0.000310 0.000008 0.000008 0.000008 0.012718 0.000008 0.918174 0.000008 0.000159 0.000008 0.000008
 0.020272 0.000008 0.000008 0.000159 0.000008 0.956898 0.000008 0.000310 0.000008 0.000310 0.000008 0.000008 0.000008 0.012718 0.000008 0.009083 0.000008 0.000159 0.000008 0.000008
 0.020272 0.000008 0.000008 0.000159 0.000008 0.047807 0.000008 0.000310 0.000008 0.909401 0.000008 0.000008 0.000008 0.012718 0.000008 0.009083 0.000008 0.000159 0.000008 0.000008
 0.020272 0.000008 0.000008 0.000159 0.000008 0.956898 0.000008 0.000310 0.000008 0.000310 0.000008 0.000008 0.000008 0.012718 0.000008 0.009083 0.000008 0.000159 0.000008 0.000008

MOTIF 3-AGQG STREME-3
letter-probability matrix: alength= 20 w= 4 nsites= 2 S= 9.5e-001
 0.929363 0.000008 0.000008 0.000159 0.000008 0.047807 0.000008 0.000310 0.000008 0.000310 0.000008 0.000008 0.000008 0.012718 0.000008 0.009083 0.000008 0.000159 0.000008 0.000008
 0.020272 0.000008 0.000008 0.000159 0.000008 0.956898 0.000008 0.000310 0.000008 0.000310 0.000008 0.000008 0.000008 0.012718 0.000008 0.009083 0.000008 0.000159 0.000008 0.000008
 0.020272 0.000008 0.000008 0.000159 0.000008 0.047807 0.000008 0.000310 0.000008 0.000310 0.000008 0.000008 0.000008 0.921809 0.000008 0.009083 0.000008 0.000159 0.000008 0.000008
 0.020272 0.000008 0.000008 0.000159 0.000008 0.956898 0.000008 0.000310 0.000008 0.000310 0.000008 0.000008 0.000008 0.012718 0.000008 0.009083 0.000008 0.000159 0.000008 0.000008

********************************************************************************
Stopped because the next motif had no positive sites with scores > 0.
********************************************************************************
COMMAND:	streme --protein --p ./Data/v1_cluster_windows_15mers/cluster_20564.fasta --minw 3 --maxw 15 --thresh 0.05 --oc ./Results/v1_Top500_Run_20250504_162200/streme_out_cluster_20564
********************************************************************************
CPU:		Hirokis-MacBook-Air.local
********************************************************************************
FINALTIME:	0.18 seconds
********************************************************************************
