********************************************************************************
STREME - Sensitive, Thorough, Rapid, Enriched Motif Elicitation
********************************************************************************
MEME version 5.5.7 (Release date: Wed Jun 19 13:59:04 2024 -0700)

For further information on how to interpret these results please access https://meme-suite.org/meme.
To get a copy of the MEME Suite software please access https://meme-suite.org.

********************************************************************************


********************************************************************************
REFERENCE
********************************************************************************
If you use this program in your research, please cite:

Timothy L. Bailey,
"STREME: accurate and versatile sequence motif discovery",
Bioinformatics, Mar. 24, 2021.
********************************************************************************


ALPHABET= ACDEFGHIKLMNPQRSTVWY

strands: +

Background letter frequencies
A 0.201 C 8.53e-05 D 0.0359 E 8.53e-05 F 8.53e-05 G 0.0342 H 8.53e-05 I 0.0154 K 8.53e-05 L 0.121 M 0.0718 N 0.123 P 8.53e-05 Q 0.0547 R 8.53e-05 S 0.212 T 0.0632 V 8.53e-05 W 8.53e-05 Y 0.0666 

MOTIF 1-AGTANYLSNQLSSMA STREME-1
letter-probability matrix: alength= 20 w= 15 nsites= 39 S= 3.7e-023
 0.927408 0.000008 0.003265 0.000008 0.000008 0.003111 0.000008 0.001404 0.000008 0.011017 0.006523 0.011181 0.000008 0.004971 0.000008 0.019244 0.005748 0.000008 0.000008 0.006058
 0.018317 0.000008 0.003265 0.000008 0.000008 0.912202 0.000008 0.001404 0.000008 0.011017 0.006523 0.011181 0.000008 0.004971 0.000008 0.019244 0.005748 0.000008 0.000008 0.006058
 0.018317 0.000008 0.003265 0.000008 0.000008 0.003111 0.000008 0.001404 0.000008 0.011017 0.006523 0.011181 0.000008 0.004971 0.000008 0.019244 0.914839 0.000008 0.000008 0.006058
 0.927408 0.000008 0.003265 0.000008 0.000008 0.003111 0.000008 0.001404 0.000008 0.011017 0.006523 0.011181 0.000008 0.004971 0.000008 0.019244 0.005748 0.000008 0.000008 0.006058
 0.018317 0.000008 0.003265 0.000008 0.000008 0.003111 0.000008 0.001404 0.000008 0.011017 0.006523 0.920272 0.000008 0.004971 0.000008 0.019244 0.005748 0.000008 0.000008 0.006058
 0.018317 0.000008 0.003265 0.000008 0.000008 0.003111 0.000008 0.001404 0.000008 0.011017 0.006523 0.011181 0.000008 0.004971 0.000008 0.019244 0.005748 0.000008 0.000008 0.915149
 0.018317 0.000008 0.003265 0.000008 0.000008 0.003111 0.000008 0.001404 0.000008 0.920108 0.006523 0.011181 0.000008 0.004971 0.000008 0.019244 0.005748 0.000008 0.000008 0.006058
 0.018317 0.000008 0.003265 0.000008 0.000008 0.003111 0.000008 0.001404 0.000008 0.011017 0.006523 0.011181 0.000008 0.004971 0.000008 0.928335 0.005748 0.000008 0.000008 0.006058
 0.018317 0.000008 0.003265 0.000008 0.000008 0.003111 0.000008 0.001404 0.000008 0.011017 0.006523 0.920272 0.000008 0.004971 0.000008 0.019244 0.005748 0.000008 0.000008 0.006058
 0.018317 0.000008 0.003265 0.000008 0.000008 0.003111 0.000008 0.001404 0.000008 0.011017 0.006523 0.011181 0.000008 0.914062 0.000008 0.019244 0.005748 0.000008 0.000008 0.006058
 0.018317 0.000008 0.003265 0.000008 0.000008 0.003111 0.000008 0.001404 0.000008 0.920108 0.006523 0.011181 0.000008 0.004971 0.000008 0.019244 0.005748 0.000008 0.000008 0.006058
 0.018317 0.000008 0.003265 0.000008 0.000008 0.003111 0.000008 0.001404 0.000008 0.011017 0.006523 0.011181 0.000008 0.004971 0.000008 0.928335 0.005748 0.000008 0.000008 0.006058
 0.018317 0.000008 0.003265 0.000008 0.000008 0.003111 0.000008 0.001404 0.000008 0.011017 0.006523 0.011181 0.000008 0.004971 0.000008 0.928335 0.005748 0.000008 0.000008 0.006058
 0.018317 0.000008 0.003265 0.000008 0.000008 0.003111 0.000008 0.001404 0.000008 0.011017 0.915614 0.011181 0.000008 0.004971 0.000008 0.019244 0.005748 0.000008 0.000008 0.006058
 0.927408 0.000008 0.003265 0.000008 0.000008 0.003111 0.000008 0.001404 0.000008 0.011017 0.006523 0.011181 0.000008 0.004971 0.000008 0.019244 0.005748 0.000008 0.000008 0.006058

MOTIF 2-SNM STREME-2
letter-probability matrix: alength= 20 w= 3 nsites= 1 S= 7.5e-001
 0.018317 0.000008 0.003265 0.000008 0.000008 0.003111 0.000008 0.001404 0.000008 0.011017 0.006523 0.011181 0.000008 0.004971 0.000008 0.928335 0.005748 0.000008 0.000008 0.006058
 0.018317 0.000008 0.003265 0.000008 0.000008 0.003111 0.000008 0.001404 0.000008 0.011017 0.006523 0.920272 0.000008 0.004971 0.000008 0.019244 0.005748 0.000008 0.000008 0.006058
 0.018317 0.000008 0.003265 0.000008 0.000008 0.003111 0.000008 0.001404 0.000008 0.011017 0.915614 0.011181 0.000008 0.004971 0.000008 0.019244 0.005748 0.000008 0.000008 0.006058

********************************************************************************
Stopped because the next motif had no positive sites with scores > 0.
********************************************************************************
COMMAND:	streme --protein --p ./Data/v1_cluster_windows_15mers/cluster_16526.fasta --minw 3 --maxw 15 --thresh 0.05 --oc ./Results/v1_Top500_Run_20250504_162200/streme_out_cluster_16526
********************************************************************************
CPU:		Hirokis-MacBook-Air.local
********************************************************************************
FINALTIME:	0.13 seconds
********************************************************************************
