********************************************************************************
STREME - Sensitive, Thorough, Rapid, Enriched Motif Elicitation
********************************************************************************
MEME version 5.5.7 (Release date: Wed Jun 19 13:59:04 2024 -0700)

For further information on how to interpret these results please access https://meme-suite.org/meme.
To get a copy of the MEME Suite software please access https://meme-suite.org.

********************************************************************************


********************************************************************************
REFERENCE
********************************************************************************
If you use this program in your research, please cite:

Timothy L. Bailey,
"STREME: accurate and versatile sequence motif discovery",
Bioinformatics, Mar. 24, 2021.
********************************************************************************


ALPHABET= ACDEFGHIKLMNPQRSTVWY

strands: +

Background letter frequencies
A 0.21 C 8.12e-05 D 8.12e-05 E 0.0634 F 8.12e-05 G 8.12e-05 H 8.12e-05 I 8.12e-05 K 8.12e-05 L 0.133 M 8.12e-05 N 8.12e-05 P 0.0666 Q 8.12e-05 R 0.0666 S 0.266 T 0.19 V 0.00333 W 8.12e-05 Y 8.12e-05 

MOTIF 1-TLASTTARLSSPEAS STREME-1
letter-probability matrix: alength= 20 w= 15 nsites= 41 S= 2.4e-024
 0.019046 0.000007 0.000007 0.005763 0.000007 0.000007 0.000007 0.000007 0.000007 0.012109 0.000007 0.000007 0.006058 0.000007 0.006058 0.024210 0.926364 0.000303 0.000007 0.000007
 0.019046 0.000007 0.000007 0.005763 0.000007 0.000007 0.000007 0.000007 0.000007 0.921200 0.000007 0.000007 0.006058 0.000007 0.006058 0.024210 0.017273 0.000303 0.000007 0.000007
 0.928137 0.000007 0.000007 0.005763 0.000007 0.000007 0.000007 0.000007 0.000007 0.012109 0.000007 0.000007 0.006058 0.000007 0.006058 0.024210 0.017273 0.000303 0.000007 0.000007
 0.019046 0.000007 0.000007 0.005763 0.000007 0.000007 0.000007 0.000007 0.000007 0.012109 0.000007 0.000007 0.006058 0.000007 0.006058 0.933301 0.017273 0.000303 0.000007 0.000007
 0.019046 0.000007 0.000007 0.005763 0.000007 0.000007 0.000007 0.000007 0.000007 0.012109 0.000007 0.000007 0.006058 0.000007 0.006058 0.024210 0.926364 0.000303 0.000007 0.000007
 0.019046 0.000007 0.000007 0.005763 0.000007 0.000007 0.000007 0.000007 0.000007 0.012109 0.000007 0.000007 0.006058 0.000007 0.006058 0.024210 0.926364 0.000303 0.000007 0.000007
 0.928137 0.000007 0.000007 0.005763 0.000007 0.000007 0.000007 0.000007 0.000007 0.012109 0.000007 0.000007 0.006058 0.000007 0.006058 0.024210 0.017273 0.000303 0.000007 0.000007
 0.019046 0.000007 0.000007 0.005763 0.000007 0.000007 0.000007 0.000007 0.000007 0.012109 0.000007 0.000007 0.006058 0.000007 0.915149 0.024210 0.017273 0.000303 0.000007 0.000007
 0.019046 0.000007 0.000007 0.005763 0.000007 0.000007 0.000007 0.000007 0.000007 0.921200 0.000007 0.000007 0.006058 0.000007 0.006058 0.024210 0.017273 0.000303 0.000007 0.000007
 0.019046 0.000007 0.000007 0.005763 0.000007 0.000007 0.000007 0.000007 0.000007 0.012109 0.000007 0.000007 0.006058 0.000007 0.006058 0.933301 0.017273 0.000303 0.000007 0.000007
 0.019046 0.000007 0.000007 0.005763 0.000007 0.000007 0.000007 0.000007 0.000007 0.012109 0.000007 0.000007 0.006058 0.000007 0.006058 0.933301 0.017273 0.000303 0.000007 0.000007
 0.019046 0.000007 0.000007 0.005763 0.000007 0.000007 0.000007 0.000007 0.000007 0.012109 0.000007 0.000007 0.915149 0.000007 0.006058 0.024210 0.017273 0.000303 0.000007 0.000007
 0.019046 0.000007 0.000007 0.914854 0.000007 0.000007 0.000007 0.000007 0.000007 0.012109 0.000007 0.000007 0.006058 0.000007 0.006058 0.024210 0.017273 0.000303 0.000007 0.000007
 0.928137 0.000007 0.000007 0.005763 0.000007 0.000007 0.000007 0.000007 0.000007 0.012109 0.000007 0.000007 0.006058 0.000007 0.006058 0.024210 0.017273 0.000303 0.000007 0.000007
 0.019046 0.000007 0.000007 0.005763 0.000007 0.000007 0.000007 0.000007 0.000007 0.012109 0.000007 0.000007 0.006058 0.000007 0.006058 0.933301 0.017273 0.000303 0.000007 0.000007

********************************************************************************
Stopped because the next motif had no positive sites with scores > 0.
********************************************************************************
COMMAND:	streme --protein --p ./Data/v1_cluster_windows_15mers/cluster_19718.fasta --minw 3 --maxw 15 --thresh 0.05 --oc ./Results/v1_Top500_Run_20250504_162200/streme_out_cluster_19718
********************************************************************************
CPU:		Hirokis-MacBook-Air.local
********************************************************************************
FINALTIME:	0.13 seconds
********************************************************************************
