********************************************************************************
STREME - Sensitive, Thorough, Rapid, Enriched Motif Elicitation
********************************************************************************
MEME version 5.5.7 (Release date: Wed Jun 19 13:59:04 2024 -0700)

For further information on how to interpret these results please access https://meme-suite.org/meme.
To get a copy of the MEME Suite software please access https://meme-suite.org.

********************************************************************************


********************************************************************************
REFERENCE
********************************************************************************
If you use this program in your research, please cite:

Timothy L. Bailey,
"STREME: accurate and versatile sequence motif discovery",
Bioinformatics, Mar. 24, 2021.
********************************************************************************


ALPHABET= ACDEFGHIKLMNPQRSTVWY

strands: +

Background letter frequencies
A 0.256 C 7.4e-05 D 0.00895 E 7.4e-05 F 0.0149 G 0.161 H 0.00155 I 0.0149 K 7.4e-05 L 0.185 M 0.0119 N 0.0711 P 0.0297 Q 0.00451 R 0.00155 S 0.197 T 0.0119 V 0.0297 W 7.4e-05 Y 7.4e-05 

MOTIF 1-SSLASGGALNVAALP STREME-1
letter-probability matrix: alength= 20 w= 15 nsites= 45 S= 9.6e-027
 0.023273 0.000007 0.000814 0.000007 0.001352 0.014664 0.000141 0.001352 0.000007 0.016818 0.001083 0.006462 0.002696 0.000410 0.000141 0.926982 0.001083 0.002696 0.000007 0.000007
 0.023273 0.000007 0.000814 0.000007 0.001352 0.014664 0.000141 0.001352 0.000007 0.016818 0.001083 0.006462 0.002696 0.000410 0.000141 0.926982 0.001083 0.002696 0.000007 0.000007
 0.023273 0.000007 0.000814 0.000007 0.001352 0.014664 0.000141 0.001352 0.000007 0.925909 0.001083 0.006462 0.002696 0.000410 0.000141 0.017891 0.001083 0.002696 0.000007 0.000007
 0.932364 0.000007 0.000814 0.000007 0.001352 0.014664 0.000141 0.001352 0.000007 0.016818 0.001083 0.006462 0.002696 0.000410 0.000141 0.017891 0.001083 0.002696 0.000007 0.000007
 0.023273 0.000007 0.000814 0.000007 0.001352 0.014664 0.000141 0.001352 0.000007 0.016818 0.001083 0.006462 0.002696 0.000410 0.000141 0.926982 0.001083 0.002696 0.000007 0.000007
 0.023273 0.000007 0.000814 0.000007 0.001352 0.923755 0.000141 0.001352 0.000007 0.016818 0.001083 0.006462 0.002696 0.000410 0.000141 0.017891 0.001083 0.002696 0.000007 0.000007
 0.023273 0.000007 0.000814 0.000007 0.001352 0.923755 0.000141 0.001352 0.000007 0.016818 0.001083 0.006462 0.002696 0.000410 0.000141 0.017891 0.001083 0.002696 0.000007 0.000007
 0.932364 0.000007 0.000814 0.000007 0.001352 0.014664 0.000141 0.001352 0.000007 0.016818 0.001083 0.006462 0.002696 0.000410 0.000141 0.017891 0.001083 0.002696 0.000007 0.000007
 0.023273 0.000007 0.000814 0.000007 0.001352 0.014664 0.000141 0.001352 0.000007 0.925909 0.001083 0.006462 0.002696 0.000410 0.000141 0.017891 0.001083 0.002696 0.000007 0.000007
 0.023273 0.000007 0.000814 0.000007 0.001352 0.014664 0.000141 0.001352 0.000007 0.016818 0.001083 0.915553 0.002696 0.000410 0.000141 0.017891 0.001083 0.002696 0.000007 0.000007
 0.023273 0.000007 0.000814 0.000007 0.001352 0.014664 0.000141 0.001352 0.000007 0.016818 0.001083 0.006462 0.002696 0.000410 0.000141 0.017891 0.001083 0.911787 0.000007 0.000007
 0.932364 0.000007 0.000814 0.000007 0.001352 0.014664 0.000141 0.001352 0.000007 0.016818 0.001083 0.006462 0.002696 0.000410 0.000141 0.017891 0.001083 0.002696 0.000007 0.000007
 0.932364 0.000007 0.000814 0.000007 0.001352 0.014664 0.000141 0.001352 0.000007 0.016818 0.001083 0.006462 0.002696 0.000410 0.000141 0.017891 0.001083 0.002696 0.000007 0.000007
 0.023273 0.000007 0.000814 0.000007 0.001352 0.014664 0.000141 0.001352 0.000007 0.925909 0.001083 0.006462 0.002696 0.000410 0.000141 0.017891 0.001083 0.002696 0.000007 0.000007
 0.023273 0.000007 0.000814 0.000007 0.001352 0.014664 0.000141 0.001352 0.000007 0.016818 0.001083 0.006462 0.911787 0.000410 0.000141 0.017891 0.001083 0.002696 0.000007 0.000007

MOTIF 2-AGS STREME-2
letter-probability matrix: alength= 20 w= 3 nsites= 2 S= 6.9e-001
 0.932364 0.000007 0.000814 0.000007 0.001352 0.014664 0.000141 0.001352 0.000007 0.016818 0.001083 0.006462 0.002696 0.000410 0.000141 0.017891 0.001083 0.002696 0.000007 0.000007
 0.023273 0.000007 0.000814 0.000007 0.001352 0.923755 0.000141 0.001352 0.000007 0.016818 0.001083 0.006462 0.002696 0.000410 0.000141 0.017891 0.001083 0.002696 0.000007 0.000007
 0.023273 0.000007 0.000814 0.000007 0.001352 0.014664 0.000141 0.001352 0.000007 0.016818 0.001083 0.006462 0.002696 0.000410 0.000141 0.926982 0.001083 0.002696 0.000007 0.000007

********************************************************************************
Stopped because the next motif had no positive sites with scores > 0.
********************************************************************************
COMMAND:	streme --protein --p ./Data/v1_cluster_windows_15mers/cluster_8467.fasta --minw 3 --maxw 15 --thresh 0.05 --oc ./Results/v1_Top500_Run_20250504_162200/streme_out_cluster_8467
********************************************************************************
CPU:		Hirokis-MacBook-Air.local
********************************************************************************
FINALTIME:	0.13 seconds
********************************************************************************
