********************************************************************************
STREME - Sensitive, Thorough, Rapid, Enriched Motif Elicitation
********************************************************************************
MEME version 5.5.7 (Release date: Wed Jun 19 13:59:04 2024 -0700)

For further information on how to interpret these results please access https://meme-suite.org/meme.
To get a copy of the MEME Suite software please access https://meme-suite.org.

********************************************************************************


********************************************************************************
REFERENCE
********************************************************************************
If you use this program in your research, please cite:

Timothy L. Bailey,
"STREME: accurate and versatile sequence motif discovery",
Bioinformatics, Mar. 24, 2021.
********************************************************************************


ALPHABET= ACDEFGHIKLMNPQRSTVWY

strands: +

Background letter frequencies
A 0.131 C 0.00273 D 0.00273 E 0.192 F 6.66e-05 G 0.0147 H 6.66e-05 I 0.182 K 6.66e-05 L 0.196 M 0.00806 N 0.0507 P 6.66e-05 Q 0.00539 R 6.66e-05 S 0.016 T 0.109 V 0.0893 W 6.66e-05 Y 6.66e-05 

MOTIF 1-NEILTEALIEVIATL STREME-1
letter-probability matrix: alength= 20 w= 15 nsites= 50 E= 1.2e-002
 0.011872 0.000248 0.000248 0.017435 0.000006 0.001337 0.000006 0.016589 0.000006 0.017798 0.000732 0.913697 0.000006 0.000490 0.000006 0.001459 0.009936 0.008116 0.000006 0.000006
 0.011872 0.000248 0.000248 0.926526 0.000006 0.001337 0.000006 0.016589 0.000006 0.017798 0.000732 0.004606 0.000006 0.000490 0.000006 0.001459 0.009936 0.008116 0.000006 0.000006
 0.011872 0.000248 0.000248 0.017435 0.000006 0.001337 0.000006 0.925680 0.000006 0.017798 0.000732 0.004606 0.000006 0.000490 0.000006 0.001459 0.009936 0.008116 0.000006 0.000006
 0.011872 0.000248 0.000248 0.017435 0.000006 0.001337 0.000006 0.016589 0.000006 0.926889 0.000732 0.004606 0.000006 0.000490 0.000006 0.001459 0.009936 0.008116 0.000006 0.000006
 0.011872 0.000248 0.000248 0.017435 0.000006 0.001337 0.000006 0.016589 0.000006 0.017798 0.000732 0.004606 0.000006 0.000490 0.000006 0.001459 0.919026 0.008116 0.000006 0.000006
 0.011872 0.000248 0.000248 0.926526 0.000006 0.001337 0.000006 0.016589 0.000006 0.017798 0.000732 0.004606 0.000006 0.000490 0.000006 0.001459 0.009936 0.008116 0.000006 0.000006
 0.920963 0.000248 0.000248 0.017435 0.000006 0.001337 0.000006 0.016589 0.000006 0.017798 0.000732 0.004606 0.000006 0.000490 0.000006 0.001459 0.009936 0.008116 0.000006 0.000006
 0.011872 0.000248 0.000248 0.017435 0.000006 0.001337 0.000006 0.016589 0.000006 0.926889 0.000732 0.004606 0.000006 0.000490 0.000006 0.001459 0.009936 0.008116 0.000006 0.000006
 0.011872 0.000248 0.000248 0.017435 0.000006 0.001337 0.000006 0.925680 0.000006 0.017798 0.000732 0.004606 0.000006 0.000490 0.000006 0.001459 0.009936 0.008116 0.000006 0.000006
 0.011872 0.000248 0.000248 0.926526 0.000006 0.001337 0.000006 0.016589 0.000006 0.017798 0.000732 0.004606 0.000006 0.000490 0.000006 0.001459 0.009936 0.008116 0.000006 0.000006
 0.011872 0.000248 0.000248 0.017435 0.000006 0.001337 0.000006 0.016589 0.000006 0.017798 0.000732 0.004606 0.000006 0.000490 0.000006 0.001459 0.009936 0.917207 0.000006 0.000006
 0.011872 0.000248 0.000248 0.017435 0.000006 0.001337 0.000006 0.925680 0.000006 0.017798 0.000732 0.004606 0.000006 0.000490 0.000006 0.001459 0.009936 0.008116 0.000006 0.000006
 0.920963 0.000248 0.000248 0.017435 0.000006 0.001337 0.000006 0.016589 0.000006 0.017798 0.000732 0.004606 0.000006 0.000490 0.000006 0.001459 0.009936 0.008116 0.000006 0.000006
 0.011872 0.000248 0.000248 0.017435 0.000006 0.001337 0.000006 0.016589 0.000006 0.017798 0.000732 0.004606 0.000006 0.000490 0.000006 0.001459 0.919026 0.008116 0.000006 0.000006
 0.011872 0.000248 0.000248 0.017435 0.000006 0.001337 0.000006 0.016589 0.000006 0.926889 0.000732 0.004606 0.000006 0.000490 0.000006 0.001459 0.009936 0.008116 0.000006 0.000006

MOTIF 2-AVN STREME-2
letter-probability matrix: alength= 20 w= 3 nsites= 1 E= 3.0e+000
 0.890385 0.000344 0.000344 0.024180 0.000008 0.001854 0.000008 0.023008 0.000008 0.024684 0.001016 0.006388 0.000008 0.000680 0.000008 0.002023 0.013779 0.011255 0.000008 0.000008
 0.016465 0.000344 0.000344 0.024180 0.000008 0.001854 0.000008 0.023008 0.000008 0.024684 0.001016 0.006388 0.000008 0.000680 0.000008 0.002023 0.013779 0.885175 0.000008 0.000008
 0.016465 0.000344 0.000344 0.024180 0.000008 0.001854 0.000008 0.023008 0.000008 0.024684 0.001016 0.880308 0.000008 0.000680 0.000008 0.002023 0.013779 0.011255 0.000008 0.000008

MOTIF 3-DAV STREME-3
letter-probability matrix: alength= 20 w= 3 nsites= 1 E= 3.0e+000
 0.016465 0.000344 0.874264 0.024180 0.000008 0.001854 0.000008 0.023008 0.000008 0.024684 0.001016 0.006388 0.000008 0.000680 0.000008 0.002023 0.013779 0.011255 0.000008 0.000008
 0.890385 0.000344 0.000344 0.024180 0.000008 0.001854 0.000008 0.023008 0.000008 0.024684 0.001016 0.006388 0.000008 0.000680 0.000008 0.002023 0.013779 0.011255 0.000008 0.000008
 0.016465 0.000344 0.000344 0.024180 0.000008 0.001854 0.000008 0.023008 0.000008 0.024684 0.001016 0.006388 0.000008 0.000680 0.000008 0.002023 0.013779 0.885175 0.000008 0.000008

********************************************************************************
Stopped because the next motif had no positive sites with scores > 0.
********************************************************************************
COMMAND:	streme --protein --p ./Data/v1_cluster_windows_15mers/cluster_21825.fasta --minw 3 --maxw 15 --thresh 0.05 --oc ./Results/v1_Top500_Run_20250504_162200/streme_out_cluster_21825
********************************************************************************
CPU:		Hirokis-MacBook-Air.local
********************************************************************************
FINALTIME:	0.23 seconds
********************************************************************************
