********************************************************************************
STREME - Sensitive, Thorough, Rapid, Enriched Motif Elicitation
********************************************************************************
MEME version 5.5.7 (Release date: Wed Jun 19 13:59:04 2024 -0700)

For further information on how to interpret these results please access https://meme-suite.org/meme.
To get a copy of the MEME Suite software please access https://meme-suite.org.

********************************************************************************


********************************************************************************
REFERENCE
********************************************************************************
If you use this program in your research, please cite:

Timothy L. Bailey,
"STREME: accurate and versatile sequence motif discovery",
Bioinformatics, Mar. 24, 2021.
********************************************************************************


ALPHABET= ACDEFGHIKLMNPQRSTVWY

strands: +

Background letter frequencies
A 0.0743 C 0.00115 D 0.0404 E 0.0164 F 0.0121 G 0.0634 H 0.0634 I 0.0852 K 5.46e-05 L 0.132 M 0.00442 N 0.0721 P 5.46e-05 Q 0.0273 R 0.00224 S 0.15 T 0.0219 V 0.156 W 5.46e-05 Y 0.0776 

MOTIF 1-ALVHILSYSSVGQVD STREME-1
letter-probability matrix: alength= 20 w= 15 nsites= 60 E= 3.0e-002
 0.915844 0.000104 0.003677 0.001494 0.001096 0.005761 0.005761 0.007746 0.000005 0.012017 0.000402 0.006555 0.000005 0.002486 0.000203 0.013599 0.001990 0.014199 0.000005 0.007051
 0.006753 0.000104 0.003677 0.001494 0.001096 0.005761 0.005761 0.007746 0.000005 0.921108 0.000402 0.006555 0.000005 0.002486 0.000203 0.013599 0.001990 0.014199 0.000005 0.007051
 0.006753 0.000104 0.003677 0.001494 0.001096 0.005761 0.005761 0.007746 0.000005 0.012017 0.000402 0.006555 0.000005 0.002486 0.000203 0.013599 0.001990 0.923290 0.000005 0.007051
 0.006753 0.000104 0.003677 0.001494 0.001096 0.005761 0.914851 0.007746 0.000005 0.012017 0.000402 0.006555 0.000005 0.002486 0.000203 0.013599 0.001990 0.014199 0.000005 0.007051
 0.006753 0.000104 0.003677 0.001494 0.001096 0.005761 0.005761 0.916837 0.000005 0.012017 0.000402 0.006555 0.000005 0.002486 0.000203 0.013599 0.001990 0.014199 0.000005 0.007051
 0.006753 0.000104 0.003677 0.001494 0.001096 0.005761 0.005761 0.007746 0.000005 0.921108 0.000402 0.006555 0.000005 0.002486 0.000203 0.013599 0.001990 0.014199 0.000005 0.007051
 0.006753 0.000104 0.003677 0.001494 0.001096 0.005761 0.005761 0.007746 0.000005 0.012017 0.000402 0.006555 0.000005 0.002486 0.000203 0.922690 0.001990 0.014199 0.000005 0.007051
 0.006753 0.000104 0.003677 0.001494 0.001096 0.005761 0.005761 0.007746 0.000005 0.012017 0.000402 0.006555 0.000005 0.002486 0.000203 0.013599 0.001990 0.014199 0.000005 0.916142
 0.006753 0.000104 0.003677 0.001494 0.001096 0.005761 0.005761 0.007746 0.000005 0.012017 0.000402 0.006555 0.000005 0.002486 0.000203 0.922690 0.001990 0.014199 0.000005 0.007051
 0.006753 0.000104 0.003677 0.001494 0.001096 0.005761 0.005761 0.007746 0.000005 0.012017 0.000402 0.006555 0.000005 0.002486 0.000203 0.922690 0.001990 0.014199 0.000005 0.007051
 0.006753 0.000104 0.003677 0.001494 0.001096 0.005761 0.005761 0.007746 0.000005 0.012017 0.000402 0.006555 0.000005 0.002486 0.000203 0.013599 0.001990 0.923290 0.000005 0.007051
 0.006753 0.000104 0.003677 0.001494 0.001096 0.914851 0.005761 0.007746 0.000005 0.012017 0.000402 0.006555 0.000005 0.002486 0.000203 0.013599 0.001990 0.014199 0.000005 0.007051
 0.006753 0.000104 0.003677 0.001494 0.001096 0.005761 0.005761 0.007746 0.000005 0.012017 0.000402 0.006555 0.000005 0.911577 0.000203 0.013599 0.001990 0.014199 0.000005 0.007051
 0.006753 0.000104 0.003677 0.001494 0.001096 0.005761 0.005761 0.007746 0.000005 0.012017 0.000402 0.006555 0.000005 0.002486 0.000203 0.013599 0.001990 0.923290 0.000005 0.007051
 0.006753 0.000104 0.912768 0.001494 0.001096 0.005761 0.005761 0.007746 0.000005 0.012017 0.000402 0.006555 0.000005 0.002486 0.000203 0.013599 0.001990 0.014199 0.000005 0.007051

MOTIF 2-YAN STREME-2
letter-probability matrix: alength= 20 w= 3 nsites= 2 E= 4.0e+000
 0.006753 0.000104 0.003677 0.001494 0.001096 0.005761 0.005761 0.007746 0.000005 0.012017 0.000402 0.006555 0.000005 0.002486 0.000203 0.013599 0.001990 0.014199 0.000005 0.916142
 0.915844 0.000104 0.003677 0.001494 0.001096 0.005761 0.005761 0.007746 0.000005 0.012017 0.000402 0.006555 0.000005 0.002486 0.000203 0.013599 0.001990 0.014199 0.000005 0.007051
 0.006753 0.000104 0.003677 0.001494 0.001096 0.005761 0.005761 0.007746 0.000005 0.012017 0.000402 0.915646 0.000005 0.002486 0.000203 0.013599 0.001990 0.014199 0.000005 0.007051

MOTIF 3-ISAI STREME-3
letter-probability matrix: alength= 20 w= 4 nsites= 1 E= 4.0e+000
 0.009366 0.000144 0.005100 0.002071 0.001520 0.007989 0.007989 0.884663 0.000007 0.016667 0.000557 0.009091 0.000007 0.003448 0.000282 0.018860 0.002760 0.019692 0.000007 0.009779
 0.009366 0.000144 0.005100 0.002071 0.001520 0.007989 0.007989 0.010743 0.000007 0.016667 0.000557 0.009091 0.000007 0.003448 0.000282 0.892780 0.002760 0.019692 0.000007 0.009779
 0.883286 0.000144 0.005100 0.002071 0.001520 0.007989 0.007989 0.010743 0.000007 0.016667 0.000557 0.009091 0.000007 0.003448 0.000282 0.018860 0.002760 0.019692 0.000007 0.009779
 0.009366 0.000144 0.005100 0.002071 0.001520 0.007989 0.007989 0.884663 0.000007 0.016667 0.000557 0.009091 0.000007 0.003448 0.000282 0.018860 0.002760 0.019692 0.000007 0.009779

MOTIF 4-TSSI STREME-4
letter-probability matrix: alength= 20 w= 4 nsites= 1 E= 4.0e+000
 0.009366 0.000144 0.005100 0.002071 0.001520 0.007989 0.007989 0.010743 0.000007 0.016667 0.000557 0.009091 0.000007 0.003448 0.000282 0.018860 0.876680 0.019692 0.000007 0.009779
 0.009366 0.000144 0.005100 0.002071 0.001520 0.007989 0.007989 0.010743 0.000007 0.016667 0.000557 0.009091 0.000007 0.003448 0.000282 0.892780 0.002760 0.019692 0.000007 0.009779
 0.009366 0.000144 0.005100 0.002071 0.001520 0.007989 0.007989 0.010743 0.000007 0.016667 0.000557 0.009091 0.000007 0.003448 0.000282 0.892780 0.002760 0.019692 0.000007 0.009779
 0.009366 0.000144 0.005100 0.002071 0.001520 0.007989 0.007989 0.884663 0.000007 0.016667 0.000557 0.009091 0.000007 0.003448 0.000282 0.018860 0.002760 0.019692 0.000007 0.009779

********************************************************************************
Stopped because 3 consecutive motifs exceeded the p-value threshold (0.05).
********************************************************************************
COMMAND:	streme --protein --p ./Data/v1_cluster_windows_15mers/cluster_3848.fasta --minw 3 --maxw 15 --thresh 0.05 --oc ./Results/v1_Top500_Run_20250504_162200/streme_out_cluster_3848
********************************************************************************
CPU:		Hirokis-MacBook-Air.local
********************************************************************************
FINALTIME:	0.26 seconds
********************************************************************************
