********************************************************************************
STREME - Sensitive, Thorough, Rapid, Enriched Motif Elicitation
********************************************************************************
MEME version 5.5.7 (Release date: Wed Jun 19 13:59:04 2024 -0700)

For further information on how to interpret these results please access https://meme-suite.org/meme.
To get a copy of the MEME Suite software please access https://meme-suite.org.

********************************************************************************


********************************************************************************
REFERENCE
********************************************************************************
If you use this program in your research, please cite:

Timothy L. Bailey,
"STREME: accurate and versatile sequence motif discovery",
Bioinformatics, Mar. 24, 2021.
********************************************************************************


ALPHABET= ACDEFGHIKLMNPQRSTVWY

strands: +

Background letter frequencies
A 0.189 C 6.79e-05 D 6.79e-05 E 6.79e-05 F 6.79e-05 G 0.0694 H 6.79e-05 I 6.79e-05 K 6.79e-05 L 0.0653 M 0.00143 N 0.00143 P 0.068 Q 0.00143 R 0.129 S 0.393 T 0.00414 V 0.0775 W 6.79e-05 Y 6.79e-05 

MOTIF 1-SRLSSPGAASRVSS STREME-1
letter-probability matrix: alength= 20 w= 14 nsites= 49 S= 3.9e-029
 0.017175 0.000006 0.000006 0.000006 0.000006 0.006306 0.000006 0.000006 0.000006 0.005936 0.000130 0.000130 0.006182 0.000130 0.011738 0.944795 0.000377 0.007047 0.000006 0.000006
 0.017175 0.000006 0.000006 0.000006 0.000006 0.006306 0.000006 0.000006 0.000006 0.005936 0.000130 0.000130 0.006182 0.000130 0.920828 0.035704 0.000377 0.007047 0.000006 0.000006
 0.017175 0.000006 0.000006 0.000006 0.000006 0.006306 0.000006 0.000006 0.000006 0.915027 0.000130 0.000130 0.006182 0.000130 0.011738 0.035704 0.000377 0.007047 0.000006 0.000006
 0.017175 0.000006 0.000006 0.000006 0.000006 0.006306 0.000006 0.000006 0.000006 0.005936 0.000130 0.000130 0.006182 0.000130 0.011738 0.944795 0.000377 0.007047 0.000006 0.000006
 0.017175 0.000006 0.000006 0.000006 0.000006 0.006306 0.000006 0.000006 0.000006 0.005936 0.000130 0.000130 0.006182 0.000130 0.011738 0.944795 0.000377 0.007047 0.000006 0.000006
 0.017175 0.000006 0.000006 0.000006 0.000006 0.006306 0.000006 0.000006 0.000006 0.005936 0.000130 0.000130 0.915273 0.000130 0.011738 0.035704 0.000377 0.007047 0.000006 0.000006
 0.017175 0.000006 0.000006 0.000006 0.000006 0.915397 0.000006 0.000006 0.000006 0.005936 0.000130 0.000130 0.006182 0.000130 0.011738 0.035704 0.000377 0.007047 0.000006 0.000006
 0.926265 0.000006 0.000006 0.000006 0.000006 0.006306 0.000006 0.000006 0.000006 0.005936 0.000130 0.000130 0.006182 0.000130 0.011738 0.035704 0.000377 0.007047 0.000006 0.000006
 0.926265 0.000006 0.000006 0.000006 0.000006 0.006306 0.000006 0.000006 0.000006 0.005936 0.000130 0.000130 0.006182 0.000130 0.011738 0.035704 0.000377 0.007047 0.000006 0.000006
 0.017175 0.000006 0.000006 0.000006 0.000006 0.006306 0.000006 0.000006 0.000006 0.005936 0.000130 0.000130 0.006182 0.000130 0.011738 0.944795 0.000377 0.007047 0.000006 0.000006
 0.017175 0.000006 0.000006 0.000006 0.000006 0.006306 0.000006 0.000006 0.000006 0.005936 0.000130 0.000130 0.006182 0.000130 0.920828 0.035704 0.000377 0.007047 0.000006 0.000006
 0.017175 0.000006 0.000006 0.000006 0.000006 0.006306 0.000006 0.000006 0.000006 0.005936 0.000130 0.000130 0.006182 0.000130 0.011738 0.035704 0.000377 0.916138 0.000006 0.000006
 0.017175 0.000006 0.000006 0.000006 0.000006 0.006306 0.000006 0.000006 0.000006 0.005936 0.000130 0.000130 0.006182 0.000130 0.011738 0.944795 0.000377 0.007047 0.000006 0.000006
 0.017175 0.000006 0.000006 0.000006 0.000006 0.006306 0.000006 0.000006 0.000006 0.005936 0.000130 0.000130 0.006182 0.000130 0.011738 0.944795 0.000377 0.007047 0.000006 0.000006

MOTIF 2-PVG STREME-2
letter-probability matrix: alength= 20 w= 3 nsites= 1 S= 5.0e-001
 0.023819 0.000009 0.000009 0.000009 0.000009 0.008746 0.000009 0.000009 0.000009 0.008233 0.000180 0.000180 0.882494 0.000180 0.016279 0.049517 0.000523 0.009773 0.000009 0.000009
 0.023819 0.000009 0.000009 0.000009 0.000009 0.008746 0.000009 0.000009 0.000009 0.008233 0.000180 0.000180 0.008574 0.000180 0.016279 0.049517 0.000523 0.883693 0.000009 0.000009
 0.023819 0.000009 0.000009 0.000009 0.000009 0.882666 0.000009 0.000009 0.000009 0.008233 0.000180 0.000180 0.008574 0.000180 0.016279 0.049517 0.000523 0.009773 0.000009 0.000009

********************************************************************************
Stopped because the next motif had no positive sites with scores > 0.
********************************************************************************
COMMAND:	streme --protein --p ./Data/v1_cluster_windows_15mers/cluster_509.fasta --minw 3 --maxw 15 --thresh 0.05 --oc ./Results/v1_Top500_Run_20250504_162200/streme_out_cluster_509
********************************************************************************
CPU:		Hirokis-MacBook-Air.local
********************************************************************************
FINALTIME:	0.15 seconds
********************************************************************************
