********************************************************************************
STREME - Sensitive, Thorough, Rapid, Enriched Motif Elicitation
********************************************************************************
MEME version 5.5.7 (Release date: Wed Jun 19 13:59:04 2024 -0700)

For further information on how to interpret these results please access https://meme-suite.org/meme.
To get a copy of the MEME Suite software please access https://meme-suite.org.

********************************************************************************


********************************************************************************
REFERENCE
********************************************************************************
If you use this program in your research, please cite:

Timothy L. Bailey,
"STREME: accurate and versatile sequence motif discovery",
Bioinformatics, Mar. 24, 2021.
********************************************************************************


ALPHABET= ACDEFGHIKLMNPQRSTVWY

strands: +

Background letter frequencies
A 0.18 C 5.74e-05 D 0.00121 E 0.00465 F 0.0184 G 0.534 H 5.74e-05 I 0.00465 K 5.74e-05 L 0.0483 M 5.74e-05 N 5.74e-05 P 0.00695 Q 0.00235 R 0.133 S 0.0563 T 0.00235 V 5.74e-05 W 5.74e-05 Y 0.00695 

MOTIF 1-GRGGFGGRG STREME-1
letter-probability matrix: alength= 20 w= 9 nsites= 58 E= 2.0e-002
 0.016392 0.000005 0.000110 0.000423 0.001676 0.957631 0.000005 0.000423 0.000005 0.004389 0.000005 0.000005 0.000632 0.000214 0.012110 0.005119 0.000214 0.000005 0.000005 0.000632
 0.016392 0.000005 0.000110 0.000423 0.001676 0.048540 0.000005 0.000423 0.000005 0.004389 0.000005 0.000005 0.000632 0.000214 0.921201 0.005119 0.000214 0.000005 0.000005 0.000632
 0.016392 0.000005 0.000110 0.000423 0.001676 0.957631 0.000005 0.000423 0.000005 0.004389 0.000005 0.000005 0.000632 0.000214 0.012110 0.005119 0.000214 0.000005 0.000005 0.000632
 0.016392 0.000005 0.000110 0.000423 0.001676 0.957631 0.000005 0.000423 0.000005 0.004389 0.000005 0.000005 0.000632 0.000214 0.012110 0.005119 0.000214 0.000005 0.000005 0.000632
 0.016392 0.000005 0.000110 0.000423 0.910766 0.048540 0.000005 0.000423 0.000005 0.004389 0.000005 0.000005 0.000632 0.000214 0.012110 0.005119 0.000214 0.000005 0.000005 0.000632
 0.016392 0.000005 0.000110 0.000423 0.001676 0.957631 0.000005 0.000423 0.000005 0.004389 0.000005 0.000005 0.000632 0.000214 0.012110 0.005119 0.000214 0.000005 0.000005 0.000632
 0.016392 0.000005 0.000110 0.000423 0.001676 0.957631 0.000005 0.000423 0.000005 0.004389 0.000005 0.000005 0.000632 0.000214 0.012110 0.005119 0.000214 0.000005 0.000005 0.000632
 0.016392 0.000005 0.000110 0.000423 0.001676 0.048540 0.000005 0.000423 0.000005 0.004389 0.000005 0.000005 0.000632 0.000214 0.921201 0.005119 0.000214 0.000005 0.000005 0.000632
 0.016392 0.000005 0.000110 0.000423 0.001676 0.957631 0.000005 0.000423 0.000005 0.004389 0.000005 0.000005 0.000632 0.000214 0.012110 0.005119 0.000214 0.000005 0.000005 0.000632

MOTIF 2-AAASGG STREME-2
letter-probability matrix: alength= 20 w= 6 nsites= 50 E= 2.0e-002
 0.997992 0.000000 0.000003 0.000011 0.000045 0.001308 0.000000 0.000011 0.000000 0.000118 0.000000 0.000000 0.000017 0.000006 0.000326 0.000138 0.000006 0.000000 0.000000 0.000017
 0.997992 0.000000 0.000003 0.000011 0.000045 0.001308 0.000000 0.000011 0.000000 0.000118 0.000000 0.000000 0.000017 0.000006 0.000326 0.000138 0.000006 0.000000 0.000000 0.000017
 0.997992 0.000000 0.000003 0.000011 0.000045 0.001308 0.000000 0.000011 0.000000 0.000118 0.000000 0.000000 0.000017 0.000006 0.000326 0.000138 0.000006 0.000000 0.000000 0.000017
 0.000442 0.000000 0.000003 0.000011 0.000045 0.070678 0.000000 0.000011 0.000000 0.000118 0.000000 0.000000 0.000017 0.000006 0.000326 0.911334 0.016990 0.000000 0.000000 0.000017
 0.000442 0.000000 0.000003 0.069382 0.000045 0.929488 0.000000 0.000011 0.000000 0.000118 0.000000 0.000000 0.000017 0.000006 0.000326 0.000138 0.000006 0.000000 0.000000 0.000017
 0.000442 0.000000 0.000003 0.000011 0.000045 0.998858 0.000000 0.000011 0.000000 0.000118 0.000000 0.000000 0.000017 0.000006 0.000326 0.000138 0.000006 0.000000 0.000000 0.000017

MOTIF 3-AGPGGY STREME-3
letter-probability matrix: alength= 20 w= 6 nsites= 6 E= 5.0e+000
 0.925483 0.000005 0.000110 0.000423 0.001676 0.048540 0.000005 0.000423 0.000005 0.004389 0.000005 0.000005 0.000632 0.000214 0.012110 0.005119 0.000214 0.000005 0.000005 0.000632
 0.016392 0.000005 0.000110 0.000423 0.001676 0.957631 0.000005 0.000423 0.000005 0.004389 0.000005 0.000005 0.000632 0.000214 0.012110 0.005119 0.000214 0.000005 0.000005 0.000632
 0.016392 0.000005 0.000110 0.000423 0.001676 0.048540 0.000005 0.000423 0.000005 0.004389 0.000005 0.000005 0.909722 0.000214 0.012110 0.005119 0.000214 0.000005 0.000005 0.000632
 0.016392 0.000005 0.000110 0.000423 0.001676 0.957631 0.000005 0.000423 0.000005 0.004389 0.000005 0.000005 0.000632 0.000214 0.012110 0.005119 0.000214 0.000005 0.000005 0.000632
 0.016392 0.000005 0.000110 0.000423 0.001676 0.957631 0.000005 0.000423 0.000005 0.004389 0.000005 0.000005 0.000632 0.000214 0.012110 0.005119 0.000214 0.000005 0.000005 0.000632
 0.016392 0.000005 0.000110 0.000423 0.001676 0.048540 0.000005 0.000423 0.000005 0.004389 0.000005 0.000005 0.000632 0.000214 0.012110 0.005119 0.000214 0.000005 0.000005 0.909722

MOTIF 4-TASGG STREME-4
letter-probability matrix: alength= 20 w= 5 nsites= 1 E= 5.0e+000
 0.022734 0.000007 0.000152 0.000586 0.002324 0.067319 0.000007 0.000586 0.000007 0.006088 0.000007 0.000007 0.000876 0.000297 0.016795 0.007100 0.874217 0.000007 0.000007 0.000876
 0.896654 0.000007 0.000152 0.000586 0.002324 0.067319 0.000007 0.000586 0.000007 0.006088 0.000007 0.000007 0.000876 0.000297 0.016795 0.007100 0.000297 0.000007 0.000007 0.000876
 0.022734 0.000007 0.000152 0.000586 0.002324 0.067319 0.000007 0.000586 0.000007 0.006088 0.000007 0.000007 0.000876 0.000297 0.016795 0.881020 0.000297 0.000007 0.000007 0.000876
 0.022734 0.000007 0.000152 0.000586 0.002324 0.941239 0.000007 0.000586 0.000007 0.006088 0.000007 0.000007 0.000876 0.000297 0.016795 0.007100 0.000297 0.000007 0.000007 0.000876
 0.022734 0.000007 0.000152 0.000586 0.002324 0.941239 0.000007 0.000586 0.000007 0.006088 0.000007 0.000007 0.000876 0.000297 0.016795 0.007100 0.000297 0.000007 0.000007 0.000876

MOTIF 5-ADG STREME-5
letter-probability matrix: alength= 20 w= 3 nsites= 1 E= 5.0e+000
 0.925483 0.000005 0.000110 0.000423 0.001676 0.048540 0.000005 0.000423 0.000005 0.004389 0.000005 0.000005 0.000632 0.000214 0.012110 0.005119 0.000214 0.000005 0.000005 0.000632
 0.016392 0.000005 0.909201 0.000423 0.001676 0.048540 0.000005 0.000423 0.000005 0.004389 0.000005 0.000005 0.000632 0.000214 0.012110 0.005119 0.000214 0.000005 0.000005 0.000632
 0.016392 0.000005 0.000110 0.000423 0.001676 0.957631 0.000005 0.000423 0.000005 0.004389 0.000005 0.000005 0.000632 0.000214 0.012110 0.005119 0.000214 0.000005 0.000005 0.000632

********************************************************************************
Stopped because 3 consecutive motifs exceeded the p-value threshold (0.05).
********************************************************************************
COMMAND:	streme --protein --p ./Data/v1_cluster_windows_15mers/cluster_17172.fasta --minw 3 --maxw 15 --thresh 0.05 --oc ./Results/v1_Top500_Run_20250504_162200/streme_out_cluster_17172
********************************************************************************
CPU:		Hirokis-MacBook-Air.local
********************************************************************************
FINALTIME:	0.19 seconds
********************************************************************************
