********************************************************************************
STREME - Sensitive, Thorough, Rapid, Enriched Motif Elicitation
********************************************************************************
MEME version 5.5.7 (Release date: Wed Jun 19 13:59:04 2024 -0700)

For further information on how to interpret these results please access https://meme-suite.org/meme.
To get a copy of the MEME Suite software please access https://meme-suite.org.

********************************************************************************


********************************************************************************
REFERENCE
********************************************************************************
If you use this program in your research, please cite:

Timothy L. Bailey,
"STREME: accurate and versatile sequence motif discovery",
Bioinformatics, Mar. 24, 2021.
********************************************************************************


ALPHABET= ACDEFGHIKLMNPQRSTVWY

strands: +

Background letter frequencies
A 0.51 C 7.92e-05 D 7.92e-05 E 0.0302 F 7.92e-05 G 0.0603 H 7.92e-05 I 7.92e-05 K 7.92e-05 L 0.0318 M 7.92e-05 N 7.92e-05 P 0.0159 Q 0.0254 R 7.92e-05 S 0.257 T 0.0159 V 0.0334 W 7.92e-05 Y 0.0191 

MOTIF 1-SSAAAAAAA STREME-1
letter-probability matrix: alength= 20 w= 9 nsites= 42 S= 6.0e-025
 0.001206 0.000000 0.000000 0.000071 0.000000 0.000142 0.000000 0.000000 0.000000 0.000075 0.000000 0.000000 0.000038 0.000060 0.000000 0.998244 0.000038 0.000079 0.000000 0.000045
 0.085140 0.000000 0.000000 0.000071 0.000000 0.000142 0.000000 0.000000 0.000000 0.000075 0.000000 0.000000 0.000038 0.000060 0.000000 0.914310 0.000038 0.000079 0.000000 0.000045
 0.944324 0.000000 0.000000 0.000071 0.000000 0.000142 0.000000 0.000000 0.000000 0.000075 0.000000 0.000000 0.000038 0.000060 0.000000 0.055126 0.000038 0.000079 0.000000 0.000045
 0.944324 0.000000 0.000000 0.000071 0.000000 0.000142 0.000000 0.000000 0.000000 0.000075 0.000000 0.000000 0.000038 0.000060 0.000000 0.055126 0.000038 0.000079 0.000000 0.000045
 0.998843 0.000000 0.000000 0.000071 0.000000 0.000142 0.000000 0.000000 0.000000 0.000075 0.000000 0.000000 0.000038 0.000060 0.000000 0.000607 0.000038 0.000079 0.000000 0.000045
 0.998843 0.000000 0.000000 0.000071 0.000000 0.000142 0.000000 0.000000 0.000000 0.000075 0.000000 0.000000 0.000038 0.000060 0.000000 0.000607 0.000038 0.000079 0.000000 0.000045
 0.998843 0.000000 0.000000 0.000071 0.000000 0.000142 0.000000 0.000000 0.000000 0.000075 0.000000 0.000000 0.000038 0.000060 0.000000 0.000607 0.000038 0.000079 0.000000 0.000045
 0.982470 0.000000 0.000000 0.000071 0.000000 0.000142 0.000000 0.000000 0.000000 0.000075 0.000000 0.000000 0.000038 0.000060 0.000000 0.016980 0.000038 0.000079 0.000000 0.000045
 0.982470 0.000000 0.000000 0.000071 0.000000 0.000142 0.000000 0.000000 0.000000 0.000075 0.000000 0.000000 0.000038 0.016434 0.000000 0.000607 0.000038 0.000079 0.000000 0.000045

MOTIF 2-SQV STREME-2
letter-probability matrix: alength= 20 w= 3 nsites= 25 S= 1.7e-010
 0.002784 0.000000 0.000000 0.000165 0.000000 0.000329 0.000000 0.000000 0.000000 0.000173 0.000000 0.000000 0.000087 0.000139 0.000000 0.995946 0.000087 0.000182 0.000000 0.000104
 0.002784 0.000000 0.000000 0.237457 0.000000 0.000329 0.000000 0.000000 0.000000 0.279642 0.000000 0.000000 0.000087 0.477924 0.000000 0.001401 0.000087 0.000182 0.000000 0.000104
 0.002784 0.000000 0.000000 0.000165 0.000000 0.000329 0.000000 0.000000 0.000000 0.000173 0.000000 0.000000 0.000087 0.000139 0.000000 0.001401 0.000087 0.839420 0.000000 0.155411

MOTIF 3-ETS STREME-3
letter-probability matrix: alength= 20 w= 3 nsites= 4 S= 5.8e-002
 0.046399 0.000007 0.000007 0.911835 0.000007 0.005482 0.000007 0.000007 0.000007 0.002888 0.000007 0.000007 0.001448 0.002313 0.000007 0.023345 0.001448 0.003033 0.000007 0.001736
 0.046399 0.000007 0.000007 0.002745 0.000007 0.005482 0.000007 0.000007 0.000007 0.002888 0.000007 0.000007 0.001448 0.002313 0.000007 0.023345 0.910539 0.003033 0.000007 0.001736
 0.046399 0.000007 0.000007 0.002745 0.000007 0.005482 0.000007 0.000007 0.000007 0.002888 0.000007 0.000007 0.001448 0.002313 0.000007 0.932436 0.001448 0.003033 0.000007 0.001736

MOTIF 4-YGL STREME-4
letter-probability matrix: alength= 20 w= 3 nsites= 4 S= 5.8e-002
 0.046399 0.000007 0.000007 0.002745 0.000007 0.005482 0.000007 0.000007 0.000007 0.002888 0.000007 0.000007 0.001448 0.002313 0.000007 0.023345 0.001448 0.003033 0.000007 0.910827
 0.046399 0.000007 0.000007 0.002745 0.000007 0.914573 0.000007 0.000007 0.000007 0.002888 0.000007 0.000007 0.001448 0.002313 0.000007 0.023345 0.001448 0.003033 0.000007 0.001736
 0.046399 0.000007 0.000007 0.002745 0.000007 0.005482 0.000007 0.000007 0.000007 0.911979 0.000007 0.000007 0.001448 0.002313 0.000007 0.023345 0.001448 0.003033 0.000007 0.001736

MOTIF 5-GPG STREME-5
letter-probability matrix: alength= 20 w= 3 nsites= 3 S= 1.2e-001
 0.046399 0.000007 0.000007 0.002745 0.000007 0.914573 0.000007 0.000007 0.000007 0.002888 0.000007 0.000007 0.001448 0.002313 0.000007 0.023345 0.001448 0.003033 0.000007 0.001736
 0.046399 0.000007 0.000007 0.002745 0.000007 0.005482 0.000007 0.000007 0.000007 0.002888 0.000007 0.000007 0.910539 0.002313 0.000007 0.023345 0.001448 0.003033 0.000007 0.001736
 0.046399 0.000007 0.000007 0.002745 0.000007 0.914573 0.000007 0.000007 0.000007 0.002888 0.000007 0.000007 0.001448 0.002313 0.000007 0.023345 0.001448 0.003033 0.000007 0.001736

********************************************************************************
Stopped because maximum number of motifs (5) reached.
********************************************************************************
COMMAND:	streme --protein --p ./Data/v1_cluster_windows_15mers/cluster_15886.fasta --minw 3 --maxw 15 --thresh 0.05 --oc ./Results/v1_Top500_Run_20250504_162200/streme_out_cluster_15886
********************************************************************************
CPU:		Hirokis-MacBook-Air.local
********************************************************************************
FINALTIME:	0.22 seconds
********************************************************************************
