********************************************************************************
STREME - Sensitive, Thorough, Rapid, Enriched Motif Elicitation
********************************************************************************
MEME version 5.5.7 (Release date: Wed Jun 19 13:59:04 2024 -0700)

For further information on how to interpret these results please access https://meme-suite.org/meme.
To get a copy of the MEME Suite software please access https://meme-suite.org.

********************************************************************************


********************************************************************************
REFERENCE
********************************************************************************
If you use this program in your research, please cite:

Timothy L. Bailey,
"STREME: accurate and versatile sequence motif discovery",
Bioinformatics, Mar. 24, 2021.
********************************************************************************


ALPHABET= ACDEFGHIKLMNPQRSTVWY

strands: +

Background letter frequencies
A 0.135 C 5.64e-05 D 0.0283 E 0.0057 F 0.00118 G 0.12 H 5.64e-05 I 0.0113 K 0.00231 L 0.0858 M 0.00683 N 0.12 P 0.0057 Q 0.0655 R 0.00796 S 0.15 T 0.0294 V 0.225 W 5.64e-05 Y 5.64e-05 

MOTIF 1-SALNAVQNA STREME-1
letter-probability matrix: alength= 20 w= 9 nsites= 59 E= 2.0e-002
 0.000399 0.000000 0.000083 0.000017 0.000003 0.351608 0.000000 0.000033 0.000007 0.000253 0.000020 0.123858 0.000017 0.000193 0.020422 0.502339 0.000087 0.000661 0.000000 0.000000
 0.513984 0.000000 0.000083 0.000017 0.000003 0.000352 0.000000 0.000033 0.000007 0.000253 0.000020 0.000352 0.000017 0.000193 0.000023 0.166159 0.317842 0.000661 0.000000 0.000000
 0.000399 0.000000 0.000083 0.000017 0.000003 0.000352 0.000000 0.000033 0.000007 0.997310 0.000020 0.000352 0.000017 0.000193 0.000023 0.000442 0.000087 0.000661 0.000000 0.000000
 0.000399 0.000000 0.000083 0.000017 0.000003 0.000352 0.000000 0.000033 0.000007 0.000253 0.000020 0.894302 0.000017 0.000193 0.000023 0.103549 0.000087 0.000661 0.000000 0.000000
 0.454201 0.000000 0.000083 0.000017 0.000003 0.000352 0.000000 0.020432 0.000007 0.102799 0.062053 0.000352 0.000017 0.000193 0.000023 0.000442 0.040884 0.318140 0.000000 0.000000
 0.000399 0.000000 0.000083 0.000017 0.000003 0.000352 0.000000 0.000033 0.000007 0.000253 0.000020 0.000352 0.000017 0.000193 0.000023 0.000442 0.000087 0.997718 0.000000 0.000000
 0.000399 0.000000 0.000083 0.000017 0.000003 0.020751 0.000000 0.000033 0.000007 0.000253 0.000020 0.000352 0.000017 0.914818 0.062057 0.000442 0.000087 0.000661 0.000000 0.000000
 0.103229 0.000000 0.020482 0.000017 0.000003 0.103459 0.000000 0.000033 0.041081 0.000253 0.000020 0.482971 0.000017 0.061665 0.000023 0.102712 0.083372 0.000661 0.000000 0.000000
 0.689809 0.000000 0.000083 0.000017 0.000003 0.000352 0.000000 0.000033 0.000007 0.000253 0.000020 0.000352 0.000017 0.000193 0.000023 0.287691 0.020485 0.000661 0.000000 0.000000

MOTIF 2-SVGVG STREME-2
letter-probability matrix: alength= 20 w= 5 nsites= 56 E= 1.2e-001
 0.000368 0.000000 0.000077 0.000015 0.000003 0.000325 0.000000 0.000031 0.000006 0.000233 0.000019 0.000325 0.037632 0.000178 0.000022 0.903398 0.056759 0.000610 0.000000 0.000000
 0.408780 0.000000 0.037948 0.000015 0.000003 0.019133 0.000000 0.000031 0.000006 0.000233 0.000019 0.000325 0.000015 0.000178 0.000022 0.095475 0.000080 0.437737 0.000000 0.000000
 0.000368 0.000000 0.000077 0.037632 0.000003 0.959995 0.000000 0.000031 0.000006 0.000233 0.000019 0.000325 0.000015 0.000178 0.000022 0.000408 0.000080 0.000610 0.000000 0.000000
 0.000368 0.000000 0.000077 0.000015 0.000003 0.000325 0.000000 0.000031 0.000006 0.158265 0.000019 0.000325 0.000015 0.000178 0.000022 0.000408 0.000080 0.839864 0.000000 0.000000
 0.000368 0.000000 0.312803 0.018824 0.000003 0.384160 0.000000 0.000031 0.000006 0.000233 0.000019 0.282242 0.000015 0.000178 0.000022 0.000408 0.000080 0.000610 0.000000 0.000000

MOTIF 3-VSSD STREME-3
letter-probability matrix: alength= 20 w= 4 nsites= 1 E= 5.0e+000
 0.017082 0.000007 0.003564 0.000719 0.000149 0.015091 0.000007 0.001430 0.000292 0.010822 0.000861 0.015091 0.000719 0.008260 0.001003 0.018936 0.003706 0.902248 0.000007 0.000007
 0.017082 0.000007 0.003564 0.000719 0.000149 0.015091 0.000007 0.001430 0.000292 0.010822 0.000861 0.015091 0.000719 0.008260 0.001003 0.892856 0.003706 0.028328 0.000007 0.000007
 0.017082 0.000007 0.003564 0.000719 0.000149 0.015091 0.000007 0.001430 0.000292 0.010822 0.000861 0.015091 0.000719 0.008260 0.001003 0.892856 0.003706 0.028328 0.000007 0.000007
 0.017082 0.000007 0.877484 0.000719 0.000149 0.015091 0.000007 0.001430 0.000292 0.010822 0.000861 0.015091 0.000719 0.008260 0.001003 0.018936 0.003706 0.028328 0.000007 0.000007

MOTIF 4-ATV STREME-4
letter-probability matrix: alength= 20 w= 3 nsites= 1 E= 5.0e+000
 0.921408 0.000005 0.002570 0.000518 0.000108 0.010881 0.000005 0.001031 0.000210 0.007803 0.000621 0.010881 0.000518 0.005956 0.000723 0.013653 0.002673 0.020426 0.000005 0.000005
 0.012317 0.000005 0.002570 0.000518 0.000108 0.010881 0.000005 0.001031 0.000210 0.007803 0.000621 0.010881 0.000518 0.005956 0.000723 0.013653 0.911763 0.020426 0.000005 0.000005
 0.012317 0.000005 0.002570 0.000518 0.000108 0.010881 0.000005 0.001031 0.000210 0.007803 0.000621 0.010881 0.000518 0.005956 0.000723 0.013653 0.002673 0.929517 0.000005 0.000005

MOTIF 5-EAS STREME-5
letter-probability matrix: alength= 20 w= 3 nsites= 1 E= 5.0e+000
 0.012317 0.000005 0.002570 0.909609 0.000108 0.010881 0.000005 0.001031 0.000210 0.007803 0.000621 0.010881 0.000518 0.005956 0.000723 0.013653 0.002673 0.020426 0.000005 0.000005
 0.921408 0.000005 0.002570 0.000518 0.000108 0.010881 0.000005 0.001031 0.000210 0.007803 0.000621 0.010881 0.000518 0.005956 0.000723 0.013653 0.002673 0.020426 0.000005 0.000005
 0.012317 0.000005 0.002570 0.000518 0.000108 0.010881 0.000005 0.001031 0.000210 0.007803 0.000621 0.010881 0.000518 0.005956 0.000723 0.922744 0.002673 0.020426 0.000005 0.000005

********************************************************************************
Stopped because 3 consecutive motifs exceeded the p-value threshold (0.05).
********************************************************************************
COMMAND:	streme --protein --p ./Data/v1_cluster_windows_15mers/cluster_5168.fasta --minw 3 --maxw 15 --thresh 0.05 --oc ./Results/v1_Top500_Run_20250504_162200/streme_out_cluster_5168
********************************************************************************
CPU:		Hirokis-MacBook-Air.local
********************************************************************************
FINALTIME:	0.18 seconds
********************************************************************************
