********************************************************************************
STREME - Sensitive, Thorough, Rapid, Enriched Motif Elicitation
********************************************************************************
MEME version 5.5.7 (Release date: Wed Jun 19 13:59:04 2024 -0700)

For further information on how to interpret these results please access https://meme-suite.org/meme.
To get a copy of the MEME Suite software please access https://meme-suite.org.

********************************************************************************


********************************************************************************
REFERENCE
********************************************************************************
If you use this program in your research, please cite:

Timothy L. Bailey,
"STREME: accurate and versatile sequence motif discovery",
Bioinformatics, Mar. 24, 2021.
********************************************************************************


ALPHABET= ACDEFGHIKLMNPQRSTVWY

strands: +

Background letter frequencies
A 0.0252 C 0.000607 D 0.000311 E 0.0661 F 0.0086 G 0.00772 H 0.056 I 0.148 K 0.000311 L 0.275 M 0.0086 N 0.0145 P 1.48e-05 Q 0.00268 R 1.48e-05 S 0.223 T 0.00712 V 0.151 W 0.000311 Y 0.00387 

MOTIF 1-VLLEIVSSLIHILSS STREME-1
letter-probability matrix: alength= 20 w= 15 nsites= 224 E= 1.9e-012
 0.191004 0.000000 0.000000 0.000047 0.000006 0.000005 0.000040 0.000105 0.000000 0.000194 0.019669 0.000010 0.000000 0.000002 0.000000 0.009936 0.019580 0.759398 0.000000 0.000003
 0.000018 0.000000 0.000000 0.000047 0.004896 0.000005 0.000040 0.000105 0.000000 0.984803 0.009802 0.000010 0.000000 0.000002 0.000000 0.000158 0.000005 0.000107 0.000000 0.000003
 0.014704 0.000000 0.000000 0.000047 0.000006 0.000005 0.000040 0.000105 0.000000 0.945652 0.039157 0.000010 0.000000 0.000002 0.000000 0.000158 0.000005 0.000107 0.000000 0.000003
 0.000018 0.000000 0.000000 0.994452 0.000006 0.000005 0.000040 0.000105 0.000000 0.000194 0.000006 0.004900 0.000000 0.000002 0.000000 0.000158 0.000005 0.000107 0.000000 0.000003
 0.000018 0.000000 0.000000 0.000047 0.000006 0.000005 0.000040 0.656401 0.000000 0.137414 0.009802 0.004900 0.000000 0.000002 0.000000 0.000158 0.004894 0.186310 0.000000 0.000003
 0.004907 0.000000 0.000000 0.000047 0.000006 0.000005 0.000040 0.157112 0.000000 0.044216 0.014692 0.000010 0.000000 0.000002 0.000000 0.000158 0.004894 0.773907 0.000000 0.000003
 0.073729 0.000000 0.000000 0.000047 0.000006 0.009802 0.000040 0.000105 0.000000 0.000194 0.000006 0.000010 0.000000 0.000002 0.000000 0.881666 0.019563 0.014828 0.000000 0.000003
 0.000018 0.000000 0.000000 0.000047 0.000006 0.000005 0.000040 0.000105 0.000000 0.000194 0.000006 0.000010 0.000000 0.000002 0.000000 0.999452 0.000005 0.000107 0.000000 0.000003
 0.000018 0.000000 0.000000 0.000047 0.004896 0.000005 0.000040 0.000105 0.000000 0.979931 0.004896 0.000010 0.000000 0.000002 0.000000 0.000158 0.000005 0.009886 0.000000 0.000003
 0.000018 0.000000 0.000000 0.000047 0.004896 0.000005 0.000040 0.675923 0.000000 0.009990 0.004896 0.000010 0.000000 0.000002 0.000000 0.000158 0.004894 0.299118 0.000000 0.000003
 0.024500 0.000000 0.000000 0.000047 0.000006 0.000005 0.842679 0.000105 0.000000 0.005083 0.000006 0.000010 0.000000 0.034246 0.000000 0.039291 0.039243 0.009886 0.000000 0.004892
 0.000018 0.000000 0.000000 0.000047 0.000006 0.000005 0.000040 0.762595 0.000000 0.024659 0.009785 0.000010 0.000000 0.000002 0.000000 0.000158 0.000005 0.202667 0.000000 0.000003
 0.000018 0.000000 0.000000 0.000047 0.000006 0.000005 0.000040 0.000105 0.000000 0.979826 0.019669 0.000010 0.000000 0.000002 0.000000 0.000158 0.000005 0.000107 0.000000 0.000003
 0.004907 0.000000 0.000000 0.000047 0.000006 0.083337 0.000040 0.000105 0.004890 0.000194 0.000006 0.207546 0.000000 0.000002 0.000000 0.698806 0.000005 0.000107 0.000000 0.000003
 0.044662 0.004890 0.000000 0.000047 0.094647 0.019581 0.000040 0.000105 0.000000 0.000194 0.000006 0.004900 0.000000 0.004891 0.000000 0.737844 0.019563 0.009886 0.000000 0.058746

MOTIF 2-FSLLGS STREME-2
letter-probability matrix: alength= 20 w= 6 nsites= 1 E= 4.0e+000
 0.002290 0.000055 0.000028 0.006006 0.909873 0.000701 0.005091 0.013490 0.000028 0.024989 0.000782 0.001321 0.000001 0.000244 0.000001 0.020308 0.000648 0.013763 0.000028 0.000351
 0.002290 0.000055 0.000028 0.006006 0.000782 0.000701 0.005091 0.013490 0.000028 0.024989 0.000782 0.001321 0.000001 0.000244 0.000001 0.929399 0.000648 0.013763 0.000028 0.000351
 0.002290 0.000055 0.000028 0.006006 0.000782 0.000701 0.005091 0.013490 0.000028 0.934080 0.000782 0.001321 0.000001 0.000244 0.000001 0.020308 0.000648 0.013763 0.000028 0.000351
 0.002290 0.000055 0.000028 0.006006 0.000782 0.000701 0.005091 0.013490 0.000028 0.934080 0.000782 0.001321 0.000001 0.000244 0.000001 0.020308 0.000648 0.013763 0.000028 0.000351
 0.002290 0.000055 0.000028 0.006006 0.000782 0.909792 0.005091 0.013490 0.000028 0.024989 0.000782 0.001321 0.000001 0.000244 0.000001 0.020308 0.000648 0.013763 0.000028 0.000351
 0.002290 0.000055 0.000028 0.006006 0.000782 0.000701 0.005091 0.013490 0.000028 0.024989 0.000782 0.001321 0.000001 0.000244 0.000001 0.929399 0.000648 0.013763 0.000028 0.000351

MOTIF 3-VLSSL STREME-3
letter-probability matrix: alength= 20 w= 5 nsites= 1 E= 4.0e+000
 0.003176 0.000077 0.000039 0.008330 0.001085 0.000973 0.007060 0.018709 0.000039 0.034657 0.001085 0.001832 0.000002 0.000338 0.000002 0.028165 0.000898 0.893007 0.000039 0.000487
 0.003176 0.000077 0.000039 0.008330 0.001085 0.000973 0.007060 0.018709 0.000039 0.908577 0.001085 0.001832 0.000002 0.000338 0.000002 0.028165 0.000898 0.019087 0.000039 0.000487
 0.003176 0.000077 0.000039 0.008330 0.001085 0.000973 0.007060 0.018709 0.000039 0.034657 0.001085 0.001832 0.000002 0.000338 0.000002 0.902085 0.000898 0.019087 0.000039 0.000487
 0.003176 0.000077 0.000039 0.008330 0.001085 0.000973 0.007060 0.018709 0.000039 0.034657 0.001085 0.001832 0.000002 0.000338 0.000002 0.902085 0.000898 0.019087 0.000039 0.000487
 0.003176 0.000077 0.000039 0.008330 0.001085 0.000973 0.007060 0.018709 0.000039 0.908577 0.001085 0.001832 0.000002 0.000338 0.000002 0.028165 0.000898 0.019087 0.000039 0.000487

MOTIF 4-FSL STREME-4
letter-probability matrix: alength= 20 w= 3 nsites= 1 E= 4.0e+000
 0.002290 0.000055 0.000028 0.006006 0.909873 0.000701 0.005091 0.013490 0.000028 0.024989 0.000782 0.001321 0.000001 0.000244 0.000001 0.020308 0.000648 0.013763 0.000028 0.000351
 0.002290 0.000055 0.000028 0.006006 0.000782 0.000701 0.005091 0.013490 0.000028 0.024989 0.000782 0.001321 0.000001 0.000244 0.000001 0.929399 0.000648 0.013763 0.000028 0.000351
 0.002290 0.000055 0.000028 0.006006 0.000782 0.000701 0.005091 0.013490 0.000028 0.934080 0.000782 0.001321 0.000001 0.000244 0.000001 0.020308 0.000648 0.013763 0.000028 0.000351

********************************************************************************
Stopped because 3 consecutive motifs exceeded the p-value threshold (0.05).
********************************************************************************
COMMAND:	streme --protein --p ./Data/v1_cluster_windows_15mers/cluster_11380.fasta --minw 3 --maxw 15 --thresh 0.05 --oc ./Results/v1_Top500_Run_20250504_162200/streme_out_cluster_11380
********************************************************************************
CPU:		Hirokis-MacBook-Air.local
********************************************************************************
FINALTIME:	0.43 seconds
********************************************************************************
