********************************************************************************
STREME - Sensitive, Thorough, Rapid, Enriched Motif Elicitation
********************************************************************************
MEME version 5.5.7 (Release date: Wed Jun 19 13:59:04 2024 -0700)

For further information on how to interpret these results please access https://meme-suite.org/meme.
To get a copy of the MEME Suite software please access https://meme-suite.org.

********************************************************************************


********************************************************************************
REFERENCE
********************************************************************************
If you use this program in your research, please cite:

Timothy L. Bailey,
"STREME: accurate and versatile sequence motif discovery",
Bioinformatics, Mar. 24, 2021.
********************************************************************************


ALPHABET= ACDEFGHIKLMNPQRSTVWY

strands: +

Background letter frequencies
A 0.496 C 7.4e-05 D 7.4e-05 E 7.4e-05 F 7.4e-05 G 0.283 H 7.4e-05 I 0.00155 K 7.4e-05 L 0.0652 M 7.4e-05 N 7.4e-05 P 7.4e-05 Q 0.0666 R 0.00895 S 0.0711 T 0.00303 V 0.00451 W 7.4e-05 Y 7.4e-05 

MOTIF 1-LGGQGAGSAAAAAAG STREME-1
letter-probability matrix: alength= 20 w= 15 nsites= 45 S= 9.6e-027
 0.045057 0.000007 0.000007 0.000007 0.000007 0.025692 0.000007 0.000141 0.000007 0.915015 0.000007 0.000007 0.000007 0.006059 0.000814 0.006462 0.000276 0.000410 0.000007 0.000007
 0.045057 0.000007 0.000007 0.000007 0.000007 0.934783 0.000007 0.000141 0.000007 0.005924 0.000007 0.000007 0.000007 0.006059 0.000814 0.006462 0.000276 0.000410 0.000007 0.000007
 0.045057 0.000007 0.000007 0.000007 0.000007 0.934783 0.000007 0.000141 0.000007 0.005924 0.000007 0.000007 0.000007 0.006059 0.000814 0.006462 0.000276 0.000410 0.000007 0.000007
 0.045057 0.000007 0.000007 0.000007 0.000007 0.025692 0.000007 0.000141 0.000007 0.005924 0.000007 0.000007 0.000007 0.915149 0.000814 0.006462 0.000276 0.000410 0.000007 0.000007
 0.045057 0.000007 0.000007 0.000007 0.000007 0.934783 0.000007 0.000141 0.000007 0.005924 0.000007 0.000007 0.000007 0.006059 0.000814 0.006462 0.000276 0.000410 0.000007 0.000007
 0.954148 0.000007 0.000007 0.000007 0.000007 0.025692 0.000007 0.000141 0.000007 0.005924 0.000007 0.000007 0.000007 0.006059 0.000814 0.006462 0.000276 0.000410 0.000007 0.000007
 0.045057 0.000007 0.000007 0.000007 0.000007 0.934783 0.000007 0.000141 0.000007 0.005924 0.000007 0.000007 0.000007 0.006059 0.000814 0.006462 0.000276 0.000410 0.000007 0.000007
 0.045057 0.000007 0.000007 0.000007 0.000007 0.025692 0.000007 0.000141 0.000007 0.005924 0.000007 0.000007 0.000007 0.006059 0.000814 0.915553 0.000276 0.000410 0.000007 0.000007
 0.954148 0.000007 0.000007 0.000007 0.000007 0.025692 0.000007 0.000141 0.000007 0.005924 0.000007 0.000007 0.000007 0.006059 0.000814 0.006462 0.000276 0.000410 0.000007 0.000007
 0.954148 0.000007 0.000007 0.000007 0.000007 0.025692 0.000007 0.000141 0.000007 0.005924 0.000007 0.000007 0.000007 0.006059 0.000814 0.006462 0.000276 0.000410 0.000007 0.000007
 0.954148 0.000007 0.000007 0.000007 0.000007 0.025692 0.000007 0.000141 0.000007 0.005924 0.000007 0.000007 0.000007 0.006059 0.000814 0.006462 0.000276 0.000410 0.000007 0.000007
 0.954148 0.000007 0.000007 0.000007 0.000007 0.025692 0.000007 0.000141 0.000007 0.005924 0.000007 0.000007 0.000007 0.006059 0.000814 0.006462 0.000276 0.000410 0.000007 0.000007
 0.954148 0.000007 0.000007 0.000007 0.000007 0.025692 0.000007 0.000141 0.000007 0.005924 0.000007 0.000007 0.000007 0.006059 0.000814 0.006462 0.000276 0.000410 0.000007 0.000007
 0.954148 0.000007 0.000007 0.000007 0.000007 0.025692 0.000007 0.000141 0.000007 0.005924 0.000007 0.000007 0.000007 0.006059 0.000814 0.006462 0.000276 0.000410 0.000007 0.000007
 0.045057 0.000007 0.000007 0.000007 0.000007 0.934783 0.000007 0.000141 0.000007 0.005924 0.000007 0.000007 0.000007 0.006059 0.000814 0.006462 0.000276 0.000410 0.000007 0.000007

********************************************************************************
Stopped because the next motif had no positive sites with scores > 0.
********************************************************************************
COMMAND:	streme --protein --p ./Data/v1_cluster_windows_15mers/cluster_11712.fasta --minw 3 --maxw 15 --thresh 0.05 --oc ./Results/v1_Top500_Run_20250504_162200/streme_out_cluster_11712
********************************************************************************
CPU:		Hirokis-MacBook-Air.local
********************************************************************************
FINALTIME:	0.13 seconds
********************************************************************************
