********************************************************************************
STREME - Sensitive, Thorough, Rapid, Enriched Motif Elicitation
********************************************************************************
MEME version 5.5.7 (Release date: Wed Jun 19 13:59:04 2024 -0700)

For further information on how to interpret these results please access https://meme-suite.org/meme.
To get a copy of the MEME Suite software please access https://meme-suite.org.

********************************************************************************


********************************************************************************
REFERENCE
********************************************************************************
If you use this program in your research, please cite:

Timothy L. Bailey,
"STREME: accurate and versatile sequence motif discovery",
Bioinformatics, Mar. 24, 2021.
********************************************************************************


ALPHABET= ACDEFGHIKLMNPQRSTVWY

strands: +

Background letter frequencies
A 0.0941 C 7.24e-05 D 0.042 E 0.00297 F 0.00441 G 0.172 H 7.24e-05 I 0.0551 K 7.24e-05 L 0.0739 M 0.00441 N 0.0898 P 0.00731 Q 0.00441 R 7.24e-05 S 0.282 T 0.0232 V 0.111 W 7.24e-05 Y 0.0319 

MOTIF 1-LGSANIGSVBYS STREME-1
letter-probability matrix: alength= 20 w= 12 nsites= 46 S= 2.4e-027
 0.000298 0.000000 0.000133 0.000009 0.000014 0.000545 0.000000 0.066286 0.000000 0.909039 0.000014 0.000284 0.000023 0.000014 0.000000 0.000893 0.000073 0.022273 0.000000 0.000101
 0.022218 0.000000 0.000133 0.000009 0.000014 0.557220 0.000000 0.000174 0.000000 0.000234 0.000014 0.022205 0.000023 0.000014 0.000000 0.397214 0.000073 0.000353 0.000000 0.000101
 0.022218 0.000000 0.000133 0.000009 0.000014 0.000545 0.000000 0.000174 0.000000 0.000234 0.000014 0.067106 0.000023 0.000014 0.000000 0.843225 0.065836 0.000353 0.000000 0.000101
 0.666215 0.000000 0.000133 0.000009 0.000014 0.000545 0.000000 0.000174 0.000000 0.000234 0.000014 0.000284 0.000023 0.000014 0.000000 0.331813 0.000073 0.000353 0.000000 0.000101
 0.000298 0.000000 0.000133 0.000009 0.000014 0.000545 0.000000 0.000174 0.000000 0.000234 0.000014 0.506908 0.000023 0.066836 0.000000 0.424284 0.000073 0.000353 0.000000 0.000101
 0.000298 0.000000 0.000133 0.000009 0.000014 0.000545 0.000000 0.467757 0.000000 0.110187 0.000014 0.000284 0.000023 0.000014 0.000000 0.000893 0.000073 0.419654 0.000000 0.000101
 0.000298 0.000000 0.000133 0.000009 0.000014 0.909350 0.000000 0.000174 0.000000 0.000234 0.000014 0.000284 0.000023 0.000014 0.000000 0.088925 0.000073 0.000353 0.000000 0.000101
 0.000298 0.000000 0.000133 0.000009 0.000014 0.000545 0.000000 0.000174 0.000000 0.000234 0.000014 0.000284 0.000023 0.000014 0.000000 0.997730 0.000073 0.000353 0.000000 0.000101
 0.000298 0.000000 0.000133 0.000009 0.000014 0.000545 0.000000 0.221141 0.000000 0.000234 0.000014 0.000284 0.000023 0.000014 0.000000 0.000893 0.000073 0.776223 0.000000 0.000101
 0.000298 0.000000 0.445084 0.000009 0.000014 0.000545 0.000000 0.000174 0.000000 0.000234 0.000014 0.463427 0.000023 0.000014 0.000000 0.089636 0.000073 0.000353 0.000000 0.000101
 0.066409 0.000000 0.000133 0.000009 0.066126 0.000545 0.000000 0.066286 0.000000 0.022154 0.021935 0.022205 0.066846 0.000014 0.000000 0.089636 0.021994 0.088385 0.000000 0.467322
 0.177784 0.000000 0.066245 0.000009 0.000014 0.243071 0.000000 0.000174 0.000000 0.000234 0.000014 0.225329 0.000023 0.000014 0.000000 0.286561 0.000073 0.000353 0.000000 0.000101

MOTIF 2-TAG STREME-2
letter-probability matrix: alength= 20 w= 3 nsites= 12 S= 8.5e-004
 0.215085 0.000001 0.000762 0.000054 0.000080 0.003124 0.000001 0.000999 0.000001 0.001340 0.000080 0.001628 0.000133 0.000080 0.000001 0.005119 0.768909 0.002022 0.000001 0.000579
 0.516795 0.000001 0.000762 0.000054 0.000080 0.003124 0.000001 0.000999 0.000001 0.001340 0.000080 0.001628 0.000133 0.000080 0.000001 0.005119 0.467199 0.002022 0.000001 0.000579
 0.001707 0.000001 0.000762 0.000054 0.000080 0.984990 0.000001 0.000999 0.000001 0.001340 0.000080 0.001628 0.000133 0.000080 0.000001 0.005119 0.000421 0.002022 0.000001 0.000579

MOTIF 3-SVG STREME-3
letter-probability matrix: alength= 20 w= 3 nsites= 14 S= 6.8e-002
 0.008558 0.000007 0.003822 0.000270 0.000401 0.015663 0.000007 0.005006 0.000007 0.006716 0.000401 0.008163 0.000664 0.000401 0.000007 0.934753 0.002112 0.010136 0.000007 0.002901
 0.008558 0.000007 0.003822 0.000270 0.000401 0.015663 0.000007 0.005006 0.000007 0.006716 0.000401 0.008163 0.000664 0.000401 0.000007 0.025662 0.002112 0.919227 0.000007 0.002901
 0.008558 0.000007 0.003822 0.000270 0.000401 0.924754 0.000007 0.005006 0.000007 0.006716 0.000401 0.008163 0.000664 0.000401 0.000007 0.025662 0.002112 0.010136 0.000007 0.002901

MOTIF 4-DPS STREME-4
letter-probability matrix: alength= 20 w= 3 nsites= 2 S= 2.5e-001
 0.008558 0.000007 0.912913 0.000270 0.000401 0.015663 0.000007 0.005006 0.000007 0.006716 0.000401 0.008163 0.000664 0.000401 0.000007 0.025662 0.002112 0.010136 0.000007 0.002901
 0.008558 0.000007 0.003822 0.000270 0.000401 0.015663 0.000007 0.005006 0.000007 0.006716 0.000401 0.008163 0.909755 0.000401 0.000007 0.025662 0.002112 0.010136 0.000007 0.002901
 0.008558 0.000007 0.003822 0.000270 0.000401 0.015663 0.000007 0.005006 0.000007 0.006716 0.000401 0.008163 0.000664 0.000401 0.000007 0.934753 0.002112 0.010136 0.000007 0.002901

MOTIF 5-GLD STREME-5
letter-probability matrix: alength= 20 w= 3 nsites= 3 S= 3.1e-001
 0.008558 0.000007 0.003822 0.000270 0.000401 0.924754 0.000007 0.005006 0.000007 0.006716 0.000401 0.008163 0.000664 0.000401 0.000007 0.025662 0.002112 0.010136 0.000007 0.002901
 0.008558 0.000007 0.003822 0.000270 0.000401 0.015663 0.000007 0.005006 0.000007 0.915807 0.000401 0.008163 0.000664 0.000401 0.000007 0.025662 0.002112 0.010136 0.000007 0.002901
 0.008558 0.000007 0.912913 0.000270 0.000401 0.015663 0.000007 0.005006 0.000007 0.006716 0.000401 0.008163 0.000664 0.000401 0.000007 0.025662 0.002112 0.010136 0.000007 0.002901

********************************************************************************
Stopped because maximum number of motifs (5) reached.
********************************************************************************
COMMAND:	streme --protein --p ./Data/v1_cluster_windows_15mers/cluster_5056.fasta --minw 3 --maxw 15 --thresh 0.05 --oc ./Results/v1_Top500_Run_20250504_162200/streme_out_cluster_5056
********************************************************************************
CPU:		Hirokis-MacBook-Air.local
********************************************************************************
FINALTIME:	0.17 seconds
********************************************************************************
