********************************************************************************
STREME - Sensitive, Thorough, Rapid, Enriched Motif Elicitation
********************************************************************************
MEME version 5.5.7 (Release date: Wed Jun 19 13:59:04 2024 -0700)

For further information on how to interpret these results please access https://meme-suite.org/meme.
To get a copy of the MEME Suite software please access https://meme-suite.org.

********************************************************************************


********************************************************************************
REFERENCE
********************************************************************************
If you use this program in your research, please cite:

Timothy L. Bailey,
"STREME: accurate and versatile sequence motif discovery",
Bioinformatics, Mar. 24, 2021.
********************************************************************************


ALPHABET= ACDEFGHIKLMNPQRSTVWY

strands: +

Background letter frequencies
A 0.068 C 3.4e-05 D 0.0102 E 0.00411 F 0.00275 G 0.186 H 3.4e-05 I 0.0279 K 0.00275 L 0.00207 M 0.000714 N 3.4e-05 P 0.0449 Q 0.129 R 0.00207 S 0.373 T 0.0116 V 0.00207 W 3.4e-05 Y 0.133 

MOTIF 1-PGQQGYSS STREME-1
letter-probability matrix: alength= 20 w= 8 nsites= 98 E= 1.2e-004
 0.132896 0.000000 0.090627 0.009909 0.000004 0.000266 0.000000 0.000040 0.000004 0.019890 0.000001 0.000000 0.644060 0.000185 0.000003 0.092005 0.009919 0.000003 0.000000 0.000189
 0.030050 0.000000 0.060674 0.009909 0.000004 0.868370 0.000000 0.000040 0.000004 0.000003 0.000001 0.000000 0.000064 0.000185 0.000003 0.030485 0.000017 0.000003 0.000000 0.000189
 0.000097 0.000000 0.000015 0.009909 0.000004 0.000266 0.000000 0.000040 0.039860 0.000003 0.000001 0.000000 0.000064 0.929111 0.019890 0.000532 0.000017 0.000003 0.000000 0.000189
 0.000097 0.000000 0.000015 0.000006 0.000004 0.000266 0.000000 0.000040 0.000004 0.009906 0.000001 0.000000 0.000064 0.988853 0.000003 0.000532 0.000017 0.000003 0.000000 0.000189
 0.000097 0.000000 0.000015 0.000006 0.000004 0.998837 0.000000 0.000040 0.000004 0.000003 0.000001 0.000000 0.000064 0.000185 0.000003 0.000532 0.000017 0.000003 0.000000 0.000189
 0.000097 0.000000 0.000015 0.000006 0.000004 0.000266 0.000000 0.000040 0.000004 0.000003 0.000001 0.000000 0.000064 0.000185 0.000003 0.000532 0.000017 0.000003 0.000000 0.998761
 0.019984 0.000000 0.000015 0.000006 0.000004 0.000266 0.000000 0.000040 0.000004 0.000003 0.000001 0.000000 0.000064 0.000185 0.000003 0.979217 0.000017 0.000003 0.000000 0.000189
 0.000097 0.000000 0.000015 0.000006 0.000004 0.000266 0.000000 0.000040 0.000004 0.000003 0.000001 0.000000 0.000064 0.000185 0.000003 0.999104 0.000017 0.000003 0.000000 0.000189

MOTIF 2-SSSA STREME-2
letter-probability matrix: alength= 20 w= 4 nsites= 84 E= 1.2e-004
 0.000126 0.000000 0.000019 0.000008 0.000005 0.000346 0.000000 0.000052 0.000005 0.000004 0.000001 0.000000 0.000083 0.000240 0.000004 0.998836 0.000021 0.000004 0.000000 0.000246
 0.065481 0.000000 0.000019 0.000008 0.000005 0.000346 0.000000 0.000052 0.000005 0.000004 0.000001 0.000000 0.000083 0.000240 0.000004 0.933481 0.000021 0.000004 0.000000 0.000246
 0.000126 0.000000 0.000019 0.000008 0.000005 0.000346 0.000000 0.407486 0.000005 0.000004 0.000001 0.000000 0.000083 0.000240 0.000004 0.578545 0.000021 0.012861 0.000000 0.000246
 0.860977 0.000000 0.000019 0.000008 0.000005 0.000346 0.000000 0.000052 0.000005 0.000004 0.000001 0.000000 0.000083 0.000240 0.000004 0.137985 0.000021 0.000004 0.000000 0.000246

MOTIF 3-SGY STREME-3
letter-probability matrix: alength= 20 w= 3 nsites= 89 E= 4.6e-002
 0.000142 0.000000 0.000021 0.000009 0.043707 0.000388 0.000000 0.000058 0.000006 0.000004 0.000001 0.000000 0.006051 0.000269 0.000004 0.783251 0.165806 0.000004 0.000000 0.000276
 0.000142 0.000000 0.000021 0.000009 0.000006 0.998304 0.000000 0.000058 0.000006 0.000004 0.000001 0.000000 0.000094 0.000269 0.000004 0.000777 0.000024 0.000004 0.000000 0.000276
 0.000142 0.000000 0.000021 0.000009 0.000006 0.000388 0.000000 0.000058 0.000006 0.000004 0.000001 0.000000 0.000094 0.000269 0.000004 0.000777 0.000024 0.000004 0.000000 0.998192

MOTIF 4-PSIS STREME-4
letter-probability matrix: alength= 20 w= 4 nsites= 3 E= 6.0e+000
 0.006183 0.000003 0.000930 0.000374 0.000250 0.016936 0.000003 0.002537 0.000250 0.000188 0.000065 0.000003 0.913173 0.011745 0.000188 0.033872 0.001054 0.000188 0.000003 0.012054
 0.006183 0.000003 0.000930 0.000374 0.000250 0.016936 0.000003 0.002537 0.000250 0.000188 0.000065 0.000003 0.004082 0.011745 0.000188 0.942963 0.001054 0.000188 0.000003 0.012054
 0.006183 0.000003 0.000930 0.000374 0.000250 0.016936 0.000003 0.911628 0.000250 0.000188 0.000065 0.000003 0.004082 0.011745 0.000188 0.033872 0.001054 0.000188 0.000003 0.012054
 0.006183 0.000003 0.000930 0.000374 0.000250 0.016936 0.000003 0.002537 0.000250 0.000188 0.000065 0.000003 0.004082 0.011745 0.000188 0.942963 0.001054 0.000188 0.000003 0.012054

MOTIF 5-STIS STREME-5
letter-probability matrix: alength= 20 w= 4 nsites= 2 E= 6.0e+000
 0.006183 0.000003 0.000930 0.000374 0.000250 0.016936 0.000003 0.002537 0.000250 0.000188 0.000065 0.000003 0.004082 0.011745 0.000188 0.942963 0.001054 0.000188 0.000003 0.012054
 0.006183 0.000003 0.000930 0.000374 0.000250 0.016936 0.000003 0.002537 0.000250 0.000188 0.000065 0.000003 0.004082 0.011745 0.000188 0.033872 0.910145 0.000188 0.000003 0.012054
 0.006183 0.000003 0.000930 0.000374 0.000250 0.016936 0.000003 0.911628 0.000250 0.000188 0.000065 0.000003 0.004082 0.011745 0.000188 0.033872 0.001054 0.000188 0.000003 0.012054
 0.006183 0.000003 0.000930 0.000374 0.000250 0.016936 0.000003 0.002537 0.000250 0.000188 0.000065 0.000003 0.004082 0.011745 0.000188 0.942963 0.001054 0.000188 0.000003 0.012054

MOTIF 6-TAAA STREME-6
letter-probability matrix: alength= 20 w= 4 nsites= 2 E= 6.0e+000
 0.006183 0.000003 0.000930 0.000374 0.000250 0.016936 0.000003 0.002537 0.000250 0.000188 0.000065 0.000003 0.004082 0.011745 0.000188 0.033872 0.910145 0.000188 0.000003 0.012054
 0.915273 0.000003 0.000930 0.000374 0.000250 0.016936 0.000003 0.002537 0.000250 0.000188 0.000065 0.000003 0.004082 0.011745 0.000188 0.033872 0.001054 0.000188 0.000003 0.012054
 0.915273 0.000003 0.000930 0.000374 0.000250 0.016936 0.000003 0.002537 0.000250 0.000188 0.000065 0.000003 0.004082 0.011745 0.000188 0.033872 0.001054 0.000188 0.000003 0.012054
 0.915273 0.000003 0.000930 0.000374 0.000250 0.016936 0.000003 0.002537 0.000250 0.000188 0.000065 0.000003 0.004082 0.011745 0.000188 0.033872 0.001054 0.000188 0.000003 0.012054

********************************************************************************
Stopped because 3 consecutive motifs exceeded the p-value threshold (0.05).
********************************************************************************
COMMAND:	streme --protein --p ./Data/v1_cluster_windows_15mers/cluster_8040.fasta --minw 3 --maxw 15 --thresh 0.05 --oc ./Results/v1_Top500_Run_20250504_162200/streme_out_cluster_8040
********************************************************************************
CPU:		Hirokis-MacBook-Air.local
********************************************************************************
FINALTIME:	0.38 seconds
********************************************************************************
