********************************************************************************
STREME - Sensitive, Thorough, Rapid, Enriched Motif Elicitation
********************************************************************************
MEME version 5.5.7 (Release date: Wed Jun 19 13:59:04 2024 -0700)

For further information on how to interpret these results please access https://meme-suite.org/meme.
To get a copy of the MEME Suite software please access https://meme-suite.org.

********************************************************************************


********************************************************************************
REFERENCE
********************************************************************************
If you use this program in your research, please cite:

Timothy L. Bailey,
"STREME: accurate and versatile sequence motif discovery",
Bioinformatics, Mar. 24, 2021.
********************************************************************************


ALPHABET= ACDEFGHIKLMNPQRSTVWY

strands: +

Background letter frequencies
A 0.155 C 0.00235 D 0.0108 E 0.015 F 0.00775 G 0.155 H 0.00255 I 0.0272 K 0.00232 L 0.0469 M 0.00769 N 0.0328 P 0.0188 Q 0.0477 R 0.0251 S 0.199 T 0.132 V 0.0787 W 0.000138 Y 0.0334 

MOTIF 1-GAGAGAGTGAGAGAG STREME-1
letter-probability matrix: alength= 20 w= 15 nsites= 731 E= 1.2e-014
 0.227691 0.000001 0.009554 0.000003 0.000002 0.574743 0.000001 0.000006 0.000001 0.009563 0.000002 0.003191 0.015924 0.020707 0.007966 0.089198 0.006398 0.012754 0.000000 0.022297
 0.353458 0.000001 0.000002 0.000003 0.007962 0.167195 0.000001 0.001598 0.001592 0.014338 0.000002 0.004783 0.000004 0.076427 0.017519 0.128996 0.047790 0.027081 0.000000 0.151247
 0.230875 0.000001 0.000002 0.003187 0.000002 0.609766 0.000001 0.004782 0.000001 0.000011 0.000002 0.000008 0.000004 0.038220 0.007966 0.090789 0.000030 0.014346 0.000000 0.000008
 0.453754 0.000001 0.001594 0.000003 0.006370 0.078042 0.000001 0.011150 0.000001 0.014338 0.000002 0.003191 0.009557 0.101900 0.014335 0.100340 0.047790 0.031857 0.000000 0.125774
 0.230872 0.000001 0.007962 0.000003 0.004778 0.636832 0.000001 0.000006 0.000001 0.000011 0.000002 0.001600 0.000004 0.000011 0.012743 0.073278 0.014358 0.017531 0.000000 0.000008
 0.493554 0.000001 0.000002 0.000003 0.006370 0.049386 0.000001 0.000006 0.001592 0.015930 0.001594 0.001600 0.014333 0.074834 0.004782 0.133772 0.052566 0.041409 0.000000 0.108263
 0.224505 0.000001 0.004779 0.000003 0.000002 0.636832 0.000001 0.000006 0.000001 0.000011 0.000002 0.001600 0.000004 0.017523 0.019110 0.068501 0.001622 0.022307 0.000000 0.003192
 0.000036 0.000001 0.000002 0.000003 0.000002 0.000036 0.000001 0.000006 0.000001 0.000011 0.000002 0.000008 0.000004 0.000011 0.000006 0.000046 0.999801 0.000018 0.000000 0.000008
 0.224509 0.000001 0.004778 0.007963 0.000002 0.659119 0.000001 0.000006 0.000001 0.000011 0.000002 0.000008 0.000004 0.000011 0.006374 0.079644 0.006398 0.004794 0.000000 0.006376
 0.401217 0.000001 0.014331 0.000003 0.007962 0.130580 0.000001 0.011150 0.000001 0.017522 0.000002 0.015927 0.012740 0.031850 0.000006 0.140141 0.047791 0.073251 0.000000 0.095527
 0.210177 0.000001 0.000002 0.004779 0.003186 0.577927 0.000001 0.000006 0.000001 0.001603 0.000002 0.000008 0.000004 0.015931 0.020702 0.103525 0.011174 0.012754 0.000000 0.038219
 0.372560 0.000001 0.000002 0.001595 0.006370 0.224509 0.000001 0.004782 0.000001 0.015930 0.000002 0.001600 0.007965 0.042994 0.007966 0.125812 0.043014 0.046185 0.000000 0.098712
 0.179930 0.000001 0.007962 0.003187 0.007962 0.520615 0.000001 0.004782 0.000001 0.006379 0.000002 0.006375 0.027071 0.044587 0.015926 0.076460 0.007990 0.022306 0.000000 0.068465
 0.278632 0.000001 0.030251 0.001595 0.011146 0.257940 0.000001 0.004783 0.000001 0.023891 0.001594 0.009559 0.006373 0.055732 0.012741 0.143324 0.041422 0.047778 0.000000 0.073238
 0.184707 0.000001 0.001594 0.001595 0.000002 0.506286 0.000001 0.003190 0.001592 0.004787 0.000002 0.000008 0.019111 0.063691 0.027070 0.097157 0.028686 0.011162 0.000000 0.049359

MOTIF 2-RLSS STREME-2
letter-probability matrix: alength= 20 w= 4 nsites= 688 E= 5.6e-008
 0.113026 0.000001 0.000003 0.000004 0.000002 0.000045 0.000001 0.080197 0.000001 0.153784 0.047011 0.000010 0.000005 0.000014 0.605766 0.000058 0.000039 0.000023 0.000000 0.000010
 0.000045 0.000001 0.000003 0.000004 0.000002 0.000045 0.000001 0.122853 0.000001 0.511711 0.058498 0.000010 0.002031 0.000014 0.000007 0.000058 0.000039 0.304667 0.000000 0.000010
 0.000045 0.000001 0.000003 0.000004 0.000002 0.035472 0.000001 0.000008 0.000001 0.000014 0.000002 0.036941 0.000005 0.000014 0.000007 0.894446 0.018634 0.010339 0.000000 0.004062
 0.000045 0.000001 0.000003 0.000004 0.000002 0.000045 0.000001 0.000008 0.000001 0.000014 0.000002 0.109811 0.000005 0.000014 0.000007 0.817831 0.072173 0.000023 0.000000 0.000010

MOTIF 3-TVSNTVS STREME-3
letter-probability matrix: alength= 20 w= 7 nsites= 277 E= 3.2e-007
 0.049450 0.000001 0.000006 0.000009 0.000005 0.000092 0.000002 0.000016 0.000001 0.000028 0.000005 0.012357 0.004123 0.012368 0.000015 0.000118 0.900775 0.020609 0.000000 0.000020
 0.028884 0.000001 0.000006 0.000009 0.000005 0.000092 0.000002 0.337525 0.000001 0.086396 0.000005 0.000019 0.000011 0.000028 0.000015 0.000118 0.000078 0.538559 0.000000 0.008245
 0.053562 0.000001 0.000006 0.000009 0.008229 0.135851 0.008227 0.032917 0.000001 0.004140 0.004117 0.024694 0.000011 0.008254 0.000015 0.423314 0.024758 0.127734 0.000000 0.144159
 0.000092 0.000001 0.000006 0.000009 0.000005 0.000092 0.000002 0.000016 0.016452 0.000028 0.000005 0.847211 0.000011 0.000028 0.000015 0.135883 0.000078 0.000047 0.000000 0.000020
 0.049447 0.000001 0.000006 0.000009 0.004117 0.000092 0.000002 0.016465 0.000001 0.045272 0.000005 0.008245 0.000011 0.000028 0.000015 0.262838 0.337557 0.275868 0.000000 0.000020
 0.070013 0.000001 0.000006 0.000009 0.012341 0.000092 0.000002 0.057595 0.000001 0.012365 0.024682 0.000019 0.000011 0.000028 0.000015 0.000118 0.000078 0.822602 0.000000 0.000020
 0.016541 0.000001 0.000006 0.000009 0.000005 0.000092 0.000002 0.000016 0.000001 0.012365 0.012342 0.024695 0.000011 0.000028 0.000015 0.888483 0.041209 0.000047 0.000000 0.004132

MOTIF 4-VQTLAS STREME-4
letter-probability matrix: alength= 20 w= 6 nsites= 233 E= 9.2e-006
 0.069085 0.000002 0.000008 0.000011 0.000006 0.202416 0.000002 0.014793 0.000002 0.000033 0.000005 0.000023 0.000013 0.000034 0.000018 0.039560 0.073983 0.599983 0.000000 0.000024
 0.000110 0.000002 0.000008 0.054202 0.000006 0.000110 0.000002 0.000019 0.000002 0.000033 0.000005 0.004948 0.000013 0.572722 0.000018 0.367627 0.000094 0.000056 0.000000 0.000024
 0.172553 0.000002 0.000008 0.000011 0.000006 0.000110 0.000002 0.000019 0.000002 0.000033 0.000005 0.000023 0.000013 0.000034 0.000018 0.034612 0.762923 0.029603 0.000000 0.000024
 0.000110 0.000002 0.000008 0.000011 0.000006 0.000110 0.000002 0.000019 0.000002 0.999323 0.000005 0.000023 0.000013 0.000034 0.000018 0.000142 0.000094 0.000056 0.000000 0.000024
 0.400296 0.000002 0.000008 0.000011 0.000006 0.000110 0.000002 0.071030 0.000002 0.345837 0.073906 0.000023 0.000013 0.004958 0.000018 0.000142 0.000094 0.103521 0.000000 0.000024
 0.000110 0.000002 0.000008 0.439421 0.000006 0.000110 0.000002 0.000019 0.000002 0.000033 0.000005 0.000023 0.009863 0.000034 0.000018 0.471349 0.078916 0.000056 0.000000 0.000024

MOTIF 5-SSTVTQTT STREME-5
letter-probability matrix: alength= 20 w= 8 nsites= 195 E= 1.1e-004
 0.244545 0.000002 0.000008 0.000012 0.000006 0.114139 0.000002 0.000021 0.000002 0.000037 0.000006 0.000026 0.000015 0.000037 0.000020 0.478017 0.000103 0.054332 0.000000 0.108669
 0.000121 0.000002 0.000008 0.000012 0.000006 0.016398 0.000002 0.000021 0.000002 0.000037 0.000006 0.027155 0.000015 0.000037 0.076048 0.711695 0.168347 0.000062 0.000000 0.000026
 0.000121 0.000002 0.000008 0.000012 0.000006 0.000121 0.000002 0.000021 0.000002 0.000037 0.000006 0.000026 0.000015 0.000037 0.010871 0.157548 0.831076 0.000062 0.000000 0.000026
 0.000121 0.000002 0.000008 0.000012 0.000006 0.000121 0.000002 0.000021 0.000002 0.000037 0.000006 0.000026 0.000015 0.000037 0.000020 0.065277 0.000103 0.934157 0.000000 0.000026
 0.108707 0.000002 0.000008 0.000012 0.000006 0.125041 0.000002 0.016301 0.000002 0.000037 0.000006 0.000026 0.000015 0.000037 0.000020 0.081579 0.668113 0.000062 0.000000 0.000026
 0.000121 0.000002 0.000008 0.206468 0.000006 0.000121 0.000002 0.000021 0.027133 0.000037 0.000006 0.010878 0.000015 0.304152 0.000020 0.276997 0.173925 0.000062 0.000000 0.000026
 0.000121 0.000002 0.000008 0.000012 0.000006 0.000121 0.000002 0.000021 0.027133 0.000037 0.000006 0.000026 0.000015 0.000037 0.000020 0.076136 0.836503 0.043491 0.000000 0.016303
 0.000121 0.000002 0.000008 0.000012 0.000006 0.000121 0.000002 0.298760 0.000002 0.135879 0.000006 0.086965 0.000015 0.000037 0.000020 0.076134 0.401822 0.000062 0.000000 0.000026

MOTIF 6-TTSTAQS STREME-6
letter-probability matrix: alength= 20 w= 7 nsites= 117 E= 2.0e-003
 0.112434 0.000003 0.000012 0.000016 0.000008 0.000167 0.000003 0.000029 0.000003 0.000051 0.000008 0.000035 0.000020 0.000052 0.000027 0.007698 0.826929 0.000085 0.000000 0.052421
 0.000168 0.000003 0.000012 0.097315 0.000008 0.149888 0.000003 0.000029 0.000003 0.000051 0.000008 0.000035 0.000020 0.000052 0.000027 0.022668 0.699649 0.030026 0.000000 0.000036
 0.045070 0.000003 0.000012 0.044924 0.000008 0.000167 0.000003 0.000029 0.000003 0.000051 0.000008 0.000035 0.022473 0.112358 0.000027 0.557458 0.217250 0.000085 0.000000 0.000036
 0.000168 0.000003 0.000012 0.000016 0.000008 0.000167 0.000003 0.000029 0.000003 0.000051 0.000008 0.022485 0.000020 0.000052 0.000027 0.085649 0.876213 0.000085 0.000000 0.015003
 0.636429 0.000003 0.194869 0.022469 0.000008 0.000167 0.000003 0.000029 0.000003 0.000051 0.000008 0.000035 0.000020 0.000052 0.000027 0.093170 0.052536 0.000085 0.000000 0.000036
 0.030108 0.000003 0.014978 0.000016 0.000008 0.000167 0.000003 0.000029 0.000003 0.000051 0.000008 0.000035 0.000020 0.774431 0.000027 0.105002 0.045048 0.000085 0.000000 0.029977
 0.262390 0.000003 0.000012 0.000016 0.000008 0.000167 0.000003 0.000029 0.000003 0.000051 0.000008 0.172229 0.000020 0.000052 0.029968 0.449345 0.060018 0.025643 0.000000 0.000036

MOTIF 7-RTYGP STREME-7
letter-probability matrix: alength= 20 w= 5 nsites= 69 E= 4.0e-003
 0.016704 0.000006 0.000025 0.000035 0.000018 0.196495 0.000006 0.016402 0.000005 0.000111 0.000018 0.000077 0.000044 0.065478 0.441938 0.065827 0.180207 0.016524 0.000000 0.000079
 0.016704 0.000006 0.000025 0.016374 0.000018 0.147472 0.000006 0.000064 0.000005 0.049130 0.000018 0.032754 0.065409 0.032789 0.049078 0.180366 0.409517 0.000185 0.000000 0.000079
 0.000366 0.000006 0.000025 0.000035 0.016357 0.000364 0.000006 0.000064 0.000005 0.000111 0.000018 0.000077 0.032725 0.000113 0.000059 0.000470 0.016649 0.000185 0.000000 0.932364
 0.000366 0.000006 0.000025 0.000035 0.000018 0.965327 0.000006 0.000064 0.000005 0.000111 0.000018 0.000077 0.000044 0.000113 0.000059 0.000470 0.032991 0.000185 0.000000 0.000079
 0.000366 0.000006 0.000025 0.000035 0.000018 0.000364 0.000006 0.000064 0.000005 0.000111 0.000018 0.000077 0.997687 0.000113 0.000059 0.000470 0.000311 0.000185 0.000000 0.000079

MOTIF 8-GCEVL STREME-8
letter-probability matrix: alength= 20 w= 5 nsites= 83 E= 1.6e-002
 0.000378 0.000006 0.033794 0.050687 0.000019 0.677121 0.000006 0.000066 0.000006 0.000114 0.000019 0.016962 0.000046 0.084551 0.050719 0.034253 0.050979 0.000192 0.000000 0.000081
 0.000378 0.997570 0.000026 0.000037 0.000019 0.000377 0.000006 0.000066 0.000006 0.000114 0.000019 0.000080 0.000046 0.000116 0.000061 0.000485 0.000321 0.000192 0.000000 0.000081
 0.000378 0.000006 0.354623 0.643005 0.000019 0.000377 0.000006 0.000066 0.000006 0.000114 0.000019 0.000080 0.000046 0.000116 0.000061 0.000485 0.000321 0.000192 0.000000 0.000081
 0.000378 0.000006 0.000026 0.000037 0.000019 0.000377 0.000006 0.067607 0.000006 0.084537 0.000019 0.000080 0.000046 0.000116 0.000061 0.000485 0.000321 0.845793 0.000000 0.000081
 0.000378 0.000006 0.000026 0.000037 0.000019 0.000377 0.000006 0.016948 0.000006 0.845720 0.000019 0.000080 0.000046 0.000116 0.000061 0.000485 0.084740 0.000192 0.000000 0.050740

MOTIF 9-GPTNS STREME-9
letter-probability matrix: alength= 20 w= 5 nsites= 114 E= 3.3e-002
 0.000226 0.000003 0.000016 0.000022 0.000011 0.998772 0.000004 0.000040 0.000003 0.000068 0.000011 0.000048 0.000027 0.000069 0.000036 0.000289 0.000192 0.000114 0.000000 0.000048
 0.020371 0.000003 0.000016 0.000022 0.000011 0.020370 0.000004 0.020185 0.000003 0.000068 0.000011 0.000048 0.897848 0.000069 0.000036 0.000289 0.020337 0.020260 0.000000 0.000048
 0.000226 0.000003 0.000016 0.000022 0.000011 0.000225 0.000004 0.000040 0.000003 0.000068 0.000011 0.000048 0.000027 0.000069 0.010108 0.000289 0.988667 0.000114 0.000000 0.000048
 0.000226 0.000003 0.000016 0.000022 0.000011 0.010296 0.000004 0.000040 0.000003 0.000068 0.000011 0.665548 0.000027 0.000069 0.000036 0.323264 0.000192 0.000114 0.000000 0.000048
 0.070776 0.000003 0.000016 0.000022 0.000011 0.030446 0.000004 0.000040 0.000003 0.010140 0.010083 0.000048 0.393275 0.000069 0.000036 0.404074 0.040492 0.040414 0.000000 0.000048

MOTIF 10-ALLEIVTTLIH STREME-10
letter-probability matrix: alength= 20 w= 11 nsites= 61 E= 1.9e-001
 0.411025 0.000007 0.078260 0.000042 0.000022 0.000436 0.000007 0.000077 0.000007 0.019683 0.000022 0.000093 0.000053 0.000135 0.000071 0.098314 0.000372 0.391282 0.000000 0.000094
 0.000438 0.000007 0.000030 0.000042 0.000022 0.000436 0.000007 0.000077 0.000007 0.899532 0.097802 0.000093 0.000053 0.000135 0.000071 0.000562 0.000372 0.000222 0.000000 0.000094
 0.000438 0.000007 0.000030 0.000042 0.000022 0.000436 0.000007 0.097857 0.000007 0.625793 0.175980 0.000093 0.000053 0.000135 0.000071 0.098342 0.000372 0.000222 0.000000 0.000094
 0.000438 0.000007 0.000030 0.899442 0.000022 0.000436 0.000007 0.000077 0.000007 0.000132 0.000022 0.000093 0.000053 0.000135 0.000071 0.000562 0.098152 0.000222 0.000000 0.000094
 0.000438 0.000007 0.000030 0.000042 0.000022 0.000436 0.000007 0.371600 0.000007 0.254298 0.058673 0.000093 0.000053 0.000135 0.000071 0.000562 0.000372 0.313062 0.000000 0.000094
 0.000438 0.000007 0.000030 0.000042 0.000022 0.078666 0.000007 0.234710 0.000007 0.136990 0.039123 0.000093 0.000053 0.000135 0.000071 0.000562 0.000372 0.508580 0.000000 0.000094
 0.176429 0.000007 0.078260 0.000042 0.000022 0.000436 0.000007 0.000077 0.000007 0.000132 0.000022 0.000093 0.000053 0.000135 0.000071 0.274301 0.469592 0.000222 0.000000 0.000094
 0.352351 0.000007 0.019581 0.000042 0.000022 0.039537 0.000007 0.000077 0.000007 0.000132 0.000022 0.000093 0.000053 0.000135 0.000071 0.000562 0.547886 0.039323 0.000000 0.000094
 0.000438 0.000007 0.000030 0.000042 0.039123 0.000436 0.000007 0.000077 0.000007 0.899560 0.039123 0.000093 0.000053 0.000135 0.000071 0.000562 0.000372 0.019772 0.000000 0.000094
 0.019988 0.000007 0.000030 0.000042 0.019572 0.000436 0.000007 0.430247 0.000007 0.176114 0.000022 0.000093 0.000053 0.000135 0.000071 0.000562 0.019922 0.332598 0.000000 0.000094
 0.000438 0.000007 0.000030 0.000042 0.000022 0.000436 0.703884 0.000077 0.000007 0.000132 0.000022 0.019643 0.000053 0.195685 0.000071 0.078764 0.000372 0.000222 0.000000 0.000094

MOTIF 11-AAGQSTQMVSQS STREME-11
letter-probability matrix: alength= 20 w= 12 nsites= 95 E= 2.8e-001
 0.428080 0.000004 0.000018 0.000026 0.000013 0.059698 0.000004 0.000047 0.000004 0.000080 0.000013 0.035706 0.000032 0.000082 0.011926 0.344990 0.119083 0.000135 0.000000 0.000057
 0.535065 0.000004 0.000018 0.000026 0.000013 0.000265 0.000004 0.000047 0.000004 0.000080 0.000013 0.000056 0.000032 0.000082 0.000043 0.261786 0.083425 0.118978 0.000000 0.000057
 0.107215 0.000004 0.000018 0.000026 0.000013 0.570728 0.000004 0.000047 0.000004 0.011964 0.000013 0.000056 0.000032 0.000082 0.000043 0.309332 0.000226 0.000135 0.000000 0.000057
 0.012149 0.000004 0.047554 0.035675 0.000013 0.035915 0.000004 0.000047 0.000004 0.000080 0.023782 0.047597 0.000032 0.748807 0.000043 0.024108 0.000226 0.000135 0.000000 0.023824
 0.047807 0.000004 0.000018 0.000026 0.023782 0.000265 0.000004 0.000047 0.000004 0.000080 0.000013 0.000056 0.000032 0.000082 0.000043 0.440073 0.439937 0.000135 0.000000 0.047590
 0.344892 0.000004 0.000018 0.000026 0.000013 0.000265 0.000004 0.000047 0.000004 0.000080 0.000013 0.000056 0.000032 0.000082 0.000043 0.142951 0.499393 0.012018 0.000000 0.000057
 0.154756 0.000004 0.000018 0.000026 0.000013 0.012148 0.000004 0.000047 0.000004 0.000080 0.000013 0.011939 0.000032 0.629969 0.011926 0.131065 0.047761 0.000135 0.000000 0.000057
 0.095334 0.000004 0.000018 0.000026 0.011896 0.000265 0.000004 0.083240 0.000004 0.190228 0.439747 0.000056 0.000032 0.000082 0.000043 0.000341 0.130952 0.047668 0.000000 0.000057
 0.000266 0.000004 0.000018 0.000026 0.000013 0.000265 0.000004 0.083240 0.000004 0.047613 0.000013 0.000056 0.000032 0.000082 0.000043 0.000341 0.000226 0.867694 0.000000 0.000057
 0.059682 0.000004 0.000018 0.000026 0.000013 0.344897 0.000004 0.000047 0.000004 0.000080 0.000013 0.000056 0.000032 0.011965 0.035693 0.547046 0.000226 0.000135 0.000000 0.000057
 0.000266 0.000004 0.000018 0.000026 0.000013 0.000265 0.000004 0.000047 0.000004 0.000080 0.000013 0.023823 0.000032 0.962718 0.011926 0.000341 0.000226 0.000135 0.000000 0.000057
 0.321137 0.000004 0.000018 0.035678 0.000013 0.000265 0.000004 0.000047 0.000004 0.000080 0.000013 0.000056 0.011915 0.000082 0.000043 0.594571 0.000226 0.012018 0.000000 0.023824

MOTIF 12-AASSMATQAARSLG STREME-12
letter-probability matrix: alength= 20 w= 14 nsites= 22 E= 2.8e-001
 0.923200 0.000214 0.000979 0.001363 0.000705 0.014054 0.000232 0.002472 0.000211 0.004268 0.000699 0.002985 0.001709 0.004339 0.002281 0.018109 0.011982 0.007153 0.000013 0.003034
 0.923200 0.000214 0.000979 0.001363 0.000705 0.014054 0.000232 0.002472 0.000211 0.004268 0.000699 0.002985 0.001709 0.004339 0.002281 0.018109 0.011982 0.007153 0.000013 0.003034
 0.014109 0.000214 0.000979 0.001363 0.000705 0.014054 0.000232 0.002472 0.000211 0.004268 0.000699 0.002985 0.001709 0.004339 0.002281 0.927200 0.011982 0.007153 0.000013 0.003034
 0.014109 0.000214 0.000979 0.001363 0.000705 0.014054 0.000232 0.002472 0.000211 0.004268 0.000699 0.002985 0.001709 0.004339 0.002281 0.927200 0.011982 0.007153 0.000013 0.003034
 0.014109 0.000214 0.000979 0.001363 0.000705 0.014054 0.000232 0.002472 0.000211 0.004268 0.909790 0.002985 0.001709 0.004339 0.002281 0.018109 0.011982 0.007153 0.000013 0.003034
 0.923200 0.000214 0.000979 0.001363 0.000705 0.014054 0.000232 0.002472 0.000211 0.004268 0.000699 0.002985 0.001709 0.004339 0.002281 0.018109 0.011982 0.007153 0.000013 0.003034
 0.014109 0.000214 0.000979 0.001363 0.000705 0.014054 0.000232 0.002472 0.000211 0.004268 0.000699 0.002985 0.001709 0.004339 0.002281 0.018109 0.921072 0.007153 0.000013 0.003034
 0.014109 0.000214 0.000979 0.001363 0.000705 0.014054 0.000232 0.002472 0.000211 0.004268 0.000699 0.002985 0.001709 0.913430 0.002281 0.018109 0.011982 0.007153 0.000013 0.003034
 0.923200 0.000214 0.000979 0.001363 0.000705 0.014054 0.000232 0.002472 0.000211 0.004268 0.000699 0.002985 0.001709 0.004339 0.002281 0.018109 0.011982 0.007153 0.000013 0.003034
 0.923200 0.000214 0.000979 0.001363 0.000705 0.014054 0.000232 0.002472 0.000211 0.004268 0.000699 0.002985 0.001709 0.004339 0.002281 0.018109 0.011982 0.007153 0.000013 0.003034
 0.014109 0.000214 0.000979 0.001363 0.000705 0.014054 0.000232 0.002472 0.000211 0.004268 0.000699 0.002985 0.001709 0.004339 0.911372 0.018109 0.011982 0.007153 0.000013 0.003034
 0.014109 0.000214 0.000979 0.001363 0.000705 0.014054 0.000232 0.002472 0.000211 0.004268 0.000699 0.002985 0.001709 0.004339 0.002281 0.927200 0.011982 0.007153 0.000013 0.003034
 0.014109 0.000214 0.000979 0.001363 0.000705 0.014054 0.000232 0.002472 0.000211 0.913359 0.000699 0.002985 0.001709 0.004339 0.002281 0.018109 0.011982 0.007153 0.000013 0.003034
 0.014109 0.000214 0.000979 0.001363 0.000705 0.923145 0.000232 0.002472 0.000211 0.004268 0.000699 0.002985 0.001709 0.004339 0.002281 0.018109 0.011982 0.007153 0.000013 0.003034

MOTIF 13-LSNTI STREME-13
letter-probability matrix: alength= 20 w= 5 nsites= 59 E= 5.5e-001
 0.000519 0.000008 0.000036 0.000050 0.000026 0.000517 0.000009 0.000091 0.000008 0.718741 0.000026 0.023273 0.000063 0.046491 0.000084 0.000666 0.000440 0.208843 0.000000 0.000112
 0.000519 0.000008 0.000036 0.000050 0.000026 0.000517 0.000009 0.000091 0.000008 0.000157 0.000026 0.000110 0.046388 0.000159 0.162339 0.649761 0.116260 0.000263 0.000000 0.023274
 0.000519 0.000008 0.000036 0.000050 0.000026 0.000517 0.000009 0.000091 0.000008 0.000157 0.000026 0.927263 0.000063 0.000159 0.000084 0.070171 0.000440 0.000263 0.000000 0.000112
 0.046850 0.000008 0.000036 0.000050 0.000026 0.000517 0.000009 0.023254 0.000008 0.000157 0.000026 0.000110 0.000063 0.000159 0.000084 0.000666 0.695823 0.232044 0.000000 0.000112
 0.000519 0.000008 0.000036 0.000050 0.000026 0.023679 0.000009 0.950423 0.000008 0.023320 0.000026 0.000110 0.000063 0.000159 0.000084 0.000666 0.000440 0.000263 0.000000 0.000112

MOTIF 14-GVISSTTVT STREME-14
letter-probability matrix: alength= 20 w= 9 nsites= 31 E= 5.5e-001
 0.000890 0.000014 0.000062 0.000086 0.000044 0.995150 0.000015 0.000156 0.000013 0.000269 0.000044 0.000188 0.000108 0.000274 0.000144 0.001143 0.000756 0.000451 0.000001 0.000191
 0.000890 0.000014 0.000062 0.000086 0.039809 0.000887 0.000015 0.000156 0.000013 0.079807 0.000044 0.000188 0.000108 0.000274 0.000144 0.001143 0.000756 0.875413 0.000001 0.000191
 0.000890 0.000014 0.039826 0.000086 0.000044 0.000887 0.000015 0.636523 0.000013 0.159335 0.159110 0.000188 0.000108 0.000274 0.000144 0.001143 0.000756 0.000451 0.000001 0.000191
 0.000890 0.000014 0.000062 0.000086 0.000044 0.080415 0.000015 0.000156 0.000013 0.000269 0.000044 0.000188 0.000108 0.000274 0.000144 0.478359 0.438274 0.000451 0.000001 0.000191
 0.000890 0.000014 0.000062 0.000086 0.000044 0.000887 0.000015 0.000156 0.000013 0.000269 0.000044 0.000188 0.000108 0.000274 0.000144 0.796566 0.199596 0.000451 0.000001 0.000191
 0.000890 0.000014 0.000062 0.397774 0.000044 0.000887 0.000015 0.000156 0.000013 0.000269 0.000044 0.000188 0.000108 0.159330 0.000144 0.001143 0.438274 0.000451 0.000001 0.000191
 0.000890 0.000014 0.000062 0.000086 0.000044 0.000887 0.000015 0.000156 0.000013 0.000269 0.000044 0.000188 0.000108 0.000274 0.000144 0.001143 0.995019 0.000451 0.000001 0.000191
 0.000890 0.000014 0.000062 0.000086 0.000044 0.000887 0.000015 0.159222 0.000013 0.000269 0.039808 0.000188 0.000108 0.000274 0.000144 0.080680 0.000756 0.716347 0.000001 0.000191
 0.080428 0.000014 0.000062 0.000086 0.000044 0.000887 0.000015 0.000156 0.000013 0.000269 0.000044 0.000188 0.000108 0.000274 0.000144 0.001143 0.875718 0.000451 0.000001 0.039956

MOTIF 15-ISESTAT STREME-15
letter-probability matrix: alength= 20 w= 7 nsites= 62 E= 6.2e-001
 0.000421 0.000006 0.000029 0.000041 0.000021 0.000419 0.000007 0.583237 0.000006 0.000127 0.000021 0.000089 0.000051 0.000129 0.094145 0.000540 0.320404 0.000213 0.000000 0.000091
 0.000421 0.000006 0.018836 0.000041 0.000021 0.000419 0.000007 0.000074 0.000006 0.000127 0.000021 0.225868 0.000051 0.018936 0.000068 0.602746 0.132047 0.000213 0.000000 0.000091
 0.038038 0.000006 0.000029 0.696123 0.000021 0.000419 0.000007 0.000074 0.000006 0.000127 0.000021 0.000089 0.000051 0.000129 0.000068 0.226511 0.037975 0.000213 0.000000 0.000091
 0.000421 0.000006 0.000029 0.000041 0.000021 0.000419 0.000007 0.018880 0.018813 0.000127 0.000021 0.018896 0.000051 0.000129 0.000068 0.866173 0.075592 0.000213 0.000000 0.000091
 0.000421 0.000006 0.000029 0.000041 0.000021 0.000419 0.000007 0.000074 0.000006 0.000127 0.000021 0.018896 0.000051 0.037747 0.000068 0.094581 0.847180 0.000213 0.000000 0.000091
 0.753131 0.000006 0.000029 0.000041 0.000021 0.000419 0.000007 0.000074 0.000006 0.000127 0.000021 0.000089 0.037668 0.018936 0.000068 0.000540 0.188511 0.000213 0.000000 0.000091
 0.019228 0.000006 0.000029 0.000041 0.000021 0.000419 0.000007 0.000074 0.000006 0.018934 0.000021 0.000089 0.000051 0.000129 0.000068 0.263928 0.696644 0.000213 0.000000 0.000091

MOTIF 16-VGQVB STREME-16
letter-probability matrix: alength= 20 w= 5 nsites= 86 E= 2.2e+000
 0.000268 0.000004 0.000019 0.000026 0.000013 0.048120 0.000004 0.347093 0.000004 0.005045 0.000013 0.083821 0.000032 0.000082 0.000043 0.155894 0.000227 0.359232 0.000000 0.000058
 0.000268 0.000004 0.000019 0.000026 0.000013 0.998541 0.000004 0.000047 0.000004 0.000081 0.000013 0.000057 0.000032 0.000082 0.000043 0.000344 0.000227 0.000136 0.000000 0.000058
 0.000268 0.000004 0.000019 0.179577 0.000013 0.119931 0.000004 0.000047 0.000004 0.000081 0.000013 0.083807 0.100706 0.359175 0.000043 0.072144 0.000227 0.059954 0.000000 0.023981
 0.000268 0.000004 0.000019 0.000026 0.000013 0.000267 0.000004 0.000047 0.000004 0.000081 0.000013 0.000057 0.000032 0.000082 0.000043 0.000344 0.143808 0.854830 0.000000 0.000058
 0.000268 0.000004 0.358967 0.000026 0.000013 0.000267 0.000004 0.000047 0.000004 0.000081 0.000013 0.639382 0.000032 0.000082 0.000043 0.000344 0.000227 0.000136 0.000000 0.000058

MOTIF 17-LVSGG STREME-17
letter-probability matrix: alength= 20 w= 5 nsites= 32 E= 2.2e+000
 0.000768 0.000012 0.000053 0.000074 0.000038 0.000765 0.000013 0.000134 0.000011 0.995286 0.000038 0.000162 0.000093 0.000236 0.000124 0.000985 0.000652 0.000389 0.000001 0.000165
 0.206554 0.000012 0.000053 0.000074 0.000038 0.035049 0.000013 0.000134 0.000011 0.000232 0.000038 0.000162 0.000093 0.000236 0.000124 0.069562 0.172154 0.515293 0.000001 0.000165
 0.000768 0.000012 0.000053 0.000074 0.000038 0.000765 0.000013 0.000134 0.000011 0.000232 0.000038 0.000162 0.000093 0.000236 0.000124 0.755960 0.240731 0.000389 0.000001 0.000165
 0.000768 0.000012 0.000053 0.000074 0.000038 0.995818 0.000013 0.000134 0.000011 0.000232 0.000038 0.000162 0.000093 0.000236 0.000124 0.000985 0.000652 0.000389 0.000001 0.000165
 0.000768 0.000012 0.000053 0.000074 0.000038 0.995818 0.000013 0.000134 0.000011 0.000232 0.000038 0.000162 0.000093 0.000236 0.000124 0.000985 0.000652 0.000389 0.000001 0.000165

MOTIF 18-STPGAS STREME-18
letter-probability matrix: alength= 20 w= 6 nsites= 43 E= 4.5e+000
 0.000557 0.000008 0.000039 0.000054 0.000028 0.000554 0.000009 0.000098 0.000008 0.000168 0.000028 0.000118 0.000067 0.000171 0.000090 0.997128 0.000473 0.000282 0.000000 0.000120
 0.000557 0.000008 0.000039 0.000054 0.000028 0.025412 0.000009 0.000098 0.000008 0.000168 0.000028 0.000118 0.000067 0.000171 0.000090 0.011029 0.961715 0.000282 0.000000 0.000120
 0.050277 0.000008 0.000039 0.000054 0.000028 0.000554 0.000009 0.000098 0.000008 0.000168 0.000028 0.000118 0.557893 0.000171 0.000090 0.000714 0.389341 0.000282 0.000000 0.000120
 0.000557 0.000008 0.000039 0.000054 0.000028 0.996968 0.000009 0.000098 0.000008 0.000168 0.000028 0.000118 0.000067 0.000171 0.000090 0.000714 0.000473 0.000282 0.000000 0.000120
 0.872649 0.000008 0.000039 0.000054 0.000028 0.000554 0.000009 0.024955 0.000008 0.000168 0.000028 0.000118 0.000067 0.000171 0.000090 0.000714 0.000473 0.099746 0.000000 0.000120
 0.000557 0.000008 0.000039 0.000054 0.000028 0.000554 0.000009 0.000098 0.000008 0.000168 0.000028 0.000118 0.024925 0.000171 0.000090 0.972271 0.000473 0.000282 0.000000 0.000120

********************************************************************************
Stopped because 3 consecutive motifs exceeded the p-value threshold (0.05).
********************************************************************************
COMMAND:	streme --protein --p ./Data/v0_cluster_windows_15mers/cluster_14.fasta --minw 3 --maxw 15 --thresh 0.05 --oc ./Results/v0_Parallel_Run_20250503_171149/streme_out_cluster_14
********************************************************************************
CPU:		Hirokis-MacBook-Air.local
********************************************************************************
FINALTIME:	47.29 seconds
********************************************************************************
