********************************************************************************
STREME - Sensitive, Thorough, Rapid, Enriched Motif Elicitation
********************************************************************************
MEME version 5.5.7 (Release date: Wed Jun 19 13:59:04 2024 -0700)

For further information on how to interpret these results please access https://meme-suite.org/meme.
To get a copy of the MEME Suite software please access https://meme-suite.org.

********************************************************************************


********************************************************************************
REFERENCE
********************************************************************************
If you use this program in your research, please cite:

Timothy L. Bailey,
"STREME: accurate and versatile sequence motif discovery",
Bioinformatics, Mar. 24, 2021.
********************************************************************************


ALPHABET= ACDEFGHIKLMNPQRSTVWY

strands: +

Background letter frequencies
A 0.0875 C 6.53e-05 D 0.00137 E 0.0288 F 0.0653 G 0.132 H 6.53e-05 I 0.108 K 0.00398 L 0.00137 M 6.53e-05 N 0.0079 P 0.0666 Q 0.0523 R 0.0575 S 0.0875 T 0.188 V 0.0418 W 6.53e-05 Y 0.0693 

MOTIF 1-TQTIRTYGPASIFSG STREME-1
letter-probability matrix: alength= 20 w= 15 nsites= 51 E= 7.9e-003
 0.007957 0.000006 0.000125 0.002617 0.005940 0.011991 0.000006 0.009855 0.000362 0.000125 0.000006 0.000718 0.006058 0.004753 0.005228 0.007957 0.926191 0.003804 0.000006 0.006296
 0.007957 0.000006 0.000125 0.002617 0.005940 0.011991 0.000006 0.009855 0.000362 0.000125 0.000006 0.000718 0.006058 0.913844 0.005228 0.007957 0.017100 0.003804 0.000006 0.006296
 0.007957 0.000006 0.000125 0.002617 0.005940 0.011991 0.000006 0.009855 0.000362 0.000125 0.000006 0.000718 0.006058 0.004753 0.005228 0.007957 0.926191 0.003804 0.000006 0.006296
 0.007957 0.000006 0.000125 0.002617 0.005940 0.011991 0.000006 0.918945 0.000362 0.000125 0.000006 0.000718 0.006058 0.004753 0.005228 0.007957 0.017100 0.003804 0.000006 0.006296
 0.007957 0.000006 0.000125 0.002617 0.005940 0.011991 0.000006 0.009855 0.000362 0.000125 0.000006 0.000718 0.006058 0.004753 0.914319 0.007957 0.017100 0.003804 0.000006 0.006296
 0.007957 0.000006 0.000125 0.002617 0.005940 0.011991 0.000006 0.009855 0.000362 0.000125 0.000006 0.000718 0.006058 0.004753 0.005228 0.007957 0.926191 0.003804 0.000006 0.006296
 0.007957 0.000006 0.000125 0.002617 0.005940 0.011991 0.000006 0.009855 0.000362 0.000125 0.000006 0.000718 0.006058 0.004753 0.005228 0.007957 0.017100 0.003804 0.000006 0.915387
 0.007957 0.000006 0.000125 0.002617 0.005940 0.921082 0.000006 0.009855 0.000362 0.000125 0.000006 0.000718 0.006058 0.004753 0.005228 0.007957 0.017100 0.003804 0.000006 0.006296
 0.007957 0.000006 0.000125 0.002617 0.005940 0.011991 0.000006 0.009855 0.000362 0.000125 0.000006 0.000718 0.915149 0.004753 0.005228 0.007957 0.017100 0.003804 0.000006 0.006296
 0.917048 0.000006 0.000125 0.002617 0.005940 0.011991 0.000006 0.009855 0.000362 0.000125 0.000006 0.000718 0.006058 0.004753 0.005228 0.007957 0.017100 0.003804 0.000006 0.006296
 0.007957 0.000006 0.000125 0.002617 0.005940 0.011991 0.000006 0.009855 0.000362 0.000125 0.000006 0.000718 0.006058 0.004753 0.005228 0.917048 0.017100 0.003804 0.000006 0.006296
 0.007957 0.000006 0.000125 0.002617 0.005940 0.011991 0.000006 0.918945 0.000362 0.000125 0.000006 0.000718 0.006058 0.004753 0.005228 0.007957 0.017100 0.003804 0.000006 0.006296
 0.007957 0.000006 0.000125 0.002617 0.915031 0.011991 0.000006 0.009855 0.000362 0.000125 0.000006 0.000718 0.006058 0.004753 0.005228 0.007957 0.017100 0.003804 0.000006 0.006296
 0.007957 0.000006 0.000125 0.002617 0.005940 0.011991 0.000006 0.009855 0.000362 0.000125 0.000006 0.000718 0.006058 0.004753 0.005228 0.917048 0.017100 0.003804 0.000006 0.006296
 0.007957 0.000006 0.000125 0.002617 0.005940 0.921082 0.000006 0.009855 0.000362 0.000125 0.000006 0.000718 0.006058 0.004753 0.005228 0.007957 0.017100 0.003804 0.000006 0.006296

MOTIF 2-SAV STREME-2
letter-probability matrix: alength= 20 w= 3 nsites= 11 E= 1.0e+000
 0.001400 0.000001 0.000022 0.000460 0.001045 0.190251 0.000001 0.001733 0.000064 0.000022 0.000001 0.000126 0.001066 0.000836 0.000920 0.797268 0.003008 0.000669 0.000001 0.001107
 0.573838 0.000001 0.000022 0.000460 0.001045 0.002109 0.000001 0.001733 0.000064 0.000022 0.000001 0.000126 0.001066 0.000836 0.000920 0.001400 0.003008 0.412241 0.000001 0.001107
 0.001400 0.000001 0.000022 0.000460 0.001045 0.002109 0.000001 0.001733 0.000064 0.000022 0.000001 0.000126 0.001066 0.000836 0.000920 0.001400 0.003008 0.984679 0.000001 0.001107

********************************************************************************
Stopped because the next motif had no positive sites with scores > 0.
********************************************************************************
COMMAND:	streme --protein --p ./Data/v1_cluster_windows_15mers/cluster_13986.fasta --minw 3 --maxw 15 --thresh 0.05 --oc ./Results/v1_Top500_Run_20250504_162200/streme_out_cluster_13986
********************************************************************************
CPU:		Hirokis-MacBook-Air.local
********************************************************************************
FINALTIME:	0.15 seconds
********************************************************************************
