********************************************************************************
STREME - Sensitive, Thorough, Rapid, Enriched Motif Elicitation
********************************************************************************
MEME version 5.5.7 (Release date: Wed Jun 19 13:59:04 2024 -0700)

For further information on how to interpret these results please access https://meme-suite.org/meme.
To get a copy of the MEME Suite software please access https://meme-suite.org.

********************************************************************************


********************************************************************************
REFERENCE
********************************************************************************
If you use this program in your research, please cite:

Timothy L. Bailey,
"STREME: accurate and versatile sequence motif discovery",
Bioinformatics, Mar. 24, 2021.
********************************************************************************


ALPHABET= ACDEFGHIKLMNPQRSTVWY

strands: +

Background letter frequencies
A 0.00192 C 4.69e-05 D 4.69e-05 E 4.69e-05 F 0.000985 G 0.298 H 4.69e-05 I 0.000985 K 4.69e-05 L 0.00474 M 4.69e-05 N 0.000985 P 0.383 Q 0.141 R 0.00943 S 0.0957 T 0.0582 V 0.00474 W 4.69e-05 Y 4.69e-05 

MOTIF 1-PQGPSPQGPTGP STREME-1
letter-probability matrix: alength= 20 w= 12 nsites= 71 E= 1.2e-003
 0.000004 0.000000 0.000000 0.000000 0.013301 0.000572 0.000000 0.000002 0.000000 0.000009 0.000000 0.000002 0.958919 0.013569 0.000018 0.013483 0.000112 0.000009 0.000000 0.000000
 0.000004 0.000000 0.000000 0.000000 0.000002 0.000572 0.000000 0.000002 0.000000 0.000009 0.000000 0.000002 0.000734 0.984977 0.000018 0.013558 0.000112 0.000009 0.000000 0.000000
 0.000004 0.000000 0.000000 0.000000 0.000002 0.862855 0.000000 0.000002 0.000000 0.000009 0.000000 0.000002 0.000734 0.000270 0.135817 0.000184 0.000112 0.000009 0.000000 0.000000
 0.000004 0.000000 0.000000 0.000000 0.000002 0.000572 0.000000 0.000002 0.000000 0.026759 0.000000 0.000002 0.958767 0.000270 0.000018 0.013483 0.000112 0.000009 0.000000 0.000000
 0.000004 0.000000 0.000000 0.000000 0.000002 0.000572 0.000000 0.000002 0.000000 0.000009 0.000000 0.000002 0.000734 0.000270 0.000018 0.998265 0.000112 0.000009 0.000000 0.000000
 0.000004 0.000000 0.000000 0.000000 0.000002 0.027170 0.000000 0.000002 0.000000 0.000009 0.000000 0.000002 0.972218 0.000270 0.000018 0.000184 0.000112 0.000009 0.000000 0.000000
 0.000004 0.000000 0.000000 0.000000 0.000002 0.000572 0.000000 0.000002 0.000000 0.000009 0.000000 0.000002 0.014033 0.971754 0.000018 0.000184 0.013411 0.000009 0.000000 0.000000
 0.000004 0.000000 0.000000 0.000000 0.000002 0.945306 0.000000 0.000002 0.000000 0.000009 0.000000 0.000002 0.000734 0.000270 0.000018 0.026782 0.000112 0.026759 0.000000 0.000000
 0.000004 0.000000 0.000000 0.000000 0.000002 0.000572 0.000000 0.000002 0.000000 0.013308 0.000000 0.000002 0.985517 0.000270 0.000018 0.000184 0.000112 0.000009 0.000000 0.000000
 0.013303 0.000000 0.000000 0.000000 0.000002 0.000572 0.000000 0.000002 0.000000 0.000009 0.000000 0.013301 0.000734 0.026868 0.000018 0.133860 0.811321 0.000009 0.000000 0.000000
 0.000004 0.000000 0.000000 0.000000 0.000002 0.958681 0.000000 0.000002 0.000000 0.000009 0.000000 0.000002 0.014109 0.000270 0.000018 0.000184 0.000112 0.026607 0.000000 0.000000
 0.000004 0.000000 0.000000 0.000000 0.000002 0.000572 0.000000 0.000002 0.000000 0.013308 0.000000 0.000002 0.958843 0.013645 0.000018 0.000184 0.013411 0.000009 0.000000 0.000000

MOTIF 2-GPG STREME-2
letter-probability matrix: alength= 20 w= 3 nsites= 47 E= 5.7e-001
 0.000175 0.000004 0.000004 0.000004 0.000090 0.936216 0.000004 0.000090 0.000004 0.000431 0.000004 0.000090 0.034797 0.012799 0.000857 0.008702 0.005291 0.000431 0.000004 0.000004
 0.000175 0.000004 0.000004 0.000004 0.000090 0.027125 0.000004 0.000090 0.000004 0.000431 0.000004 0.000090 0.943888 0.012799 0.000857 0.008702 0.005291 0.000431 0.000004 0.000004
 0.000175 0.000004 0.000004 0.000004 0.000090 0.936216 0.000004 0.000090 0.000004 0.000431 0.000004 0.000090 0.034797 0.012799 0.000857 0.008702 0.005291 0.000431 0.000004 0.000004

MOTIF 3-GPS STREME-3
letter-probability matrix: alength= 20 w= 3 nsites= 12 E= 4.0e+000
 0.000175 0.000004 0.000004 0.000004 0.000090 0.936216 0.000004 0.000090 0.000004 0.000431 0.000004 0.000090 0.034797 0.012799 0.000857 0.008702 0.005291 0.000431 0.000004 0.000004
 0.000175 0.000004 0.000004 0.000004 0.000090 0.027125 0.000004 0.000090 0.000004 0.000431 0.000004 0.000090 0.943888 0.012799 0.000857 0.008702 0.005291 0.000431 0.000004 0.000004
 0.000175 0.000004 0.000004 0.000004 0.000090 0.027125 0.000004 0.000090 0.000004 0.000431 0.000004 0.000090 0.034797 0.012799 0.000857 0.917793 0.005291 0.000431 0.000004 0.000004

MOTIF 4-GTS STREME-4
letter-probability matrix: alength= 20 w= 3 nsites= 2 E= 4.0e+000
 0.000175 0.000004 0.000004 0.000004 0.000090 0.936216 0.000004 0.000090 0.000004 0.000431 0.000004 0.000090 0.034797 0.012799 0.000857 0.008702 0.005291 0.000431 0.000004 0.000004
 0.000175 0.000004 0.000004 0.000004 0.000090 0.027125 0.000004 0.000090 0.000004 0.000431 0.000004 0.000090 0.034797 0.012799 0.000857 0.008702 0.914382 0.000431 0.000004 0.000004
 0.000175 0.000004 0.000004 0.000004 0.000090 0.027125 0.000004 0.000090 0.000004 0.000431 0.000004 0.000090 0.034797 0.012799 0.000857 0.917793 0.005291 0.000431 0.000004 0.000004

********************************************************************************
Stopped because 3 consecutive motifs exceeded the p-value threshold (0.05).
********************************************************************************
COMMAND:	streme --protein --p ./Data/v1_cluster_windows_15mers/cluster_11580.fasta --minw 3 --maxw 15 --thresh 0.05 --oc ./Results/v1_Top500_Run_20250504_162200/streme_out_cluster_11580
********************************************************************************
CPU:		Hirokis-MacBook-Air.local
********************************************************************************
FINALTIME:	0.24 seconds
********************************************************************************
