********************************************************************************
STREME - Sensitive, Thorough, Rapid, Enriched Motif Elicitation
********************************************************************************
MEME version 5.5.7 (Release date: Wed Jun 19 13:59:04 2024 -0700)

For further information on how to interpret these results please access https://meme-suite.org/meme.
To get a copy of the MEME Suite software please access https://meme-suite.org.

********************************************************************************


********************************************************************************
REFERENCE
********************************************************************************
If you use this program in your research, please cite:

Timothy L. Bailey,
"STREME: accurate and versatile sequence motif discovery",
Bioinformatics, Mar. 24, 2021.
********************************************************************************


ALPHABET= ACDEFGHIKLMNPQRSTVWY

strands: +

Background letter frequencies
A 0.00432 C 7.08e-05 D 0.0142 E 7.08e-05 F 7.08e-05 G 0.507 H 7.08e-05 I 7.08e-05 K 7.08e-05 L 0.259 M 0.00574 N 7.08e-05 P 7.08e-05 Q 0.0638 R 0.00574 S 0.0666 T 7.08e-05 V 0.0029 W 7.08e-05 Y 0.0695 

MOTIF 1-GGLGGLGLYGQGSGL STREME-1
letter-probability matrix: alength= 20 w= 15 nsites= 47 S= 6.2e-028
 0.000393 0.000006 0.001294 0.000006 0.000006 0.955196 0.000006 0.000006 0.000006 0.023571 0.000522 0.000006 0.000006 0.005800 0.000522 0.006058 0.000006 0.000264 0.000006 0.006316
 0.000393 0.000006 0.001294 0.000006 0.000006 0.955196 0.000006 0.000006 0.000006 0.023571 0.000522 0.000006 0.000006 0.005800 0.000522 0.006058 0.000006 0.000264 0.000006 0.006316
 0.000393 0.000006 0.001294 0.000006 0.000006 0.046106 0.000006 0.000006 0.000006 0.932662 0.000522 0.000006 0.000006 0.005800 0.000522 0.006058 0.000006 0.000264 0.000006 0.006316
 0.000393 0.000006 0.001294 0.000006 0.000006 0.955196 0.000006 0.000006 0.000006 0.023571 0.000522 0.000006 0.000006 0.005800 0.000522 0.006058 0.000006 0.000264 0.000006 0.006316
 0.000393 0.000006 0.001294 0.000006 0.000006 0.955196 0.000006 0.000006 0.000006 0.023571 0.000522 0.000006 0.000006 0.005800 0.000522 0.006058 0.000006 0.000264 0.000006 0.006316
 0.000393 0.000006 0.001294 0.000006 0.000006 0.046106 0.000006 0.000006 0.000006 0.932662 0.000522 0.000006 0.000006 0.005800 0.000522 0.006058 0.000006 0.000264 0.000006 0.006316
 0.000393 0.000006 0.001294 0.000006 0.000006 0.955196 0.000006 0.000006 0.000006 0.023571 0.000522 0.000006 0.000006 0.005800 0.000522 0.006058 0.000006 0.000264 0.000006 0.006316
 0.000393 0.000006 0.001294 0.000006 0.000006 0.046106 0.000006 0.000006 0.000006 0.932662 0.000522 0.000006 0.000006 0.005800 0.000522 0.006058 0.000006 0.000264 0.000006 0.006316
 0.000393 0.000006 0.001294 0.000006 0.000006 0.046106 0.000006 0.000006 0.000006 0.023571 0.000522 0.000006 0.000006 0.005800 0.000522 0.006058 0.000006 0.000264 0.000006 0.915407
 0.000393 0.000006 0.001294 0.000006 0.000006 0.955196 0.000006 0.000006 0.000006 0.023571 0.000522 0.000006 0.000006 0.005800 0.000522 0.006058 0.000006 0.000264 0.000006 0.006316
 0.000393 0.000006 0.001294 0.000006 0.000006 0.046106 0.000006 0.000006 0.000006 0.023571 0.000522 0.000006 0.000006 0.914891 0.000522 0.006058 0.000006 0.000264 0.000006 0.006316
 0.000393 0.000006 0.001294 0.000006 0.000006 0.955196 0.000006 0.000006 0.000006 0.023571 0.000522 0.000006 0.000006 0.005800 0.000522 0.006058 0.000006 0.000264 0.000006 0.006316
 0.000393 0.000006 0.001294 0.000006 0.000006 0.046106 0.000006 0.000006 0.000006 0.023571 0.000522 0.000006 0.000006 0.005800 0.000522 0.915149 0.000006 0.000264 0.000006 0.006316
 0.000393 0.000006 0.001294 0.000006 0.000006 0.955196 0.000006 0.000006 0.000006 0.023571 0.000522 0.000006 0.000006 0.005800 0.000522 0.006058 0.000006 0.000264 0.000006 0.006316
 0.000393 0.000006 0.001294 0.000006 0.000006 0.046106 0.000006 0.000006 0.000006 0.932662 0.000522 0.000006 0.000006 0.005800 0.000522 0.006058 0.000006 0.000264 0.000006 0.006316

MOTIF 2-DSY STREME-2
letter-probability matrix: alength= 20 w= 3 nsites= 2 S= 2.5e-001
 0.000393 0.000006 0.910385 0.000006 0.000006 0.046106 0.000006 0.000006 0.000006 0.023571 0.000522 0.000006 0.000006 0.005800 0.000522 0.006058 0.000006 0.000264 0.000006 0.006316
 0.000393 0.000006 0.001294 0.000006 0.000006 0.046106 0.000006 0.000006 0.000006 0.023571 0.000522 0.000006 0.000006 0.005800 0.000522 0.915149 0.000006 0.000264 0.000006 0.006316
 0.000393 0.000006 0.001294 0.000006 0.000006 0.046106 0.000006 0.000006 0.000006 0.023571 0.000522 0.000006 0.000006 0.005800 0.000522 0.006058 0.000006 0.000264 0.000006 0.915407

********************************************************************************
Stopped because the next motif had no positive sites with scores > 0.
********************************************************************************
COMMAND:	streme --protein --p ./Data/v1_cluster_windows_15mers/cluster_6902.fasta --minw 3 --maxw 15 --thresh 0.05 --oc ./Results/v1_Top500_Run_20250504_162200/streme_out_cluster_6902
********************************************************************************
CPU:		Hirokis-MacBook-Air.local
********************************************************************************
FINALTIME:	0.19 seconds
********************************************************************************
