********************************************************************************
STREME - Sensitive, Thorough, Rapid, Enriched Motif Elicitation
********************************************************************************
MEME version 5.5.7 (Release date: Wed Jun 19 13:59:04 2024 -0700)

For further information on how to interpret these results please access https://meme-suite.org/meme.
To get a copy of the MEME Suite software please access https://meme-suite.org.

********************************************************************************


********************************************************************************
REFERENCE
********************************************************************************
If you use this program in your research, please cite:

Timothy L. Bailey,
"STREME: accurate and versatile sequence motif discovery",
Bioinformatics, Mar. 24, 2021.
********************************************************************************


ALPHABET= ACDEFGHIKLMNPQRSTVWY

strands: +

Background letter frequencies
A 0.283 C 0.000542 D 2.58e-05 E 2.58e-05 F 2.58e-05 G 0.533 H 2.58e-05 I 0.00674 K 2.58e-05 L 0.00261 M 2.58e-05 N 2.58e-05 P 0.000542 Q 2.58e-05 R 0.00777 S 0.163 T 0.00364 V 2.58e-05 W 2.58e-05 Y 2.58e-05 

MOTIF 1-GAGAGAGSGAGAGAG STREME-1
letter-probability matrix: alength= 20 w= 15 nsites= 129 E= 3.7e-007
 0.000350 0.000001 0.000000 0.000000 0.000000 0.999422 0.000000 0.000008 0.000000 0.000003 0.000000 0.000000 0.000001 0.000000 0.000010 0.000201 0.000005 0.000000 0.000000 0.000000
 0.672074 0.008574 0.000000 0.000000 0.000000 0.000659 0.000000 0.000008 0.000000 0.043192 0.000000 0.000000 0.000001 0.000000 0.000010 0.249704 0.025778 0.000000 0.000000 0.000000
 0.008923 0.000001 0.000000 0.000000 0.000000 0.990848 0.000000 0.000008 0.000000 0.000003 0.000000 0.000000 0.000001 0.000000 0.000010 0.000201 0.000005 0.000000 0.000000 0.000000
 0.912679 0.000001 0.000000 0.000000 0.000000 0.000659 0.000000 0.000008 0.000000 0.000003 0.000000 0.000000 0.000001 0.000000 0.000010 0.086635 0.000005 0.000000 0.000000 0.000000
 0.000350 0.000001 0.000000 0.000000 0.000000 0.999422 0.000000 0.000008 0.000000 0.000003 0.000000 0.000000 0.000001 0.000000 0.000010 0.000201 0.000005 0.000000 0.000000 0.000000
 0.710053 0.000001 0.000000 0.000000 0.000000 0.000659 0.000000 0.000008 0.000000 0.000003 0.000000 0.000000 0.000001 0.000000 0.000010 0.289261 0.000005 0.000000 0.000000 0.000000
 0.000350 0.000001 0.000000 0.000000 0.000000 0.999422 0.000000 0.000008 0.000000 0.000003 0.000000 0.000000 0.000001 0.000000 0.000010 0.000201 0.000005 0.000000 0.000000 0.000000
 0.000350 0.000001 0.000000 0.000000 0.000000 0.000659 0.000000 0.000008 0.000000 0.000003 0.000000 0.000000 0.000001 0.000000 0.000010 0.998964 0.000005 0.000000 0.000000 0.000000
 0.000350 0.000001 0.000000 0.000000 0.000000 0.999422 0.000000 0.000008 0.000000 0.000003 0.000000 0.000000 0.000001 0.000000 0.000010 0.000201 0.000005 0.000000 0.000000 0.000000
 0.689165 0.000001 0.000000 0.000000 0.000000 0.000659 0.000000 0.000008 0.000000 0.000003 0.000000 0.000000 0.000001 0.000000 0.000010 0.310149 0.000005 0.000000 0.000000 0.000000
 0.000350 0.000001 0.000000 0.000000 0.000000 0.999422 0.000000 0.000008 0.000000 0.000003 0.000000 0.000000 0.000001 0.000000 0.000010 0.000201 0.000005 0.000000 0.000000 0.000000
 0.808665 0.000001 0.000000 0.000000 0.000000 0.000659 0.000000 0.043414 0.000000 0.000003 0.000000 0.000000 0.000001 0.000000 0.000010 0.130043 0.017205 0.000000 0.000000 0.000000
 0.000350 0.000001 0.000000 0.000000 0.000000 0.999422 0.000000 0.000008 0.000000 0.000003 0.000000 0.000000 0.000001 0.000000 0.000010 0.000201 0.000005 0.000000 0.000000 0.000000
 0.484765 0.000001 0.000000 0.000000 0.000000 0.000659 0.000000 0.060614 0.000000 0.000003 0.000000 0.000000 0.008574 0.000000 0.095451 0.332728 0.017205 0.000000 0.000000 0.000000
 0.000350 0.000001 0.000000 0.000000 0.000000 0.999422 0.000000 0.000008 0.000000 0.000003 0.000000 0.000000 0.000001 0.000000 0.000010 0.000201 0.000005 0.000000 0.000000 0.000000

********************************************************************************
Stopped because the next motif had no positive sites with scores > 0.
********************************************************************************
COMMAND:	streme --protein --p ./Data/v1_cluster_windows_15mers/cluster_20646.fasta --minw 3 --maxw 15 --thresh 0.05 --oc ./Results/v1_Top500_Run_20250504_162200/streme_out_cluster_20646
********************************************************************************
CPU:		Hirokis-MacBook-Air.local
********************************************************************************
FINALTIME:	0.16 seconds
********************************************************************************
