********************************************************************************
STREME - Sensitive, Thorough, Rapid, Enriched Motif Elicitation
********************************************************************************
MEME version 5.5.7 (Release date: Wed Jun 19 13:59:04 2024 -0700)

For further information on how to interpret these results please access https://meme-suite.org/meme.
To get a copy of the MEME Suite software please access https://meme-suite.org.

********************************************************************************


********************************************************************************
REFERENCE
********************************************************************************
If you use this program in your research, please cite:

Timothy L. Bailey,
"STREME: accurate and versatile sequence motif discovery",
Bioinformatics, Mar. 24, 2021.
********************************************************************************


ALPHABET= ACDEFGHIKLMNPQRSTVWY

strands: +

Background letter frequencies
A 0.243 C 0.00114 D 0.00669 E 0.0128 F 0.0206 G 0.467 H 2.78e-05 I 0.0167 K 2.78e-05 L 0.0256 M 2.78e-05 N 0.0106 P 0.0161 Q 2.78e-05 R 0.0189 S 0.101 T 0.0295 V 0.0222 W 2.78e-05 Y 0.0078 

MOTIF 1-GAGSGAGAG STREME-1
letter-probability matrix: alength= 20 w= 9 nsites= 107 E= 2.7e-003
 0.000345 0.000002 0.000010 0.000018 0.000029 0.919096 0.000000 0.000024 0.000000 0.000036 0.000000 0.000015 0.000023 0.000000 0.080174 0.000144 0.000042 0.000032 0.000000 0.000011
 0.799542 0.000002 0.039843 0.000018 0.000029 0.070685 0.000000 0.000024 0.000000 0.000036 0.000000 0.000015 0.009914 0.000000 0.000027 0.069922 0.009900 0.000032 0.000000 0.000011
 0.010236 0.000002 0.000010 0.000018 0.000029 0.859884 0.000000 0.000024 0.000000 0.000036 0.000000 0.000015 0.000023 0.000000 0.129494 0.000144 0.000042 0.000032 0.000000 0.000011
 0.172180 0.000002 0.019792 0.000018 0.158796 0.010556 0.000000 0.019806 0.000000 0.029812 0.000000 0.049978 0.029663 0.000000 0.000027 0.380192 0.119244 0.009923 0.000000 0.000011
 0.000345 0.000002 0.000010 0.000018 0.000029 0.969602 0.000000 0.000024 0.000000 0.000036 0.000000 0.000015 0.000023 0.000000 0.000027 0.000144 0.000042 0.029672 0.000000 0.000011
 0.778722 0.000002 0.000010 0.000018 0.000029 0.000665 0.000000 0.000024 0.000000 0.000036 0.000000 0.000015 0.000023 0.000000 0.000027 0.210487 0.009900 0.000032 0.000000 0.000011
 0.000345 0.000002 0.000010 0.000018 0.000029 0.999243 0.000000 0.000024 0.000000 0.000036 0.000000 0.000015 0.000023 0.000000 0.000027 0.000144 0.000042 0.000032 0.000000 0.000011
 0.760584 0.000002 0.000010 0.000018 0.039730 0.000665 0.000000 0.000024 0.000000 0.119204 0.000000 0.000015 0.000023 0.000000 0.000027 0.040149 0.000042 0.039497 0.000000 0.000011
 0.000345 0.000002 0.000010 0.059739 0.000029 0.909815 0.000000 0.009948 0.000000 0.000036 0.000000 0.019797 0.000023 0.000000 0.000027 0.000144 0.000042 0.000032 0.000000 0.000011

MOTIF 2-PGAG STREME-2
letter-probability matrix: alength= 20 w= 4 nsites= 18 E= 4.3e-001
 0.002543 0.000012 0.000070 0.000134 0.000216 0.004899 0.000000 0.000175 0.000000 0.000268 0.000000 0.000111 0.989690 0.000000 0.000198 0.001059 0.000309 0.000233 0.000000 0.000082
 0.002543 0.000012 0.000070 0.000134 0.000216 0.994420 0.000000 0.000175 0.000000 0.000268 0.000000 0.000111 0.000169 0.000000 0.000198 0.001059 0.000309 0.000233 0.000000 0.000082
 0.698563 0.000012 0.000070 0.000134 0.000216 0.004899 0.000000 0.000175 0.000000 0.000268 0.000000 0.000111 0.000169 0.000000 0.000198 0.294560 0.000309 0.000233 0.000000 0.000082
 0.002543 0.000012 0.000070 0.000134 0.000216 0.817353 0.000000 0.000175 0.000000 0.000268 0.000000 0.000111 0.000169 0.000000 0.000198 0.178126 0.000309 0.000233 0.000000 0.000082

MOTIF 3-ESA STREME-3
letter-probability matrix: alength= 20 w= 3 nsites= 7 E= 2.0e+000
 0.022063 0.000103 0.000608 0.910255 0.001870 0.042499 0.000003 0.001517 0.000003 0.002325 0.000003 0.000962 0.001466 0.000003 0.001719 0.009191 0.002678 0.002022 0.000003 0.000709
 0.022063 0.000103 0.000608 0.001164 0.001870 0.042499 0.000003 0.001517 0.000003 0.002325 0.000003 0.000962 0.001466 0.000003 0.001719 0.918282 0.002678 0.002022 0.000003 0.000709
 0.931154 0.000103 0.000608 0.001164 0.001870 0.042499 0.000003 0.001517 0.000003 0.002325 0.000003 0.000962 0.001466 0.000003 0.001719 0.009191 0.002678 0.002022 0.000003 0.000709

MOTIF 4-ARGGSG STREME-4
letter-probability matrix: alength= 20 w= 6 nsites= 5 E= 4.0e+000
 0.931154 0.000103 0.000608 0.001164 0.001870 0.042499 0.000003 0.001517 0.000003 0.002325 0.000003 0.000962 0.001466 0.000003 0.001719 0.009191 0.002678 0.002022 0.000003 0.000709
 0.022063 0.000103 0.000608 0.001164 0.001870 0.042499 0.000003 0.001517 0.000003 0.002325 0.000003 0.000962 0.001466 0.000003 0.910810 0.009191 0.002678 0.002022 0.000003 0.000709
 0.022063 0.000103 0.000608 0.001164 0.001870 0.951590 0.000003 0.001517 0.000003 0.002325 0.000003 0.000962 0.001466 0.000003 0.001719 0.009191 0.002678 0.002022 0.000003 0.000709
 0.022063 0.000103 0.000608 0.001164 0.001870 0.951590 0.000003 0.001517 0.000003 0.002325 0.000003 0.000962 0.001466 0.000003 0.001719 0.009191 0.002678 0.002022 0.000003 0.000709
 0.022063 0.000103 0.000608 0.001164 0.001870 0.042499 0.000003 0.001517 0.000003 0.002325 0.000003 0.000962 0.001466 0.000003 0.001719 0.918282 0.002678 0.002022 0.000003 0.000709
 0.022063 0.000103 0.000608 0.001164 0.001870 0.951590 0.000003 0.001517 0.000003 0.002325 0.000003 0.000962 0.001466 0.000003 0.001719 0.009191 0.002678 0.002022 0.000003 0.000709

********************************************************************************
Stopped because 3 consecutive motifs exceeded the p-value threshold (0.05).
********************************************************************************
COMMAND:	streme --protein --p ./Data/v1_cluster_windows_15mers/cluster_8485.fasta --minw 3 --maxw 15 --thresh 0.05 --oc ./Results/v1_Top500_Run_20250504_162200/streme_out_cluster_8485
********************************************************************************
CPU:		Hirokis-MacBook-Air.local
********************************************************************************
FINALTIME:	0.27 seconds
********************************************************************************
