********************************************************************************
STREME - Sensitive, Thorough, Rapid, Enriched Motif Elicitation
********************************************************************************
MEME version 5.5.7 (Release date: Wed Jun 19 13:59:04 2024 -0700)

For further information on how to interpret these results please access https://meme-suite.org/meme.
To get a copy of the MEME Suite software please access https://meme-suite.org.

********************************************************************************


********************************************************************************
REFERENCE
********************************************************************************
If you use this program in your research, please cite:

Timothy L. Bailey,
"STREME: accurate and versatile sequence motif discovery",
Bioinformatics, Mar. 24, 2021.
********************************************************************************


ALPHABET= ACDEFGHIKLMNPQRSTVWY

strands: +

Background letter frequencies
A 0.0772 C 0.000853 D 0.0602 E 0.00573 F 0.0675 G 0.0512 H 0.000853 I 0.00329 K 0.00248 L 0.184 M 0.0122 N 0.0772 P 0.00248 Q 0.0642 R 4.06e-05 S 0.319 T 0.00573 V 0.0667 W 4.06e-05 Y 4.06e-05 

MOTIF 1-MSSNLLSSGDFV STREME-1
letter-probability matrix: alength= 20 w= 12 nsites= 82 E= 3.9e-004
 0.007019 0.000078 0.005468 0.000521 0.006134 0.004656 0.000078 0.000299 0.000225 0.016691 0.910203 0.007019 0.000225 0.005838 0.000004 0.028955 0.000521 0.006059 0.000004 0.000004
 0.007019 0.000078 0.005468 0.000521 0.006134 0.004656 0.000078 0.000299 0.000225 0.016691 0.001112 0.007019 0.000225 0.005838 0.000004 0.938046 0.000521 0.006059 0.000004 0.000004
 0.007019 0.000078 0.005468 0.000521 0.006134 0.004656 0.000078 0.000299 0.000225 0.016691 0.001112 0.007019 0.000225 0.005838 0.000004 0.938046 0.000521 0.006059 0.000004 0.000004
 0.007019 0.000078 0.005468 0.000521 0.006134 0.004656 0.000078 0.000299 0.000225 0.016691 0.001112 0.916110 0.000225 0.005838 0.000004 0.028955 0.000521 0.006059 0.000004 0.000004
 0.007019 0.000078 0.005468 0.000521 0.006134 0.004656 0.000078 0.000299 0.000225 0.925782 0.001112 0.007019 0.000225 0.005838 0.000004 0.028955 0.000521 0.006059 0.000004 0.000004
 0.007019 0.000078 0.005468 0.000521 0.006134 0.004656 0.000078 0.000299 0.000225 0.925782 0.001112 0.007019 0.000225 0.005838 0.000004 0.028955 0.000521 0.006059 0.000004 0.000004
 0.007019 0.000078 0.005468 0.000521 0.006134 0.004656 0.000078 0.000299 0.000225 0.016691 0.001112 0.007019 0.000225 0.005838 0.000004 0.938046 0.000521 0.006059 0.000004 0.000004
 0.007019 0.000078 0.005468 0.000521 0.006134 0.004656 0.000078 0.000299 0.000225 0.016691 0.001112 0.007019 0.000225 0.005838 0.000004 0.938046 0.000521 0.006059 0.000004 0.000004
 0.007019 0.000078 0.005468 0.000521 0.006134 0.913747 0.000078 0.000299 0.000225 0.016691 0.001112 0.007019 0.000225 0.005838 0.000004 0.028955 0.000521 0.006059 0.000004 0.000004
 0.007019 0.000078 0.914559 0.000521 0.006134 0.004656 0.000078 0.000299 0.000225 0.016691 0.001112 0.007019 0.000225 0.005838 0.000004 0.028955 0.000521 0.006059 0.000004 0.000004
 0.007019 0.000078 0.005468 0.000521 0.915225 0.004656 0.000078 0.000299 0.000225 0.016691 0.001112 0.007019 0.000225 0.005838 0.000004 0.028955 0.000521 0.006059 0.000004 0.000004
 0.007019 0.000078 0.005468 0.000521 0.006134 0.004656 0.000078 0.000299 0.000225 0.016691 0.001112 0.007019 0.000225 0.005838 0.000004 0.028955 0.000521 0.915150 0.000004 0.000004

MOTIF 2-AQS STREME-2
letter-probability matrix: alength= 20 w= 3 nsites= 76 E= 3.5e-003
 0.998722 0.000001 0.000083 0.000008 0.000093 0.000071 0.000001 0.000005 0.000003 0.000254 0.000017 0.000107 0.000003 0.000089 0.000000 0.000441 0.000008 0.000092 0.000000 0.000000
 0.000107 0.000001 0.000083 0.000008 0.000093 0.000071 0.000001 0.000005 0.000003 0.000254 0.000017 0.000107 0.000003 0.998704 0.000000 0.000441 0.000008 0.000092 0.000000 0.000000
 0.039095 0.000001 0.000083 0.000008 0.000093 0.000071 0.000001 0.000005 0.000003 0.000254 0.000017 0.000107 0.000003 0.000089 0.000000 0.960068 0.000008 0.000092 0.000000 0.000000

MOTIF 3-SLVPS STREME-3
letter-probability matrix: alength= 20 w= 5 nsites= 2 E= 5.0e+000
 0.009735 0.000108 0.007584 0.000722 0.008507 0.006458 0.000108 0.000415 0.000312 0.023149 0.001542 0.009735 0.000312 0.008097 0.000005 0.914077 0.000722 0.008403 0.000005 0.000005
 0.009735 0.000108 0.007584 0.000722 0.008507 0.006458 0.000108 0.000415 0.000312 0.897069 0.001542 0.009735 0.000312 0.008097 0.000005 0.040157 0.000722 0.008403 0.000005 0.000005
 0.009735 0.000108 0.007584 0.000722 0.008507 0.006458 0.000108 0.000415 0.000312 0.023149 0.001542 0.009735 0.000312 0.008097 0.000005 0.040157 0.000722 0.882323 0.000005 0.000005
 0.009735 0.000108 0.007584 0.000722 0.008507 0.006458 0.000108 0.000415 0.000312 0.023149 0.001542 0.009735 0.874232 0.008097 0.000005 0.040157 0.000722 0.008403 0.000005 0.000005
 0.009735 0.000108 0.007584 0.000722 0.008507 0.006458 0.000108 0.000415 0.000312 0.023149 0.001542 0.009735 0.000312 0.008097 0.000005 0.914077 0.000722 0.008403 0.000005 0.000005

MOTIF 4-SQAL STREME-4
letter-probability matrix: alength= 20 w= 4 nsites= 2 E= 5.0e+000
 0.007019 0.000078 0.005468 0.000521 0.006134 0.004656 0.000078 0.000299 0.000225 0.016691 0.001112 0.007019 0.000225 0.005838 0.000004 0.938046 0.000521 0.006059 0.000004 0.000004
 0.007019 0.000078 0.005468 0.000521 0.006134 0.004656 0.000078 0.000299 0.000225 0.016691 0.001112 0.007019 0.000225 0.914929 0.000004 0.028955 0.000521 0.006059 0.000004 0.000004
 0.916110 0.000078 0.005468 0.000521 0.006134 0.004656 0.000078 0.000299 0.000225 0.016691 0.001112 0.007019 0.000225 0.005838 0.000004 0.028955 0.000521 0.006059 0.000004 0.000004
 0.007019 0.000078 0.005468 0.000521 0.006134 0.004656 0.000078 0.000299 0.000225 0.925782 0.001112 0.007019 0.000225 0.005838 0.000004 0.028955 0.000521 0.006059 0.000004 0.000004

MOTIF 5-AKSL STREME-5
letter-probability matrix: alength= 20 w= 4 nsites= 1 E= 5.0e+000
 0.883655 0.000108 0.007584 0.000722 0.008507 0.006458 0.000108 0.000415 0.000312 0.023149 0.001542 0.009735 0.000312 0.008097 0.000005 0.040157 0.000722 0.008403 0.000005 0.000005
 0.009735 0.000108 0.007584 0.000722 0.008507 0.006458 0.000108 0.000415 0.874232 0.023149 0.001542 0.009735 0.000312 0.008097 0.000005 0.040157 0.000722 0.008403 0.000005 0.000005
 0.009735 0.000108 0.007584 0.000722 0.008507 0.006458 0.000108 0.000415 0.000312 0.023149 0.001542 0.009735 0.000312 0.008097 0.000005 0.914077 0.000722 0.008403 0.000005 0.000005
 0.009735 0.000108 0.007584 0.000722 0.008507 0.006458 0.000108 0.000415 0.000312 0.897069 0.001542 0.009735 0.000312 0.008097 0.000005 0.040157 0.000722 0.008403 0.000005 0.000005

********************************************************************************
Stopped because 3 consecutive motifs exceeded the p-value threshold (0.05).
********************************************************************************
COMMAND:	streme --protein --p ./Data/v1_cluster_windows_15mers/cluster_4867.fasta --minw 3 --maxw 15 --thresh 0.05 --oc ./Results/v1_Top500_Run_20250504_162200/streme_out_cluster_4867
********************************************************************************
CPU:		Hirokis-MacBook-Air.local
********************************************************************************
FINALTIME:	0.14 seconds
********************************************************************************
