********************************************************************************
STREME - Sensitive, Thorough, Rapid, Enriched Motif Elicitation
********************************************************************************
MEME version 5.5.7 (Release date: Wed Jun 19 13:59:04 2024 -0700)

For further information on how to interpret these results please access https://meme-suite.org/meme.
To get a copy of the MEME Suite software please access https://meme-suite.org.

********************************************************************************


********************************************************************************
REFERENCE
********************************************************************************
If you use this program in your research, please cite:

Timothy L. Bailey,
"STREME: accurate and versatile sequence motif discovery",
Bioinformatics, Mar. 24, 2021.
********************************************************************************


ALPHABET= ACDEFGHIKLMNPQRSTVWY

strands: +

Background letter frequencies
A 0.201 C 7.56e-05 D 7.56e-05 E 7.56e-05 F 7.56e-05 G 0.0666 H 7.56e-05 I 7.56e-05 K 7.56e-05 L 0.0651 M 0.00159 N 7.56e-05 P 0.0666 Q 7.56e-05 R 0.133 S 0.398 T 7.56e-05 V 0.0666 W 7.56e-05 Y 7.56e-05 

MOTIF 1-SRLSSPGAASRVSSA STREME-1
letter-probability matrix: alength= 20 w= 15 nsites= 44 S= 3.8e-026
 0.018299 0.000007 0.000007 0.000007 0.000007 0.006058 0.000007 0.000007 0.000007 0.005921 0.000144 0.000007 0.006058 0.000007 0.012109 0.945271 0.000007 0.006058 0.000007 0.000007
 0.018299 0.000007 0.000007 0.000007 0.000007 0.006058 0.000007 0.000007 0.000007 0.005921 0.000144 0.000007 0.006058 0.000007 0.921199 0.036180 0.000007 0.006058 0.000007 0.000007
 0.018299 0.000007 0.000007 0.000007 0.000007 0.006058 0.000007 0.000007 0.000007 0.915012 0.000144 0.000007 0.006058 0.000007 0.012109 0.036180 0.000007 0.006058 0.000007 0.000007
 0.018299 0.000007 0.000007 0.000007 0.000007 0.006058 0.000007 0.000007 0.000007 0.005921 0.000144 0.000007 0.006058 0.000007 0.012109 0.945271 0.000007 0.006058 0.000007 0.000007
 0.018299 0.000007 0.000007 0.000007 0.000007 0.006058 0.000007 0.000007 0.000007 0.005921 0.000144 0.000007 0.006058 0.000007 0.012109 0.945271 0.000007 0.006058 0.000007 0.000007
 0.018299 0.000007 0.000007 0.000007 0.000007 0.006058 0.000007 0.000007 0.000007 0.005921 0.000144 0.000007 0.915149 0.000007 0.012109 0.036180 0.000007 0.006058 0.000007 0.000007
 0.018299 0.000007 0.000007 0.000007 0.000007 0.915149 0.000007 0.000007 0.000007 0.005921 0.000144 0.000007 0.006058 0.000007 0.012109 0.036180 0.000007 0.006058 0.000007 0.000007
 0.927390 0.000007 0.000007 0.000007 0.000007 0.006058 0.000007 0.000007 0.000007 0.005921 0.000144 0.000007 0.006058 0.000007 0.012109 0.036180 0.000007 0.006058 0.000007 0.000007
 0.927390 0.000007 0.000007 0.000007 0.000007 0.006058 0.000007 0.000007 0.000007 0.005921 0.000144 0.000007 0.006058 0.000007 0.012109 0.036180 0.000007 0.006058 0.000007 0.000007
 0.018299 0.000007 0.000007 0.000007 0.000007 0.006058 0.000007 0.000007 0.000007 0.005921 0.000144 0.000007 0.006058 0.000007 0.012109 0.945271 0.000007 0.006058 0.000007 0.000007
 0.018299 0.000007 0.000007 0.000007 0.000007 0.006058 0.000007 0.000007 0.000007 0.005921 0.000144 0.000007 0.006058 0.000007 0.921199 0.036180 0.000007 0.006058 0.000007 0.000007
 0.018299 0.000007 0.000007 0.000007 0.000007 0.006058 0.000007 0.000007 0.000007 0.005921 0.000144 0.000007 0.006058 0.000007 0.012109 0.036180 0.000007 0.915149 0.000007 0.000007
 0.018299 0.000007 0.000007 0.000007 0.000007 0.006058 0.000007 0.000007 0.000007 0.005921 0.000144 0.000007 0.006058 0.000007 0.012109 0.945271 0.000007 0.006058 0.000007 0.000007
 0.018299 0.000007 0.000007 0.000007 0.000007 0.006058 0.000007 0.000007 0.000007 0.005921 0.000144 0.000007 0.006058 0.000007 0.012109 0.945271 0.000007 0.006058 0.000007 0.000007
 0.927390 0.000007 0.000007 0.000007 0.000007 0.006058 0.000007 0.000007 0.000007 0.005921 0.000144 0.000007 0.006058 0.000007 0.012109 0.036180 0.000007 0.006058 0.000007 0.000007

********************************************************************************
Stopped because the next motif had no positive sites with scores > 0.
********************************************************************************
COMMAND:	streme --protein --p ./Data/v1_cluster_windows_15mers/cluster_6305.fasta --minw 3 --maxw 15 --thresh 0.05 --oc ./Results/v1_Top500_Run_20250504_162200/streme_out_cluster_6305
********************************************************************************
CPU:		Hirokis-MacBook-Air.local
********************************************************************************
FINALTIME:	0.13 seconds
********************************************************************************
