********************************************************************************
STREME - Sensitive, Thorough, Rapid, Enriched Motif Elicitation
********************************************************************************
MEME version 5.5.7 (Release date: Wed Jun 19 13:59:04 2024 -0700)

For further information on how to interpret these results please access https://meme-suite.org/meme.
To get a copy of the MEME Suite software please access https://meme-suite.org.

********************************************************************************


********************************************************************************
REFERENCE
********************************************************************************
If you use this program in your research, please cite:

Timothy L. Bailey,
"STREME: accurate and versatile sequence motif discovery",
Bioinformatics, Mar. 24, 2021.
********************************************************************************


ALPHABET= ACDEFGHIKLMNPQRSTVWY

strands: +

Background letter frequencies
A 0.056 C 5.95e-05 D 0.00125 E 5.95e-05 F 0.0298 G 0.0785 H 5.95e-05 I 0.0548 K 5.95e-05 L 0.0857 M 0.00482 N 0.00363 P 5.95e-05 Q 0.0702 R 0.00125 S 0.482 T 0.0821 V 0.0393 W 5.95e-05 Y 0.0108 

MOTIF 1-ASSQTSSGISLSVSS STREME-1
letter-probability matrix: alength= 20 w= 15 nsites= 55 E= 4.8e-002
 0.663149 0.000000 0.000004 0.000000 0.000096 0.000252 0.000000 0.044685 0.000000 0.000275 0.022270 0.000012 0.000000 0.000225 0.000004 0.157329 0.111537 0.000126 0.000000 0.000035
 0.044689 0.000000 0.000004 0.000000 0.000096 0.000252 0.000000 0.238369 0.000000 0.000275 0.000015 0.022266 0.000000 0.000225 0.000004 0.358590 0.335052 0.000126 0.000000 0.000035
 0.022434 0.000000 0.000004 0.000000 0.000096 0.000252 0.000000 0.000176 0.000000 0.000275 0.000015 0.000012 0.000000 0.000225 0.000004 0.864807 0.022518 0.000126 0.000000 0.089053
 0.000180 0.000000 0.000004 0.000000 0.000096 0.000252 0.000000 0.000176 0.000000 0.000275 0.000015 0.000012 0.000000 0.997015 0.000004 0.001546 0.000264 0.000126 0.000000 0.000035
 0.000180 0.000000 0.000004 0.000000 0.000096 0.238446 0.000000 0.000176 0.000000 0.000275 0.000015 0.000012 0.000000 0.000225 0.000004 0.358590 0.401816 0.000126 0.000000 0.000035
 0.000180 0.000000 0.000004 0.000000 0.000096 0.000252 0.000000 0.000176 0.000000 0.000275 0.000015 0.022266 0.000000 0.000225 0.000004 0.953826 0.022518 0.000126 0.000000 0.000035
 0.000180 0.000000 0.000004 0.000000 0.000096 0.000252 0.000000 0.000176 0.000000 0.000275 0.000015 0.000012 0.000000 0.000225 0.000004 0.886094 0.112505 0.000126 0.000000 0.000035
 0.000180 0.000000 0.000004 0.000000 0.000096 0.997041 0.000000 0.000176 0.000000 0.000275 0.000015 0.000012 0.000000 0.000225 0.000004 0.001546 0.000264 0.000126 0.000000 0.000035
 0.000180 0.000000 0.000004 0.000000 0.380362 0.000252 0.000000 0.394152 0.000000 0.067039 0.000015 0.000012 0.000000 0.000225 0.000004 0.001546 0.000264 0.089145 0.000000 0.066799
 0.000180 0.000000 0.000004 0.000000 0.000096 0.000252 0.000000 0.000176 0.000000 0.000275 0.000015 0.000012 0.000000 0.000225 0.000004 0.998336 0.000264 0.000126 0.000000 0.000035
 0.000180 0.000000 0.000004 0.000000 0.000096 0.000252 0.000000 0.111449 0.000000 0.796772 0.000015 0.000012 0.000000 0.000225 0.000004 0.001546 0.000264 0.089145 0.000000 0.000035
 0.066944 0.000000 0.022259 0.000000 0.000096 0.000252 0.000000 0.000176 0.000000 0.022530 0.000015 0.000012 0.000000 0.000225 0.000004 0.887062 0.000264 0.000126 0.000000 0.000035
 0.000180 0.000000 0.000004 0.000000 0.022350 0.000252 0.000000 0.044685 0.000000 0.401828 0.022270 0.000012 0.000000 0.000225 0.000004 0.046056 0.000264 0.461835 0.000000 0.000035
 0.089198 0.000000 0.000004 0.000000 0.000096 0.000252 0.000000 0.000176 0.000000 0.000275 0.000015 0.000012 0.000000 0.044735 0.000004 0.864807 0.000264 0.000126 0.000000 0.000035
 0.000180 0.000000 0.000004 0.000000 0.000096 0.000252 0.000000 0.000176 0.000000 0.000275 0.000015 0.022266 0.000000 0.000225 0.000004 0.887062 0.089282 0.000126 0.000000 0.000035

MOTIF 2-STA STREME-2
letter-probability matrix: alength= 20 w= 3 nsites= 1 E= 2.0e+000
 0.005086 0.000005 0.000114 0.000005 0.002708 0.007140 0.000005 0.004978 0.000005 0.007788 0.000438 0.000330 0.000005 0.006383 0.000114 0.952874 0.007464 0.003573 0.000005 0.000978
 0.005086 0.000005 0.000114 0.000005 0.002708 0.007140 0.000005 0.004978 0.000005 0.007788 0.000438 0.000330 0.000005 0.006383 0.000114 0.043783 0.916555 0.003573 0.000005 0.000978
 0.914177 0.000005 0.000114 0.000005 0.002708 0.007140 0.000005 0.004978 0.000005 0.007788 0.000438 0.000330 0.000005 0.006383 0.000114 0.043783 0.007464 0.003573 0.000005 0.000978

********************************************************************************
Stopped because the next motif had no positive sites with scores > 0.
********************************************************************************
COMMAND:	streme --protein --p ./Data/v1_cluster_windows_15mers/cluster_13605.fasta --minw 3 --maxw 15 --thresh 0.05 --oc ./Results/v1_Top500_Run_20250504_162200/streme_out_cluster_13605
********************************************************************************
CPU:		Hirokis-MacBook-Air.local
********************************************************************************
FINALTIME:	0.16 seconds
********************************************************************************
