********************************************************************************
STREME - Sensitive, Thorough, Rapid, Enriched Motif Elicitation
********************************************************************************
MEME version 5.5.7 (Release date: Wed Jun 19 13:59:04 2024 -0700)

For further information on how to interpret these results please access https://meme-suite.org/meme.
To get a copy of the MEME Suite software please access https://meme-suite.org.

********************************************************************************


********************************************************************************
REFERENCE
********************************************************************************
If you use this program in your research, please cite:

Timothy L. Bailey,
"STREME: accurate and versatile sequence motif discovery",
Bioinformatics, Mar. 24, 2021.
********************************************************************************


ALPHABET= ACDEFGHIKLMNPQRSTVWY

strands: +

Background letter frequencies
A 0.194 C 5.37e-05 D 5.37e-05 E 5.37e-05 F 5.37e-05 G 0.237 H 5.37e-05 I 0.00328 K 5.37e-05 L 0.131 M 5.37e-05 N 0.127 P 0.0581 Q 5.37e-05 R 5.37e-05 S 0.131 T 0.0484 V 0.0688 W 5.37e-05 Y 5.37e-05 

MOTIF 1-GPTNGAAVSGALNSL STREME-1
letter-probability matrix: alength= 20 w= 15 nsites= 62 E= 1.1e-003
 0.017682 0.000005 0.000005 0.000005 0.000005 0.930672 0.000005 0.000298 0.000005 0.011918 0.000005 0.011527 0.005278 0.000005 0.000005 0.011918 0.004399 0.006254 0.000005 0.000005
 0.017682 0.000005 0.000005 0.000005 0.000005 0.021581 0.000005 0.000298 0.000005 0.011918 0.000005 0.011527 0.914369 0.000005 0.000005 0.011918 0.004399 0.006254 0.000005 0.000005
 0.017682 0.000005 0.000005 0.000005 0.000005 0.021581 0.000005 0.000298 0.000005 0.011918 0.000005 0.011527 0.005278 0.000005 0.000005 0.011918 0.913490 0.006254 0.000005 0.000005
 0.017682 0.000005 0.000005 0.000005 0.000005 0.021581 0.000005 0.000298 0.000005 0.011918 0.000005 0.920618 0.005278 0.000005 0.000005 0.011918 0.004399 0.006254 0.000005 0.000005
 0.017682 0.000005 0.000005 0.000005 0.000005 0.930672 0.000005 0.000298 0.000005 0.011918 0.000005 0.011527 0.005278 0.000005 0.000005 0.011918 0.004399 0.006254 0.000005 0.000005
 0.926772 0.000005 0.000005 0.000005 0.000005 0.021581 0.000005 0.000298 0.000005 0.011918 0.000005 0.011527 0.005278 0.000005 0.000005 0.011918 0.004399 0.006254 0.000005 0.000005
 0.926772 0.000005 0.000005 0.000005 0.000005 0.021581 0.000005 0.000298 0.000005 0.011918 0.000005 0.011527 0.005278 0.000005 0.000005 0.011918 0.004399 0.006254 0.000005 0.000005
 0.017682 0.000005 0.000005 0.000005 0.000005 0.021581 0.000005 0.000298 0.000005 0.011918 0.000005 0.011527 0.005278 0.000005 0.000005 0.011918 0.004399 0.915345 0.000005 0.000005
 0.017682 0.000005 0.000005 0.000005 0.000005 0.021581 0.000005 0.000298 0.000005 0.011918 0.000005 0.011527 0.005278 0.000005 0.000005 0.921009 0.004399 0.006254 0.000005 0.000005
 0.017682 0.000005 0.000005 0.000005 0.000005 0.930672 0.000005 0.000298 0.000005 0.011918 0.000005 0.011527 0.005278 0.000005 0.000005 0.011918 0.004399 0.006254 0.000005 0.000005
 0.926772 0.000005 0.000005 0.000005 0.000005 0.021581 0.000005 0.000298 0.000005 0.011918 0.000005 0.011527 0.005278 0.000005 0.000005 0.011918 0.004399 0.006254 0.000005 0.000005
 0.017682 0.000005 0.000005 0.000005 0.000005 0.021581 0.000005 0.000298 0.000005 0.921009 0.000005 0.011527 0.005278 0.000005 0.000005 0.011918 0.004399 0.006254 0.000005 0.000005
 0.017682 0.000005 0.000005 0.000005 0.000005 0.021581 0.000005 0.000298 0.000005 0.011918 0.000005 0.920618 0.005278 0.000005 0.000005 0.011918 0.004399 0.006254 0.000005 0.000005
 0.017682 0.000005 0.000005 0.000005 0.000005 0.021581 0.000005 0.000298 0.000005 0.011918 0.000005 0.011527 0.005278 0.000005 0.000005 0.921009 0.004399 0.006254 0.000005 0.000005
 0.017682 0.000005 0.000005 0.000005 0.000005 0.021581 0.000005 0.000298 0.000005 0.921009 0.000005 0.011527 0.005278 0.000005 0.000005 0.011918 0.004399 0.006254 0.000005 0.000005

********************************************************************************
Stopped because the next motif had no positive sites with scores > 0.
********************************************************************************
COMMAND:	streme --protein --p ./Data/v1_cluster_windows_15mers/cluster_19801.fasta --minw 3 --maxw 15 --thresh 0.05 --oc ./Results/v1_Top500_Run_20250504_162200/streme_out_cluster_19801
********************************************************************************
CPU:		Hirokis-MacBook-Air.local
********************************************************************************
FINALTIME:	0.13 seconds
********************************************************************************
