********************************************************************************
STREME - Sensitive, Thorough, Rapid, Enriched Motif Elicitation
********************************************************************************
MEME version 5.5.7 (Release date: Wed Jun 19 13:59:04 2024 -0700)

For further information on how to interpret these results please access https://meme-suite.org/meme.
To get a copy of the MEME Suite software please access https://meme-suite.org.

********************************************************************************


********************************************************************************
REFERENCE
********************************************************************************
If you use this program in your research, please cite:

Timothy L. Bailey,
"STREME: accurate and versatile sequence motif discovery",
Bioinformatics, Mar. 24, 2021.
********************************************************************************


ALPHABET= ACDEFGHIKLMNPQRSTVWY

strands: +

Background letter frequencies
A 0.0507 C 8.89e-06 D 0.00072 E 0.137 F 0.00356 G 0.347 H 0.000187 I 0.121 K 8.89e-06 L 0.00196 M 0.00072 N 0.000187 P 0.0659 Q 0.00925 R 0.00107 S 0.165 T 0.014 V 0.0105 W 8.89e-06 Y 0.0715 

MOTIF 1-GGSGGYEEIISSGP STREME-1
letter-probability matrix: alength= 20 w= 14 nsites= 375 E= 2.3e-021
 0.011856 0.000000 0.000000 0.000058 0.000002 0.961231 0.000000 0.000052 0.000000 0.000001 0.000000 0.000000 0.000028 0.000004 0.000000 0.026726 0.000006 0.000004 0.000000 0.000030
 0.000022 0.000000 0.000000 0.000058 0.000002 0.943441 0.000000 0.000052 0.000000 0.000001 0.000000 0.000000 0.000028 0.000004 0.005911 0.047484 0.000006 0.002960 0.000000 0.000030
 0.170952 0.000000 0.000000 0.003014 0.000002 0.044606 0.000000 0.000052 0.000000 0.002956 0.000000 0.000000 0.074641 0.083170 0.000000 0.549270 0.056523 0.008871 0.000000 0.005941
 0.000022 0.000000 0.000000 0.000058 0.000002 0.996766 0.000000 0.000052 0.000000 0.000001 0.000000 0.000000 0.000028 0.000004 0.000000 0.000070 0.000006 0.002960 0.000000 0.000030
 0.000022 0.000000 0.000000 0.000058 0.000002 0.961193 0.000000 0.000052 0.000000 0.000001 0.000000 0.000000 0.000028 0.026698 0.005918 0.005988 0.000006 0.000004 0.000000 0.000030
 0.000022 0.000000 0.000000 0.000058 0.047352 0.009033 0.000000 0.003007 0.000000 0.005912 0.000000 0.002956 0.000028 0.000004 0.000000 0.000070 0.000006 0.000004 0.000000 0.931547
 0.000022 0.000000 0.000000 0.990747 0.000002 0.000148 0.000000 0.000052 0.000000 0.000001 0.000000 0.000000 0.000028 0.000004 0.000000 0.000070 0.000006 0.000004 0.000000 0.008916
 0.000022 0.000000 0.005911 0.978880 0.000002 0.000148 0.000000 0.000052 0.000000 0.000001 0.000000 0.000000 0.000028 0.000004 0.000000 0.000070 0.014847 0.000004 0.000000 0.000030
 0.000022 0.000000 0.000000 0.000058 0.000002 0.000148 0.000000 0.904759 0.000000 0.000001 0.011860 0.000000 0.000028 0.000004 0.000000 0.000070 0.002961 0.080056 0.000000 0.000030
 0.000022 0.000000 0.000000 0.000058 0.005912 0.000148 0.000000 0.943326 0.000000 0.011835 0.000000 0.000000 0.000028 0.000004 0.000000 0.003026 0.000006 0.020762 0.000000 0.014871
 0.000022 0.000000 0.000000 0.017854 0.000002 0.000148 0.000000 0.000052 0.000000 0.000001 0.000000 0.000000 0.000028 0.000004 0.000000 0.871168 0.092909 0.000004 0.000000 0.017807
 0.000022 0.000000 0.000000 0.017835 0.000002 0.177334 0.000000 0.000052 0.000000 0.008873 0.000000 0.000000 0.000028 0.000004 0.005918 0.730483 0.005917 0.000004 0.000000 0.053528
 0.000022 0.000000 0.002956 0.000058 0.000002 0.781046 0.000000 0.000052 0.000000 0.000001 0.000000 0.000000 0.183131 0.000004 0.000000 0.032688 0.000006 0.000004 0.000000 0.000030
 0.000022 0.000000 0.000000 0.000058 0.000002 0.180295 0.000000 0.000052 0.000000 0.000001 0.000000 0.000000 0.766149 0.002959 0.000000 0.041554 0.008872 0.000004 0.000000 0.000030

MOTIF 2-EYSS STREME-2
letter-probability matrix: alength= 20 w= 4 nsites= 18 E= 4.8e-001
 0.004606 0.000001 0.000065 0.921535 0.000324 0.031523 0.000017 0.011008 0.000001 0.000179 0.000065 0.000017 0.005995 0.000841 0.000098 0.014998 0.001277 0.000954 0.000001 0.006496
 0.004606 0.000001 0.000065 0.012444 0.000324 0.031523 0.000017 0.011008 0.000001 0.000179 0.000065 0.000017 0.005995 0.000841 0.000098 0.014998 0.001277 0.000954 0.000001 0.915586
 0.004606 0.000001 0.000065 0.012444 0.000324 0.031523 0.000017 0.011008 0.000001 0.000179 0.000065 0.000017 0.005995 0.000841 0.000098 0.924089 0.001277 0.000954 0.000001 0.006496
 0.004606 0.000001 0.000065 0.012444 0.000324 0.031523 0.000017 0.011008 0.000001 0.000179 0.000065 0.000017 0.005995 0.000841 0.000098 0.924089 0.001277 0.000954 0.000001 0.006496

MOTIF 3-YESS STREME-3
letter-probability matrix: alength= 20 w= 4 nsites= 6 E= 4.0e+000
 0.004606 0.000001 0.000065 0.012444 0.000324 0.031523 0.000017 0.011008 0.000001 0.000179 0.000065 0.000017 0.005995 0.000841 0.000098 0.014998 0.001277 0.000954 0.000001 0.915586
 0.004606 0.000001 0.000065 0.921535 0.000324 0.031523 0.000017 0.011008 0.000001 0.000179 0.000065 0.000017 0.005995 0.000841 0.000098 0.014998 0.001277 0.000954 0.000001 0.006496
 0.004606 0.000001 0.000065 0.012444 0.000324 0.031523 0.000017 0.011008 0.000001 0.000179 0.000065 0.000017 0.005995 0.000841 0.000098 0.924089 0.001277 0.000954 0.000001 0.006496
 0.004606 0.000001 0.000065 0.012444 0.000324 0.031523 0.000017 0.011008 0.000001 0.000179 0.000065 0.000017 0.005995 0.000841 0.000098 0.924089 0.001277 0.000954 0.000001 0.006496

MOTIF 4-SGV STREME-4
letter-probability matrix: alength= 20 w= 3 nsites= 1 E= 4.0e+000
 0.004606 0.000001 0.000065 0.012444 0.000324 0.031523 0.000017 0.011008 0.000001 0.000179 0.000065 0.000017 0.005995 0.000841 0.000098 0.924089 0.001277 0.000954 0.000001 0.006496
 0.004606 0.000001 0.000065 0.012444 0.000324 0.940614 0.000017 0.011008 0.000001 0.000179 0.000065 0.000017 0.005995 0.000841 0.000098 0.014998 0.001277 0.000954 0.000001 0.006496
 0.004606 0.000001 0.000065 0.012444 0.000324 0.031523 0.000017 0.011008 0.000001 0.000179 0.000065 0.000017 0.005995 0.000841 0.000098 0.014998 0.001277 0.910045 0.000001 0.006496

********************************************************************************
Stopped because 3 consecutive motifs exceeded the p-value threshold (0.05).
********************************************************************************
COMMAND:	streme --protein --p ./Data/v1_cluster_windows_15mers/cluster_1888.fasta --minw 3 --maxw 15 --thresh 0.05 --oc ./Results/v1_Top500_Run_20250504_162200/streme_out_cluster_1888
********************************************************************************
CPU:		Hirokis-MacBook-Air.local
********************************************************************************
FINALTIME:	0.48 seconds
********************************************************************************
