********************************************************************************
STREME - Sensitive, Thorough, Rapid, Enriched Motif Elicitation
********************************************************************************
MEME version 5.5.7 (Release date: Wed Jun 19 13:59:04 2024 -0700)

For further information on how to interpret these results please access https://meme-suite.org/meme.
To get a copy of the MEME Suite software please access https://meme-suite.org.

********************************************************************************


********************************************************************************
REFERENCE
********************************************************************************
If you use this program in your research, please cite:

Timothy L. Bailey,
"STREME: accurate and versatile sequence motif discovery",
Bioinformatics, Mar. 24, 2021.
********************************************************************************


ALPHABET= ACDEFGHIKLMNPQRSTVWY

strands: +

Background letter frequencies
A 0.0513 C 0.000374 D 0.00608 E 0.00394 F 0.00536 G 0.303 H 1.78e-05 I 0.117 K 1.78e-05 L 0.0709 M 0.000731 N 0.0635 P 0.0606 Q 0.0645 R 0.000731 S 0.106 T 0.00323 V 0.0107 W 1.78e-05 Y 0.133 

MOTIF 1-IAISLGYGQNGYGPG STREME-1
letter-probability matrix: alength= 20 w= 15 nsites= 187 E= 4.4e-010
 0.004667 0.000034 0.000552 0.000358 0.000488 0.027538 0.000002 0.919691 0.000002 0.006449 0.000066 0.005768 0.005509 0.005866 0.000066 0.009591 0.000293 0.000974 0.000002 0.012082
 0.913758 0.000034 0.000552 0.000358 0.000488 0.027538 0.000002 0.010601 0.000002 0.006449 0.000066 0.005768 0.005509 0.005866 0.000066 0.009591 0.000293 0.000974 0.000002 0.012082
 0.004667 0.000034 0.000552 0.000358 0.000488 0.027538 0.000002 0.919691 0.000002 0.006449 0.000066 0.005768 0.005509 0.005866 0.000066 0.009591 0.000293 0.000974 0.000002 0.012082
 0.004667 0.000034 0.000552 0.000358 0.000488 0.027538 0.000002 0.010601 0.000002 0.006449 0.000066 0.005768 0.005509 0.005866 0.000066 0.918682 0.000293 0.000974 0.000002 0.012082
 0.004667 0.000034 0.000552 0.000358 0.000488 0.027538 0.000002 0.010601 0.000002 0.915540 0.000066 0.005768 0.005509 0.005866 0.000066 0.009591 0.000293 0.000974 0.000002 0.012082
 0.004667 0.000034 0.000552 0.000358 0.000488 0.936629 0.000002 0.010601 0.000002 0.006449 0.000066 0.005768 0.005509 0.005866 0.000066 0.009591 0.000293 0.000974 0.000002 0.012082
 0.004667 0.000034 0.000552 0.000358 0.000488 0.027538 0.000002 0.010601 0.000002 0.006449 0.000066 0.005768 0.005509 0.005866 0.000066 0.009591 0.000293 0.000974 0.000002 0.921173
 0.004667 0.000034 0.000552 0.000358 0.000488 0.936629 0.000002 0.010601 0.000002 0.006449 0.000066 0.005768 0.005509 0.005866 0.000066 0.009591 0.000293 0.000974 0.000002 0.012082
 0.004667 0.000034 0.000552 0.000358 0.000488 0.027538 0.000002 0.010601 0.000002 0.006449 0.000066 0.005768 0.005509 0.914957 0.000066 0.009591 0.000293 0.000974 0.000002 0.012082
 0.004667 0.000034 0.000552 0.000358 0.000488 0.027538 0.000002 0.010601 0.000002 0.006449 0.000066 0.914859 0.005509 0.005866 0.000066 0.009591 0.000293 0.000974 0.000002 0.012082
 0.004667 0.000034 0.000552 0.000358 0.000488 0.936629 0.000002 0.010601 0.000002 0.006449 0.000066 0.005768 0.005509 0.005866 0.000066 0.009591 0.000293 0.000974 0.000002 0.012082
 0.004667 0.000034 0.000552 0.000358 0.000488 0.027538 0.000002 0.010601 0.000002 0.006449 0.000066 0.005768 0.005509 0.005866 0.000066 0.009591 0.000293 0.000974 0.000002 0.921173
 0.004667 0.000034 0.000552 0.000358 0.000488 0.936629 0.000002 0.010601 0.000002 0.006449 0.000066 0.005768 0.005509 0.005866 0.000066 0.009591 0.000293 0.000974 0.000002 0.012082
 0.004667 0.000034 0.000552 0.000358 0.000488 0.027538 0.000002 0.010601 0.000002 0.006449 0.000066 0.005768 0.914600 0.005866 0.000066 0.009591 0.000293 0.000974 0.000002 0.012082
 0.004667 0.000034 0.000552 0.000358 0.000488 0.936629 0.000002 0.010601 0.000002 0.006449 0.000066 0.005768 0.005509 0.005866 0.000066 0.009591 0.000293 0.000974 0.000002 0.012082

MOTIF 2-GYGP STREME-2
letter-probability matrix: alength= 20 w= 4 nsites= 35 E= 9.7e-001
 0.004667 0.000034 0.000552 0.000358 0.000488 0.936629 0.000002 0.010601 0.000002 0.006449 0.000066 0.005768 0.005509 0.005866 0.000066 0.009591 0.000293 0.000974 0.000002 0.012082
 0.004667 0.000034 0.000552 0.000358 0.000488 0.027538 0.000002 0.010601 0.000002 0.006449 0.000066 0.005768 0.005509 0.005866 0.000066 0.009591 0.000293 0.000974 0.000002 0.921173
 0.004667 0.000034 0.000552 0.000358 0.000488 0.936629 0.000002 0.010601 0.000002 0.006449 0.000066 0.005768 0.005509 0.005866 0.000066 0.009591 0.000293 0.000974 0.000002 0.012082
 0.004667 0.000034 0.000552 0.000358 0.000488 0.027538 0.000002 0.010601 0.000002 0.006449 0.000066 0.005768 0.914600 0.005866 0.000066 0.009591 0.000293 0.000974 0.000002 0.012082

MOTIF 3-SFP STREME-3
letter-probability matrix: alength= 20 w= 3 nsites= 2 E= 4.0e+000
 0.004667 0.000034 0.000552 0.000358 0.000488 0.027538 0.000002 0.010601 0.000002 0.006449 0.000066 0.005768 0.005509 0.005866 0.000066 0.918682 0.000293 0.000974 0.000002 0.012082
 0.004667 0.000034 0.000552 0.000358 0.909579 0.027538 0.000002 0.010601 0.000002 0.006449 0.000066 0.005768 0.005509 0.005866 0.000066 0.009591 0.000293 0.000974 0.000002 0.012082
 0.004667 0.000034 0.000552 0.000358 0.000488 0.027538 0.000002 0.010601 0.000002 0.006449 0.000066 0.005768 0.914600 0.005866 0.000066 0.009591 0.000293 0.000974 0.000002 0.012082

MOTIF 4-GYNP STREME-4
letter-probability matrix: alength= 20 w= 4 nsites= 1 E= 4.0e+000
 0.006473 0.000047 0.000766 0.000497 0.000676 0.912111 0.000002 0.014702 0.000002 0.008945 0.000092 0.008000 0.007641 0.008135 0.000092 0.013302 0.000407 0.001350 0.000002 0.016757
 0.006473 0.000047 0.000766 0.000497 0.000676 0.038191 0.000002 0.014702 0.000002 0.008945 0.000092 0.008000 0.007641 0.008135 0.000092 0.013302 0.000407 0.001350 0.000002 0.890677
 0.006473 0.000047 0.000766 0.000497 0.000676 0.038191 0.000002 0.014702 0.000002 0.008945 0.000092 0.881920 0.007641 0.008135 0.000092 0.013302 0.000407 0.001350 0.000002 0.016757
 0.006473 0.000047 0.000766 0.000497 0.000676 0.038191 0.000002 0.014702 0.000002 0.008945 0.000092 0.008000 0.881561 0.008135 0.000092 0.013302 0.000407 0.001350 0.000002 0.016757

********************************************************************************
Stopped because 3 consecutive motifs exceeded the p-value threshold (0.05).
********************************************************************************
COMMAND:	streme --protein --p ./Data/v1_cluster_windows_15mers/cluster_9021.fasta --minw 3 --maxw 15 --thresh 0.05 --oc ./Results/v1_Top500_Run_20250504_162200/streme_out_cluster_9021
********************************************************************************
CPU:		Hirokis-MacBook-Air.local
********************************************************************************
FINALTIME:	0.25 seconds
********************************************************************************
