********************************************************************************
STREME - Sensitive, Thorough, Rapid, Enriched Motif Elicitation
********************************************************************************
MEME version 5.5.7 (Release date: Wed Jun 19 13:59:04 2024 -0700)

For further information on how to interpret these results please access https://meme-suite.org/meme.
To get a copy of the MEME Suite software please access https://meme-suite.org.

********************************************************************************


********************************************************************************
REFERENCE
********************************************************************************
If you use this program in your research, please cite:

Timothy L. Bailey,
"STREME: accurate and versatile sequence motif discovery",
Bioinformatics, Mar. 24, 2021.
********************************************************************************


ALPHABET= ACDEFGHIKLMNPQRSTVWY

strands: +

Background letter frequencies
A 0.308 C 2.51e-05 D 0.00954 E 0.00554 F 0.0361 G 0.502 H 2.51e-05 I 0.0166 K 2.51e-05 L 0.0371 M 2.51e-05 N 0.0171 P 0.00203 Q 2.51e-05 R 0.00754 S 0.0111 T 0.0296 V 0.0166 W 2.51e-05 Y 0.00103 

MOTIF 1-GAGAGAGAG STREME-1
letter-probability matrix: alength= 20 w= 9 nsites= 130 E= 3.8e-007
 0.000354 0.000000 0.000011 0.000006 0.000041 0.999429 0.000000 0.000019 0.000000 0.000043 0.000000 0.000020 0.000002 0.000000 0.000009 0.000013 0.000034 0.000019 0.000000 0.000001
 0.958168 0.000000 0.000011 0.000006 0.008169 0.000576 0.000000 0.000019 0.000000 0.008021 0.000000 0.024952 0.000002 0.000000 0.000009 0.000013 0.000034 0.000019 0.000000 0.000001
 0.008381 0.000000 0.000011 0.000006 0.000041 0.983399 0.000000 0.000019 0.000000 0.000043 0.000000 0.000020 0.000002 0.000000 0.008011 0.000013 0.000034 0.000019 0.000000 0.000001
 0.740513 0.000000 0.000011 0.000006 0.138116 0.000576 0.000000 0.000019 0.000000 0.024124 0.000000 0.056489 0.007981 0.000000 0.000009 0.000013 0.016167 0.000019 0.000000 0.015958
 0.032462 0.000000 0.016215 0.000006 0.000041 0.951116 0.000000 0.000019 0.000000 0.000043 0.000000 0.000020 0.000002 0.000000 0.000009 0.000013 0.000034 0.000019 0.000000 0.000001
 0.893084 0.000000 0.000011 0.000006 0.000041 0.000576 0.000000 0.032942 0.000000 0.032350 0.000000 0.000020 0.000002 0.000000 0.000009 0.000013 0.040926 0.000019 0.000000 0.000001
 0.008381 0.000000 0.000011 0.000006 0.000041 0.991401 0.000000 0.000019 0.000000 0.000043 0.000000 0.000020 0.000002 0.000000 0.000009 0.000013 0.000034 0.000019 0.000000 0.000001
 0.805009 0.000000 0.000011 0.000006 0.024149 0.000576 0.000000 0.000019 0.000000 0.097984 0.000000 0.000020 0.000002 0.000000 0.000009 0.000013 0.000034 0.072166 0.000000 0.000001
 0.040465 0.000000 0.016164 0.008034 0.000041 0.911128 0.000000 0.000019 0.000000 0.000043 0.000000 0.000020 0.000002 0.000000 0.024017 0.000013 0.000034 0.000019 0.000000 0.000001

MOTIF 2-SGT STREME-2
letter-probability matrix: alength= 20 w= 3 nsites= 8 E= 4.0e+000
 0.028011 0.000002 0.000868 0.000503 0.003282 0.045639 0.000002 0.001506 0.000002 0.003373 0.000002 0.001551 0.000184 0.000002 0.000685 0.910096 0.002689 0.001506 0.000002 0.000093
 0.028011 0.000002 0.000868 0.000503 0.003282 0.954730 0.000002 0.001506 0.000002 0.003373 0.000002 0.001551 0.000184 0.000002 0.000685 0.001005 0.002689 0.001506 0.000002 0.000093
 0.028011 0.000002 0.000868 0.000503 0.003282 0.045639 0.000002 0.001506 0.000002 0.003373 0.000002 0.001551 0.000184 0.000002 0.000685 0.001005 0.911780 0.001506 0.000002 0.000093

MOTIF 3-IGAGT STREME-3
letter-probability matrix: alength= 20 w= 5 nsites= 6 E= 4.0e+000
 0.028011 0.000002 0.000868 0.000503 0.003282 0.045639 0.000002 0.910596 0.000002 0.003373 0.000002 0.001551 0.000184 0.000002 0.000685 0.001005 0.002689 0.001506 0.000002 0.000093
 0.028011 0.000002 0.000868 0.000503 0.003282 0.954730 0.000002 0.001506 0.000002 0.003373 0.000002 0.001551 0.000184 0.000002 0.000685 0.001005 0.002689 0.001506 0.000002 0.000093
 0.937102 0.000002 0.000868 0.000503 0.003282 0.045639 0.000002 0.001506 0.000002 0.003373 0.000002 0.001551 0.000184 0.000002 0.000685 0.001005 0.002689 0.001506 0.000002 0.000093
 0.028011 0.000002 0.000868 0.000503 0.003282 0.954730 0.000002 0.001506 0.000002 0.003373 0.000002 0.001551 0.000184 0.000002 0.000685 0.001005 0.002689 0.001506 0.000002 0.000093
 0.028011 0.000002 0.000868 0.000503 0.003282 0.045639 0.000002 0.001506 0.000002 0.003373 0.000002 0.001551 0.000184 0.000002 0.000685 0.001005 0.911780 0.001506 0.000002 0.000093

MOTIF 4-FVAGAG STREME-4
letter-probability matrix: alength= 20 w= 6 nsites= 2 E= 4.0e+000
 0.020731 0.000002 0.000642 0.466732 0.468788 0.033777 0.000002 0.001114 0.000002 0.002496 0.000002 0.001148 0.000137 0.000002 0.000507 0.000744 0.001990 0.001114 0.000002 0.000069
 0.020731 0.000002 0.000642 0.000372 0.002429 0.033777 0.000002 0.001114 0.000002 0.002496 0.000002 0.001148 0.000137 0.000002 0.000507 0.000744 0.001990 0.933833 0.000002 0.000069
 0.953449 0.000002 0.000642 0.000372 0.002429 0.033777 0.000002 0.001114 0.000002 0.002496 0.000002 0.001148 0.000137 0.000002 0.000507 0.000744 0.001990 0.001114 0.000002 0.000069
 0.020731 0.000002 0.000642 0.000372 0.002429 0.966496 0.000002 0.001114 0.000002 0.002496 0.000002 0.001148 0.000137 0.000002 0.000507 0.000744 0.001990 0.001114 0.000002 0.000069
 0.487090 0.000002 0.000642 0.000372 0.002429 0.033777 0.000002 0.001114 0.000002 0.002496 0.000002 0.001148 0.000137 0.000002 0.000507 0.000744 0.001990 0.467474 0.000002 0.000069
 0.020731 0.000002 0.000642 0.000372 0.002429 0.966496 0.000002 0.001114 0.000002 0.002496 0.000002 0.001148 0.000137 0.000002 0.000507 0.000744 0.001990 0.001114 0.000002 0.000069

********************************************************************************
Stopped because 3 consecutive motifs exceeded the p-value threshold (0.05).
********************************************************************************
COMMAND:	streme --protein --p ./Data/v1_cluster_windows_15mers/cluster_9222.fasta --minw 3 --maxw 15 --thresh 0.05 --oc ./Results/v1_Top500_Run_20250504_162200/streme_out_cluster_9222
********************************************************************************
CPU:		Hirokis-MacBook-Air.local
********************************************************************************
FINALTIME:	0.22 seconds
********************************************************************************
