********************************************************************************
STREME - Sensitive, Thorough, Rapid, Enriched Motif Elicitation
********************************************************************************
MEME version 5.5.7 (Release date: Wed Jun 19 13:59:04 2024 -0700)

For further information on how to interpret these results please access https://meme-suite.org/meme.
To get a copy of the MEME Suite software please access https://meme-suite.org.

********************************************************************************


********************************************************************************
REFERENCE
********************************************************************************
If you use this program in your research, please cite:

Timothy L. Bailey,
"STREME: accurate and versatile sequence motif discovery",
Bioinformatics, Mar. 24, 2021.
********************************************************************************


ALPHABET= ACDEFGHIKLMNPQRSTVWY

strands: +

Background letter frequencies
A 0.174 C 1.48e-05 D 0.0012 E 0.00475 F 0.00179 G 0.00327 H 0.000607 I 0.0442 K 0.000311 L 0.0397 M 0.00861 N 0.00505 P 0.0385 Q 0.0107 R 0.108 S 0.358 T 0.0945 V 0.105 W 1.48e-05 Y 0.00209 

MOTIF 1-ATSRVSSAV STREME-1
letter-probability matrix: alength= 20 w= 9 nsites= 224 E= 5.5e-011
 0.614935 0.000000 0.000001 0.000003 0.000001 0.000002 0.000000 0.000031 0.000000 0.000028 0.000006 0.000004 0.000027 0.000008 0.000076 0.360345 0.019578 0.004952 0.000000 0.000001
 0.000122 0.000000 0.000001 0.000003 0.000001 0.000002 0.000000 0.000031 0.000000 0.000028 0.000006 0.000004 0.000027 0.000008 0.000076 0.000252 0.999363 0.000074 0.000000 0.000001
 0.049059 0.000000 0.000001 0.009777 0.000001 0.000002 0.000000 0.000031 0.000000 0.000028 0.000006 0.014655 0.000027 0.009763 0.000076 0.822989 0.078856 0.000074 0.000000 0.014653
 0.000122 0.000000 0.000001 0.000003 0.000001 0.000002 0.000000 0.000031 0.000000 0.000028 0.000006 0.000004 0.000027 0.000008 0.994495 0.000252 0.004944 0.000074 0.000000 0.000001
 0.000122 0.000000 0.000001 0.000003 0.000001 0.000002 0.000000 0.340829 0.000000 0.000028 0.000006 0.000004 0.000027 0.000008 0.000076 0.000252 0.000067 0.658573 0.000000 0.000001
 0.029495 0.000000 0.000001 0.000003 0.000001 0.000002 0.000000 0.000031 0.000000 0.000028 0.000006 0.000004 0.000027 0.000008 0.000076 0.955541 0.014700 0.000074 0.000000 0.000001
 0.014756 0.000000 0.000001 0.000003 0.000001 0.000002 0.000000 0.000031 0.000000 0.000028 0.000006 0.058749 0.000027 0.000008 0.000076 0.818060 0.108175 0.000074 0.000000 0.000001
 0.717847 0.000000 0.000001 0.000003 0.004879 0.000002 0.009756 0.000031 0.000000 0.000028 0.000006 0.000004 0.000027 0.000008 0.000076 0.010008 0.000067 0.257256 0.000000 0.000001
 0.306207 0.000000 0.000001 0.000003 0.000001 0.000002 0.000000 0.009787 0.000000 0.000028 0.000006 0.000004 0.000027 0.000008 0.000076 0.010025 0.000067 0.673756 0.000000 0.000001

MOTIF 2-JSSPA STREME-2
letter-probability matrix: alength= 20 w= 5 nsites= 210 E= 5.5e-011
 0.000127 0.000000 0.000001 0.000003 0.000001 0.000002 0.000000 0.328344 0.000000 0.549444 0.121551 0.000004 0.000028 0.000008 0.000079 0.000260 0.000069 0.000076 0.000000 0.000002
 0.015279 0.000000 0.000001 0.000003 0.000001 0.000002 0.000000 0.000032 0.000000 0.000029 0.000006 0.000004 0.000028 0.005053 0.000079 0.933751 0.040608 0.000076 0.000000 0.005046
 0.010216 0.000000 0.000001 0.000003 0.000001 0.000002 0.000000 0.000032 0.000000 0.000029 0.000006 0.000004 0.000028 0.000008 0.000079 0.946871 0.042641 0.000076 0.000000 0.000002
 0.065720 0.000000 0.000001 0.000003 0.000001 0.025262 0.000000 0.000032 0.000000 0.000029 0.000006 0.000004 0.621249 0.046070 0.000079 0.226262 0.005114 0.010166 0.000000 0.000002
 0.509386 0.000000 0.015135 0.055586 0.000001 0.000002 0.000000 0.000032 0.000000 0.000029 0.000006 0.000004 0.005073 0.096716 0.000079 0.317803 0.000069 0.000076 0.000000 0.000002

MOTIF 3-RLGTS STREME-3
letter-probability matrix: alength= 20 w= 5 nsites= 6 E= 5.0e+000
 0.006049 0.000001 0.000042 0.000165 0.000062 0.000114 0.000021 0.001536 0.000011 0.001381 0.000299 0.000176 0.001340 0.000371 0.968989 0.012435 0.003287 0.003649 0.000001 0.000073
 0.006049 0.000001 0.000042 0.000165 0.000062 0.000114 0.000021 0.001536 0.000011 0.966599 0.000299 0.000176 0.001340 0.000371 0.003770 0.012435 0.003287 0.003649 0.000001 0.000073
 0.006049 0.000001 0.000042 0.000165 0.000062 0.724242 0.000021 0.001536 0.000011 0.001381 0.000299 0.000176 0.001340 0.000371 0.003770 0.253524 0.003287 0.003649 0.000001 0.000073
 0.006049 0.000001 0.000042 0.000165 0.000062 0.000114 0.000021 0.001536 0.000011 0.001381 0.000299 0.000176 0.001340 0.000371 0.003770 0.253524 0.727416 0.003649 0.000001 0.000073
 0.006049 0.000001 0.000042 0.000165 0.000062 0.000114 0.000021 0.001536 0.000011 0.001381 0.000299 0.000176 0.001340 0.000371 0.003770 0.977653 0.003287 0.003649 0.000001 0.000073

MOTIF 4-RLSSAT STREME-4
letter-probability matrix: alength= 20 w= 6 nsites= 2 E= 5.0e+000
 0.015809 0.000001 0.000109 0.000432 0.000163 0.000298 0.000055 0.004014 0.000028 0.003610 0.000782 0.000459 0.003502 0.000971 0.918946 0.032501 0.008592 0.009537 0.000001 0.000190
 0.015809 0.000001 0.000109 0.000432 0.000163 0.000298 0.000055 0.004014 0.000028 0.912701 0.000782 0.000459 0.003502 0.000971 0.009855 0.032501 0.008592 0.009537 0.000001 0.000190
 0.015809 0.000001 0.000109 0.000432 0.000163 0.000298 0.000055 0.004014 0.000028 0.003610 0.000782 0.000459 0.003502 0.000971 0.009855 0.941592 0.008592 0.009537 0.000001 0.000190
 0.015809 0.000001 0.000109 0.000432 0.000163 0.000298 0.000055 0.004014 0.000028 0.003610 0.000782 0.000459 0.003502 0.000971 0.009855 0.941592 0.008592 0.009537 0.000001 0.000190
 0.924900 0.000001 0.000109 0.000432 0.000163 0.000298 0.000055 0.004014 0.000028 0.003610 0.000782 0.000459 0.003502 0.000971 0.009855 0.032501 0.008592 0.009537 0.000001 0.000190
 0.015809 0.000001 0.000109 0.000432 0.000163 0.000298 0.000055 0.004014 0.000028 0.003610 0.000782 0.000459 0.003502 0.000971 0.009855 0.032501 0.917683 0.009537 0.000001 0.000190

MOTIF 5-RMATSA STREME-5
letter-probability matrix: alength= 20 w= 6 nsites= 1 E= 5.0e+000
 0.021926 0.000002 0.000151 0.000599 0.000226 0.000413 0.000077 0.005567 0.000039 0.005007 0.001085 0.000637 0.004857 0.001347 0.887587 0.045075 0.011916 0.013226 0.000002 0.000263
 0.021926 0.000002 0.000151 0.000599 0.000226 0.000413 0.000077 0.005567 0.000039 0.005007 0.875005 0.000637 0.004857 0.001347 0.013667 0.045075 0.011916 0.013226 0.000002 0.000263
 0.895846 0.000002 0.000151 0.000599 0.000226 0.000413 0.000077 0.005567 0.000039 0.005007 0.001085 0.000637 0.004857 0.001347 0.013667 0.045075 0.011916 0.013226 0.000002 0.000263
 0.021926 0.000002 0.000151 0.000599 0.000226 0.000413 0.000077 0.005567 0.000039 0.005007 0.001085 0.000637 0.004857 0.001347 0.013667 0.045075 0.885836 0.013226 0.000002 0.000263
 0.021926 0.000002 0.000151 0.000599 0.000226 0.000413 0.000077 0.005567 0.000039 0.005007 0.001085 0.000637 0.004857 0.001347 0.013667 0.918995 0.011916 0.013226 0.000002 0.000263
 0.895846 0.000002 0.000151 0.000599 0.000226 0.000413 0.000077 0.005567 0.000039 0.005007 0.001085 0.000637 0.004857 0.001347 0.013667 0.045075 0.011916 0.013226 0.000002 0.000263

********************************************************************************
Stopped because 3 consecutive motifs exceeded the p-value threshold (0.05).
********************************************************************************
COMMAND:	streme --protein --p ./Data/v1_cluster_windows_15mers/cluster_3285.fasta --minw 3 --maxw 15 --thresh 0.05 --oc ./Results/v1_Top500_Run_20250504_162200/streme_out_cluster_3285
********************************************************************************
CPU:		Hirokis-MacBook-Air.local
********************************************************************************
FINALTIME:	0.50 seconds
********************************************************************************
