********************************************************************************
STREME - Sensitive, Thorough, Rapid, Enriched Motif Elicitation
********************************************************************************
MEME version 5.5.7 (Release date: Wed Jun 19 13:59:04 2024 -0700)

For further information on how to interpret these results please access https://meme-suite.org/meme.
To get a copy of the MEME Suite software please access https://meme-suite.org.

********************************************************************************


********************************************************************************
REFERENCE
********************************************************************************
If you use this program in your research, please cite:

Timothy L. Bailey,
"STREME: accurate and versatile sequence motif discovery",
Bioinformatics, Mar. 24, 2021.
********************************************************************************


ALPHABET= ACDEFGHIKLMNPQRSTVWY

strands: +

Background letter frequencies
A 0.0867 C 5.29e-05 D 0.0201 E 0.0445 F 5.29e-05 G 0.162 H 5.29e-05 I 0.0497 K 5.29e-05 L 0.133 M 5.29e-05 N 0.0476 P 5.29e-05 Q 0.00428 R 0.00322 S 0.303 T 0.00217 V 0.14 W 5.29e-05 Y 0.00322 

MOTIF 1-SGVLNSGVSSSEALV STREME-1
letter-probability matrix: alength= 20 w= 15 nsites= 63 E= 3.2e-003
 0.007885 0.000005 0.001831 0.004041 0.000005 0.014710 0.000005 0.004522 0.000005 0.012110 0.000005 0.004329 0.000005 0.000389 0.000293 0.936674 0.000197 0.012692 0.000005 0.000293
 0.007885 0.000005 0.001831 0.004041 0.000005 0.923801 0.000005 0.004522 0.000005 0.012110 0.000005 0.004329 0.000005 0.000389 0.000293 0.027583 0.000197 0.012692 0.000005 0.000293
 0.007885 0.000005 0.001831 0.004041 0.000005 0.014710 0.000005 0.004522 0.000005 0.012110 0.000005 0.004329 0.000005 0.000389 0.000293 0.027583 0.000197 0.921783 0.000005 0.000293
 0.007885 0.000005 0.001831 0.004041 0.000005 0.014710 0.000005 0.004522 0.000005 0.921201 0.000005 0.004329 0.000005 0.000389 0.000293 0.027583 0.000197 0.012692 0.000005 0.000293
 0.007885 0.000005 0.001831 0.004041 0.000005 0.014710 0.000005 0.004522 0.000005 0.012110 0.000005 0.913420 0.000005 0.000389 0.000293 0.027583 0.000197 0.012692 0.000005 0.000293
 0.007885 0.000005 0.001831 0.004041 0.000005 0.014710 0.000005 0.004522 0.000005 0.012110 0.000005 0.004329 0.000005 0.000389 0.000293 0.936674 0.000197 0.012692 0.000005 0.000293
 0.007885 0.000005 0.001831 0.004041 0.000005 0.923801 0.000005 0.004522 0.000005 0.012110 0.000005 0.004329 0.000005 0.000389 0.000293 0.027583 0.000197 0.012692 0.000005 0.000293
 0.007885 0.000005 0.001831 0.004041 0.000005 0.014710 0.000005 0.004522 0.000005 0.012110 0.000005 0.004329 0.000005 0.000389 0.000293 0.027583 0.000197 0.921783 0.000005 0.000293
 0.007885 0.000005 0.001831 0.004041 0.000005 0.014710 0.000005 0.004522 0.000005 0.012110 0.000005 0.004329 0.000005 0.000389 0.000293 0.936674 0.000197 0.012692 0.000005 0.000293
 0.007885 0.000005 0.001831 0.004041 0.000005 0.014710 0.000005 0.004522 0.000005 0.012110 0.000005 0.004329 0.000005 0.000389 0.000293 0.936674 0.000197 0.012692 0.000005 0.000293
 0.007885 0.000005 0.001831 0.004041 0.000005 0.014710 0.000005 0.004522 0.000005 0.012110 0.000005 0.004329 0.000005 0.000389 0.000293 0.936674 0.000197 0.012692 0.000005 0.000293
 0.007885 0.000005 0.001831 0.913132 0.000005 0.014710 0.000005 0.004522 0.000005 0.012110 0.000005 0.004329 0.000005 0.000389 0.000293 0.027583 0.000197 0.012692 0.000005 0.000293
 0.916976 0.000005 0.001831 0.004041 0.000005 0.014710 0.000005 0.004522 0.000005 0.012110 0.000005 0.004329 0.000005 0.000389 0.000293 0.027583 0.000197 0.012692 0.000005 0.000293
 0.007885 0.000005 0.001831 0.004041 0.000005 0.014710 0.000005 0.004522 0.000005 0.921201 0.000005 0.004329 0.000005 0.000389 0.000293 0.027583 0.000197 0.012692 0.000005 0.000293
 0.007885 0.000005 0.001831 0.004041 0.000005 0.014710 0.000005 0.004522 0.000005 0.012110 0.000005 0.004329 0.000005 0.000389 0.000293 0.027583 0.000197 0.921783 0.000005 0.000293

MOTIF 2-NLV STREME-2
letter-probability matrix: alength= 20 w= 3 nsites= 2 E= 3.0e+000
 0.007885 0.000005 0.001831 0.004041 0.000005 0.014710 0.000005 0.004522 0.000005 0.012110 0.000005 0.913420 0.000005 0.000389 0.000293 0.027583 0.000197 0.012692 0.000005 0.000293
 0.007885 0.000005 0.001831 0.004041 0.000005 0.014710 0.000005 0.004522 0.000005 0.921201 0.000005 0.004329 0.000005 0.000389 0.000293 0.027583 0.000197 0.012692 0.000005 0.000293
 0.007885 0.000005 0.001831 0.004041 0.000005 0.014710 0.000005 0.004522 0.000005 0.012110 0.000005 0.004329 0.000005 0.000389 0.000293 0.027583 0.000197 0.921783 0.000005 0.000293

MOTIF 3-AGD STREME-3
letter-probability matrix: alength= 20 w= 3 nsites= 3 E= 3.0e+000
 0.916976 0.000005 0.001831 0.004041 0.000005 0.014710 0.000005 0.004522 0.000005 0.012110 0.000005 0.004329 0.000005 0.000389 0.000293 0.027583 0.000197 0.012692 0.000005 0.000293
 0.007885 0.000005 0.001831 0.004041 0.000005 0.923801 0.000005 0.004522 0.000005 0.012110 0.000005 0.004329 0.000005 0.000389 0.000293 0.027583 0.000197 0.012692 0.000005 0.000293
 0.007885 0.000005 0.910922 0.004041 0.000005 0.014710 0.000005 0.004522 0.000005 0.012110 0.000005 0.004329 0.000005 0.000389 0.000293 0.027583 0.000197 0.012692 0.000005 0.000293

********************************************************************************
Stopped because the next motif had no positive sites with scores > 0.
********************************************************************************
COMMAND:	streme --protein --p ./Data/v1_cluster_windows_15mers/cluster_11031.fasta --minw 3 --maxw 15 --thresh 0.05 --oc ./Results/v1_Top500_Run_20250504_162200/streme_out_cluster_11031
********************************************************************************
CPU:		Hirokis-MacBook-Air.local
********************************************************************************
FINALTIME:	0.18 seconds
********************************************************************************
