********************************************************************************
STREME - Sensitive, Thorough, Rapid, Enriched Motif Elicitation
********************************************************************************
MEME version 5.5.7 (Release date: Wed Jun 19 13:59:04 2024 -0700)

For further information on how to interpret these results please access https://meme-suite.org/meme.
To get a copy of the MEME Suite software please access https://meme-suite.org.

********************************************************************************


********************************************************************************
REFERENCE
********************************************************************************
If you use this program in your research, please cite:

Timothy L. Bailey,
"STREME: accurate and versatile sequence motif discovery",
Bioinformatics, Mar. 24, 2021.
********************************************************************************


ALPHABET= ACDEFGHIKLMNPQRSTVWY

strands: +

Background letter frequencies
A 0.472 C 7.92e-05 D 7.92e-05 E 0.00166 F 7.92e-05 G 0.33 H 7.92e-05 I 7.92e-05 K 7.92e-05 L 7.92e-05 M 7.92e-05 N 7.92e-05 P 7.92e-05 Q 0.0651 R 0.00166 S 0.113 T 0.0112 V 0.00483 W 7.92e-05 Y 7.92e-05 

MOTIF 1-AAAAAAGASGAGQGG STREME-1
letter-probability matrix: alength= 20 w= 15 nsites= 42 S= 6.0e-025
 0.952030 0.000007 0.000007 0.000151 0.000007 0.029974 0.000007 0.000007 0.000007 0.000007 0.000007 0.000007 0.000007 0.005915 0.000151 0.010237 0.001016 0.000439 0.000007 0.000007
 0.952030 0.000007 0.000007 0.000151 0.000007 0.029974 0.000007 0.000007 0.000007 0.000007 0.000007 0.000007 0.000007 0.005915 0.000151 0.010237 0.001016 0.000439 0.000007 0.000007
 0.952030 0.000007 0.000007 0.000151 0.000007 0.029974 0.000007 0.000007 0.000007 0.000007 0.000007 0.000007 0.000007 0.005915 0.000151 0.010237 0.001016 0.000439 0.000007 0.000007
 0.952030 0.000007 0.000007 0.000151 0.000007 0.029974 0.000007 0.000007 0.000007 0.000007 0.000007 0.000007 0.000007 0.005915 0.000151 0.010237 0.001016 0.000439 0.000007 0.000007
 0.952030 0.000007 0.000007 0.000151 0.000007 0.029974 0.000007 0.000007 0.000007 0.000007 0.000007 0.000007 0.000007 0.005915 0.000151 0.010237 0.001016 0.000439 0.000007 0.000007
 0.952030 0.000007 0.000007 0.000151 0.000007 0.029974 0.000007 0.000007 0.000007 0.000007 0.000007 0.000007 0.000007 0.005915 0.000151 0.010237 0.001016 0.000439 0.000007 0.000007
 0.042939 0.000007 0.000007 0.000151 0.000007 0.939065 0.000007 0.000007 0.000007 0.000007 0.000007 0.000007 0.000007 0.005915 0.000151 0.010237 0.001016 0.000439 0.000007 0.000007
 0.952030 0.000007 0.000007 0.000151 0.000007 0.029974 0.000007 0.000007 0.000007 0.000007 0.000007 0.000007 0.000007 0.005915 0.000151 0.010237 0.001016 0.000439 0.000007 0.000007
 0.042939 0.000007 0.000007 0.000151 0.000007 0.029974 0.000007 0.000007 0.000007 0.000007 0.000007 0.000007 0.000007 0.005915 0.000151 0.919328 0.001016 0.000439 0.000007 0.000007
 0.042939 0.000007 0.000007 0.000151 0.000007 0.939065 0.000007 0.000007 0.000007 0.000007 0.000007 0.000007 0.000007 0.005915 0.000151 0.010237 0.001016 0.000439 0.000007 0.000007
 0.952030 0.000007 0.000007 0.000151 0.000007 0.029974 0.000007 0.000007 0.000007 0.000007 0.000007 0.000007 0.000007 0.005915 0.000151 0.010237 0.001016 0.000439 0.000007 0.000007
 0.042939 0.000007 0.000007 0.000151 0.000007 0.939065 0.000007 0.000007 0.000007 0.000007 0.000007 0.000007 0.000007 0.005915 0.000151 0.010237 0.001016 0.000439 0.000007 0.000007
 0.042939 0.000007 0.000007 0.000151 0.000007 0.029974 0.000007 0.000007 0.000007 0.000007 0.000007 0.000007 0.000007 0.915006 0.000151 0.010237 0.001016 0.000439 0.000007 0.000007
 0.042939 0.000007 0.000007 0.000151 0.000007 0.939065 0.000007 0.000007 0.000007 0.000007 0.000007 0.000007 0.000007 0.005915 0.000151 0.010237 0.001016 0.000439 0.000007 0.000007
 0.042939 0.000007 0.000007 0.000151 0.000007 0.939065 0.000007 0.000007 0.000007 0.000007 0.000007 0.000007 0.000007 0.005915 0.000151 0.010237 0.001016 0.000439 0.000007 0.000007

********************************************************************************
Stopped because the next motif had no positive sites with scores > 0.
********************************************************************************
COMMAND:	streme --protein --p ./Data/v1_cluster_windows_15mers/cluster_21715.fasta --minw 3 --maxw 15 --thresh 0.05 --oc ./Results/v1_Top500_Run_20250504_162200/streme_out_cluster_21715
********************************************************************************
CPU:		Hirokis-MacBook-Air.local
********************************************************************************
FINALTIME:	0.13 seconds
********************************************************************************
