********************************************************************************
STREME - Sensitive, Thorough, Rapid, Enriched Motif Elicitation
********************************************************************************
MEME version 5.5.7 (Release date: Wed Jun 19 13:59:04 2024 -0700)

For further information on how to interpret these results please access https://meme-suite.org/meme.
To get a copy of the MEME Suite software please access https://meme-suite.org.

********************************************************************************


********************************************************************************
REFERENCE
********************************************************************************
If you use this program in your research, please cite:

Timothy L. Bailey,
"STREME: accurate and versatile sequence motif discovery",
Bioinformatics, Mar. 24, 2021.
********************************************************************************


ALPHABET= ACDEFGHIKLMNPQRSTVWY

strands: +

Background letter frequencies
A 0.323 C 8.12e-05 D 8.12e-05 E 8.12e-05 F 0.00333 G 0.208 H 8.12e-05 I 8.12e-05 K 8.12e-05 L 8.12e-05 M 8.12e-05 N 8.12e-05 P 0.114 Q 0.0699 R 0.0666 S 0.146 T 0.00171 V 0.00495 W 8.12e-05 Y 0.0618 

MOTIF 1-GGYGPGAQASAAASR STREME-1
letter-probability matrix: alength= 20 w= 15 nsites= 41 S= 2.4e-024
 0.029373 0.000007 0.000007 0.000007 0.000303 0.927991 0.000007 0.000007 0.000007 0.000007 0.000007 0.000007 0.010336 0.006354 0.006058 0.013291 0.000155 0.000450 0.000007 0.005615
 0.029373 0.000007 0.000007 0.000007 0.000303 0.927991 0.000007 0.000007 0.000007 0.000007 0.000007 0.000007 0.010336 0.006354 0.006058 0.013291 0.000155 0.000450 0.000007 0.005615
 0.029373 0.000007 0.000007 0.000007 0.000303 0.018900 0.000007 0.000007 0.000007 0.000007 0.000007 0.000007 0.010336 0.006354 0.006058 0.013291 0.000155 0.000450 0.000007 0.914706
 0.029373 0.000007 0.000007 0.000007 0.000303 0.927991 0.000007 0.000007 0.000007 0.000007 0.000007 0.000007 0.010336 0.006354 0.006058 0.013291 0.000155 0.000450 0.000007 0.005615
 0.029373 0.000007 0.000007 0.000007 0.000303 0.018900 0.000007 0.000007 0.000007 0.000007 0.000007 0.000007 0.919427 0.006354 0.006058 0.013291 0.000155 0.000450 0.000007 0.005615
 0.029373 0.000007 0.000007 0.000007 0.000303 0.927991 0.000007 0.000007 0.000007 0.000007 0.000007 0.000007 0.010336 0.006354 0.006058 0.013291 0.000155 0.000450 0.000007 0.005615
 0.938464 0.000007 0.000007 0.000007 0.000303 0.018900 0.000007 0.000007 0.000007 0.000007 0.000007 0.000007 0.010336 0.006354 0.006058 0.013291 0.000155 0.000450 0.000007 0.005615
 0.029373 0.000007 0.000007 0.000007 0.000303 0.018900 0.000007 0.000007 0.000007 0.000007 0.000007 0.000007 0.010336 0.915445 0.006058 0.013291 0.000155 0.000450 0.000007 0.005615
 0.938464 0.000007 0.000007 0.000007 0.000303 0.018900 0.000007 0.000007 0.000007 0.000007 0.000007 0.000007 0.010336 0.006354 0.006058 0.013291 0.000155 0.000450 0.000007 0.005615
 0.029373 0.000007 0.000007 0.000007 0.000303 0.018900 0.000007 0.000007 0.000007 0.000007 0.000007 0.000007 0.010336 0.006354 0.006058 0.922382 0.000155 0.000450 0.000007 0.005615
 0.938464 0.000007 0.000007 0.000007 0.000303 0.018900 0.000007 0.000007 0.000007 0.000007 0.000007 0.000007 0.010336 0.006354 0.006058 0.013291 0.000155 0.000450 0.000007 0.005615
 0.938464 0.000007 0.000007 0.000007 0.000303 0.018900 0.000007 0.000007 0.000007 0.000007 0.000007 0.000007 0.010336 0.006354 0.006058 0.013291 0.000155 0.000450 0.000007 0.005615
 0.938464 0.000007 0.000007 0.000007 0.000303 0.018900 0.000007 0.000007 0.000007 0.000007 0.000007 0.000007 0.010336 0.006354 0.006058 0.013291 0.000155 0.000450 0.000007 0.005615
 0.029373 0.000007 0.000007 0.000007 0.000303 0.018900 0.000007 0.000007 0.000007 0.000007 0.000007 0.000007 0.010336 0.006354 0.006058 0.922382 0.000155 0.000450 0.000007 0.005615
 0.029373 0.000007 0.000007 0.000007 0.000303 0.018900 0.000007 0.000007 0.000007 0.000007 0.000007 0.000007 0.010336 0.006354 0.915149 0.013291 0.000155 0.000450 0.000007 0.005615

MOTIF 2-SSAS STREME-2
letter-probability matrix: alength= 20 w= 4 nsites= 2 S= 2.5e-001
 0.029373 0.000007 0.000007 0.000007 0.000303 0.018900 0.000007 0.000007 0.000007 0.000007 0.000007 0.000007 0.010336 0.006354 0.006058 0.922382 0.000155 0.000450 0.000007 0.005615
 0.029373 0.000007 0.000007 0.000007 0.000303 0.018900 0.000007 0.000007 0.000007 0.000007 0.000007 0.000007 0.010336 0.006354 0.006058 0.922382 0.000155 0.000450 0.000007 0.005615
 0.938464 0.000007 0.000007 0.000007 0.000303 0.018900 0.000007 0.000007 0.000007 0.000007 0.000007 0.000007 0.010336 0.006354 0.006058 0.013291 0.000155 0.000450 0.000007 0.005615
 0.029373 0.000007 0.000007 0.000007 0.000303 0.018900 0.000007 0.000007 0.000007 0.000007 0.000007 0.000007 0.010336 0.006354 0.006058 0.922382 0.000155 0.000450 0.000007 0.005615

********************************************************************************
Stopped because the next motif had no positive sites with scores > 0.
********************************************************************************
COMMAND:	streme --protein --p ./Data/v1_cluster_windows_15mers/cluster_3405.fasta --minw 3 --maxw 15 --thresh 0.05 --oc ./Results/v1_Top500_Run_20250504_162200/streme_out_cluster_3405
********************************************************************************
CPU:		Hirokis-MacBook-Air.local
********************************************************************************
FINALTIME:	0.12 seconds
********************************************************************************
