********************************************************************************
STREME - Sensitive, Thorough, Rapid, Enriched Motif Elicitation
********************************************************************************
MEME version 5.5.7 (Release date: Wed Jun 19 13:59:04 2024 -0700)

For further information on how to interpret these results please access https://meme-suite.org/meme.
To get a copy of the MEME Suite software please access https://meme-suite.org.

********************************************************************************


********************************************************************************
REFERENCE
********************************************************************************
If you use this program in your research, please cite:

Timothy L. Bailey,
"STREME: accurate and versatile sequence motif discovery",
Bioinformatics, Mar. 24, 2021.
********************************************************************************


ALPHABET= ACDEFGHIKLMNPQRSTVWY

strands: +

Background letter frequencies
A 0.0191 C 2.22e-05 D 0.0058 E 0.00846 F 0.000466 G 0.357 H 2.22e-05 I 2.22e-05 K 0.000466 L 0.00446 M 2.22e-05 N 0.000911 P 0.148 Q 0.233 R 0.00491 S 0.0769 T 0.00535 V 0.0058 W 2.22e-05 Y 0.129 

MOTIF 1-QGYGPGQSGYPGQQG STREME-1
letter-probability matrix: alength= 20 w= 15 nsites= 150 E= 1.3e-008
 0.001738 0.000002 0.000527 0.000769 0.000042 0.032432 0.000002 0.000002 0.000042 0.000406 0.000002 0.000083 0.013489 0.930297 0.000446 0.006988 0.000487 0.000527 0.000002 0.011717
 0.001738 0.000002 0.000527 0.000769 0.000042 0.941523 0.000002 0.000002 0.000042 0.000406 0.000002 0.000083 0.013489 0.021206 0.000446 0.006988 0.000487 0.000527 0.000002 0.011717
 0.001738 0.000002 0.000527 0.000769 0.000042 0.032432 0.000002 0.000002 0.000042 0.000406 0.000002 0.000083 0.013489 0.021206 0.000446 0.006988 0.000487 0.000527 0.000002 0.920807
 0.001738 0.000002 0.000527 0.000769 0.000042 0.941523 0.000002 0.000002 0.000042 0.000406 0.000002 0.000083 0.013489 0.021206 0.000446 0.006988 0.000487 0.000527 0.000002 0.011717
 0.001738 0.000002 0.000527 0.000769 0.000042 0.032432 0.000002 0.000002 0.000042 0.000406 0.000002 0.000083 0.922580 0.021206 0.000446 0.006988 0.000487 0.000527 0.000002 0.011717
 0.001738 0.000002 0.000527 0.000769 0.000042 0.941523 0.000002 0.000002 0.000042 0.000406 0.000002 0.000083 0.013489 0.021206 0.000446 0.006988 0.000487 0.000527 0.000002 0.011717
 0.001738 0.000002 0.000527 0.000769 0.000042 0.032432 0.000002 0.000002 0.000042 0.000406 0.000002 0.000083 0.013489 0.930297 0.000446 0.006988 0.000487 0.000527 0.000002 0.011717
 0.001738 0.000002 0.000527 0.000769 0.000042 0.032432 0.000002 0.000002 0.000042 0.000406 0.000002 0.000083 0.013489 0.021206 0.000446 0.916079 0.000487 0.000527 0.000002 0.011717
 0.001738 0.000002 0.000527 0.000769 0.000042 0.941523 0.000002 0.000002 0.000042 0.000406 0.000002 0.000083 0.013489 0.021206 0.000446 0.006988 0.000487 0.000527 0.000002 0.011717
 0.001738 0.000002 0.000527 0.000769 0.000042 0.032432 0.000002 0.000002 0.000042 0.000406 0.000002 0.000083 0.013489 0.021206 0.000446 0.006988 0.000487 0.000527 0.000002 0.920807
 0.001738 0.000002 0.000527 0.000769 0.000042 0.032432 0.000002 0.000002 0.000042 0.000406 0.000002 0.000083 0.922580 0.021206 0.000446 0.006988 0.000487 0.000527 0.000002 0.011717
 0.001738 0.000002 0.000527 0.000769 0.000042 0.941523 0.000002 0.000002 0.000042 0.000406 0.000002 0.000083 0.013489 0.021206 0.000446 0.006988 0.000487 0.000527 0.000002 0.011717
 0.001738 0.000002 0.000527 0.000769 0.000042 0.032432 0.000002 0.000002 0.000042 0.000406 0.000002 0.000083 0.013489 0.930297 0.000446 0.006988 0.000487 0.000527 0.000002 0.011717
 0.001738 0.000002 0.000527 0.000769 0.000042 0.032432 0.000002 0.000002 0.000042 0.000406 0.000002 0.000083 0.013489 0.930297 0.000446 0.006988 0.000487 0.000527 0.000002 0.011717
 0.001738 0.000002 0.000527 0.000769 0.000042 0.941523 0.000002 0.000002 0.000042 0.000406 0.000002 0.000083 0.013489 0.021206 0.000446 0.006988 0.000487 0.000527 0.000002 0.011717

MOTIF 2-QQT STREME-2
letter-probability matrix: alength= 20 w= 3 nsites= 1 E= 2.0e+000
 0.001738 0.000002 0.000527 0.000769 0.000042 0.032432 0.000002 0.000002 0.000042 0.000406 0.000002 0.000083 0.013489 0.930297 0.000446 0.006988 0.000487 0.000527 0.000002 0.011717
 0.001738 0.000002 0.000527 0.000769 0.000042 0.032432 0.000002 0.000002 0.000042 0.000406 0.000002 0.000083 0.013489 0.930297 0.000446 0.006988 0.000487 0.000527 0.000002 0.011717
 0.001738 0.000002 0.000527 0.000769 0.000042 0.032432 0.000002 0.000002 0.000042 0.000406 0.000002 0.000083 0.013489 0.021206 0.000446 0.006988 0.909577 0.000527 0.000002 0.011717

********************************************************************************
Stopped because the next motif had no positive sites with scores > 0.
********************************************************************************
COMMAND:	streme --protein --p ./Data/v1_cluster_windows_15mers/cluster_6710.fasta --minw 3 --maxw 15 --thresh 0.05 --oc ./Results/v1_Top500_Run_20250504_162200/streme_out_cluster_6710
********************************************************************************
CPU:		Hirokis-MacBook-Air.local
********************************************************************************
FINALTIME:	0.27 seconds
********************************************************************************
