********************************************************************************
STREME - Sensitive, Thorough, Rapid, Enriched Motif Elicitation
********************************************************************************
MEME version 5.5.7 (Release date: Wed Jun 19 13:59:04 2024 -0700)

For further information on how to interpret these results please access https://meme-suite.org/meme.
To get a copy of the MEME Suite software please access https://meme-suite.org.

********************************************************************************


********************************************************************************
REFERENCE
********************************************************************************
If you use this program in your research, please cite:

Timothy L. Bailey,
"STREME: accurate and versatile sequence motif discovery",
Bioinformatics, Mar. 24, 2021.
********************************************************************************


ALPHABET= ACDEFGHIKLMNPQRSTVWY

strands: +

Background letter frequencies
A 0.111 C 4.06e-05 D 0.00898 E 4.06e-05 F 0.0691 G 0.11 H 4.06e-05 I 0.102 K 4.06e-05 L 4.06e-05 M 0.00492 N 0.0797 P 0.0252 Q 4.06e-05 R 4.06e-05 S 0.319 T 0.0122 V 0.158 W 4.06e-05 Y 4.06e-05 

MOTIF 1-SNVVSNIFSGVSASA STREME-1
letter-probability matrix: alength= 20 w= 15 nsites= 82 E= 3.1e-004
 0.010119 0.000004 0.000816 0.000004 0.006281 0.009973 0.000004 0.009237 0.000004 0.000004 0.000447 0.007241 0.002293 0.000004 0.000004 0.938120 0.001112 0.014328 0.000004 0.000004
 0.010119 0.000004 0.000816 0.000004 0.006281 0.009973 0.000004 0.009237 0.000004 0.000004 0.000447 0.916332 0.002293 0.000004 0.000004 0.029029 0.001112 0.014328 0.000004 0.000004
 0.010119 0.000004 0.000816 0.000004 0.006281 0.009973 0.000004 0.009237 0.000004 0.000004 0.000447 0.007241 0.002293 0.000004 0.000004 0.029029 0.001112 0.923419 0.000004 0.000004
 0.010119 0.000004 0.000816 0.000004 0.006281 0.009973 0.000004 0.009237 0.000004 0.000004 0.000447 0.007241 0.002293 0.000004 0.000004 0.029029 0.001112 0.923419 0.000004 0.000004
 0.010119 0.000004 0.000816 0.000004 0.006281 0.009973 0.000004 0.009237 0.000004 0.000004 0.000447 0.007241 0.002293 0.000004 0.000004 0.938120 0.001112 0.014328 0.000004 0.000004
 0.010119 0.000004 0.000816 0.000004 0.006281 0.009973 0.000004 0.009237 0.000004 0.000004 0.000447 0.916332 0.002293 0.000004 0.000004 0.029029 0.001112 0.014328 0.000004 0.000004
 0.010119 0.000004 0.000816 0.000004 0.006281 0.009973 0.000004 0.918328 0.000004 0.000004 0.000447 0.007241 0.002293 0.000004 0.000004 0.029029 0.001112 0.014328 0.000004 0.000004
 0.010119 0.000004 0.000816 0.000004 0.915372 0.009973 0.000004 0.009237 0.000004 0.000004 0.000447 0.007241 0.002293 0.000004 0.000004 0.029029 0.001112 0.014328 0.000004 0.000004
 0.010119 0.000004 0.000816 0.000004 0.006281 0.009973 0.000004 0.009237 0.000004 0.000004 0.000447 0.007241 0.002293 0.000004 0.000004 0.938120 0.001112 0.014328 0.000004 0.000004
 0.010119 0.000004 0.000816 0.000004 0.006281 0.919064 0.000004 0.009237 0.000004 0.000004 0.000447 0.007241 0.002293 0.000004 0.000004 0.029029 0.001112 0.014328 0.000004 0.000004
 0.010119 0.000004 0.000816 0.000004 0.006281 0.009973 0.000004 0.009237 0.000004 0.000004 0.000447 0.007241 0.002293 0.000004 0.000004 0.029029 0.001112 0.923419 0.000004 0.000004
 0.010119 0.000004 0.000816 0.000004 0.006281 0.009973 0.000004 0.009237 0.000004 0.000004 0.000447 0.007241 0.002293 0.000004 0.000004 0.938120 0.001112 0.014328 0.000004 0.000004
 0.919210 0.000004 0.000816 0.000004 0.006281 0.009973 0.000004 0.009237 0.000004 0.000004 0.000447 0.007241 0.002293 0.000004 0.000004 0.029029 0.001112 0.014328 0.000004 0.000004
 0.010119 0.000004 0.000816 0.000004 0.006281 0.009973 0.000004 0.009237 0.000004 0.000004 0.000447 0.007241 0.002293 0.000004 0.000004 0.938120 0.001112 0.014328 0.000004 0.000004
 0.919210 0.000004 0.000816 0.000004 0.006281 0.009973 0.000004 0.009237 0.000004 0.000004 0.000447 0.007241 0.002293 0.000004 0.000004 0.029029 0.001112 0.014328 0.000004 0.000004

MOTIF 2-STG STREME-2
letter-probability matrix: alength= 20 w= 3 nsites= 5 E= 4.0e+000
 0.010119 0.000004 0.000816 0.000004 0.006281 0.009973 0.000004 0.009237 0.000004 0.000004 0.000447 0.007241 0.002293 0.000004 0.000004 0.938120 0.001112 0.014328 0.000004 0.000004
 0.010119 0.000004 0.000816 0.000004 0.006281 0.009973 0.000004 0.009237 0.000004 0.000004 0.000447 0.007241 0.002293 0.000004 0.000004 0.029029 0.910203 0.014328 0.000004 0.000004
 0.010119 0.000004 0.000816 0.000004 0.006281 0.919064 0.000004 0.009237 0.000004 0.000004 0.000447 0.007241 0.002293 0.000004 0.000004 0.029029 0.001112 0.014328 0.000004 0.000004

MOTIF 3-PGII STREME-3
letter-probability matrix: alength= 20 w= 4 nsites= 2 E= 4.0e+000
 0.010119 0.000004 0.000816 0.000004 0.006281 0.009973 0.000004 0.009237 0.000004 0.000004 0.000447 0.007241 0.911384 0.000004 0.000004 0.029029 0.001112 0.014328 0.000004 0.000004
 0.010119 0.000004 0.000816 0.000004 0.006281 0.919064 0.000004 0.009237 0.000004 0.000004 0.000447 0.007241 0.002293 0.000004 0.000004 0.029029 0.001112 0.014328 0.000004 0.000004
 0.010119 0.000004 0.000816 0.000004 0.006281 0.009973 0.000004 0.918328 0.000004 0.000004 0.000447 0.007241 0.002293 0.000004 0.000004 0.029029 0.001112 0.014328 0.000004 0.000004
 0.010119 0.000004 0.000816 0.000004 0.006281 0.009973 0.000004 0.918328 0.000004 0.000004 0.000447 0.007241 0.002293 0.000004 0.000004 0.029029 0.001112 0.014328 0.000004 0.000004

MOTIF 4-SNG STREME-4
letter-probability matrix: alength= 20 w= 3 nsites= 1 E= 4.0e+000
 0.010119 0.000004 0.000816 0.000004 0.006281 0.009973 0.000004 0.009237 0.000004 0.000004 0.000447 0.007241 0.002293 0.000004 0.000004 0.938120 0.001112 0.014328 0.000004 0.000004
 0.010119 0.000004 0.000816 0.000004 0.006281 0.009973 0.000004 0.009237 0.000004 0.000004 0.000447 0.916332 0.002293 0.000004 0.000004 0.029029 0.001112 0.014328 0.000004 0.000004
 0.010119 0.000004 0.000816 0.000004 0.006281 0.919064 0.000004 0.009237 0.000004 0.000004 0.000447 0.007241 0.002293 0.000004 0.000004 0.029029 0.001112 0.014328 0.000004 0.000004

********************************************************************************
Stopped because 3 consecutive motifs exceeded the p-value threshold (0.05).
********************************************************************************
COMMAND:	streme --protein --p ./Data/v1_cluster_windows_15mers/cluster_17548.fasta --minw 3 --maxw 15 --thresh 0.05 --oc ./Results/v1_Top500_Run_20250504_162200/streme_out_cluster_17548
********************************************************************************
CPU:		Hirokis-MacBook-Air.local
********************************************************************************
FINALTIME:	0.17 seconds
********************************************************************************
