********************************************************************************
STREME - Sensitive, Thorough, Rapid, Enriched Motif Elicitation
********************************************************************************
MEME version 5.5.7 (Release date: Wed Jun 19 13:59:04 2024 -0700)

For further information on how to interpret these results please access https://meme-suite.org/meme.
To get a copy of the MEME Suite software please access https://meme-suite.org.

********************************************************************************


********************************************************************************
REFERENCE
********************************************************************************
If you use this program in your research, please cite:

Timothy L. Bailey,
"STREME: accurate and versatile sequence motif discovery",
Bioinformatics, Mar. 24, 2021.
********************************************************************************


ALPHABET= ACDEFGHIKLMNPQRSTVWY

strands: +

Background letter frequencies
A 0.127 C 0.00974 D 0.0209 E 0.0139 F 0.0119 G 0.149 H 0.00307 I 0.048 K 0.00152 L 0.0789 M 0.0103 N 0.0663 P 0.0279 Q 0.0488 R 0.0121 S 0.209 T 0.0338 V 0.103 W 0.000166 Y 0.0248 

MOTIF 1-NPGAS STREME-1
letter-probability matrix: alength= 20 w= 5 nsites= 1048 E= 2.4e-025
 0.005552 0.000001 0.002134 0.009595 0.000002 0.000023 0.040598 0.000007 0.000000 0.000012 0.000002 0.724152 0.000004 0.012802 0.000002 0.154060 0.035045 0.000016 0.000000 0.015992
 0.021316 0.000001 0.000003 0.000002 0.000002 0.000023 0.000000 0.002580 0.000000 0.001800 0.004263 0.000010 0.668658 0.000007 0.000002 0.034235 0.003201 0.063984 0.000000 0.199912
 0.020269 0.000001 0.008526 0.002133 0.000002 0.955976 0.000000 0.000007 0.000000 0.000012 0.000002 0.005338 0.000004 0.000007 0.000002 0.001097 0.000005 0.006613 0.000000 0.000004
 0.468307 0.000001 0.000003 0.000002 0.000002 0.000023 0.000000 0.008531 0.000000 0.467575 0.011723 0.000010 0.000004 0.000007 0.002132 0.000237 0.000005 0.036104 0.000000 0.005331
 0.056559 0.003197 0.000003 0.000002 0.008526 0.001811 0.000000 0.013863 0.000000 0.134211 0.002132 0.000010 0.001069 0.000007 0.000002 0.762593 0.015993 0.000016 0.000000 0.000004

MOTIF 2-IGQV STREME-2
letter-probability matrix: alength= 20 w= 4 nsites= 919 E= 3.4e-020
 0.000026 0.000002 0.000004 0.000003 0.008427 0.000030 0.000001 0.682484 0.000000 0.018076 0.000002 0.028556 0.000006 0.000010 0.000002 0.000042 0.000007 0.254843 0.000000 0.007479
 0.000026 0.000002 0.000004 0.000003 0.000002 0.997020 0.000001 0.000010 0.000000 0.000016 0.000002 0.000013 0.000006 0.000010 0.000002 0.000042 0.000007 0.002829 0.000000 0.000005
 0.007020 0.000002 0.005168 0.048745 0.000002 0.000030 0.000001 0.000010 0.000000 0.000016 0.000585 0.163585 0.034529 0.600495 0.000002 0.036402 0.000007 0.000021 0.000000 0.103379
 0.000026 0.000002 0.000004 0.000003 0.000002 0.000030 0.000001 0.232835 0.000000 0.000016 0.000002 0.002821 0.000006 0.000010 0.000002 0.000042 0.015229 0.748964 0.000000 0.000005

MOTIF 3-GCDVL STREME-3
letter-probability matrix: alength= 20 w= 5 nsites= 600 E= 6.2e-020
 0.003771 0.000003 0.043005 0.091613 0.000003 0.781073 0.000001 0.000013 0.000000 0.000021 0.000003 0.009359 0.000008 0.028045 0.005609 0.033692 0.003746 0.000028 0.000000 0.000007
 0.000034 0.999733 0.000006 0.000004 0.000003 0.000040 0.000001 0.000013 0.000000 0.000021 0.000003 0.000018 0.000008 0.000013 0.000003 0.000056 0.000009 0.000028 0.000000 0.000007
 0.000034 0.000003 0.608408 0.391332 0.000003 0.000040 0.000001 0.000013 0.000000 0.000021 0.000003 0.000018 0.000008 0.000013 0.000003 0.000056 0.000009 0.000028 0.000000 0.000007
 0.011245 0.000003 0.000006 0.000004 0.000003 0.000040 0.000001 0.136558 0.000000 0.061709 0.000003 0.003755 0.000008 0.000013 0.000003 0.003192 0.005614 0.777836 0.000000 0.000007
 0.000034 0.000003 0.000006 0.000004 0.003740 0.001908 0.000001 0.048622 0.000000 0.805178 0.076816 0.000018 0.000008 0.000013 0.000003 0.018754 0.016826 0.007501 0.000000 0.020563

MOTIF 4-SSLVSGGP STREME-4
letter-probability matrix: alength= 20 w= 8 nsites= 666 E= 4.6e-017
 0.026330 0.000002 0.000005 0.000003 0.000003 0.070739 0.000001 0.000011 0.000000 0.003306 0.000002 0.000016 0.000007 0.029594 0.000003 0.810763 0.059185 0.000024 0.000000 0.000006
 0.151265 0.000002 0.000005 0.000003 0.004934 0.000035 0.000001 0.000011 0.000000 0.004949 0.001646 0.111841 0.000007 0.014804 0.042742 0.406269 0.251596 0.000024 0.000000 0.009866
 0.000030 0.000002 0.000005 0.000003 0.037801 0.000035 0.000001 0.133166 0.000000 0.815681 0.013150 0.000016 0.000007 0.000012 0.000003 0.000050 0.000008 0.000024 0.000000 0.000006
 0.291055 0.000002 0.000005 0.000003 0.000003 0.032921 0.000001 0.016445 0.000000 0.052624 0.001646 0.003303 0.000007 0.001655 0.000003 0.049360 0.027951 0.523012 0.000000 0.000006
 0.078921 0.000002 0.000005 0.000003 0.003290 0.000035 0.000001 0.000011 0.000000 0.003306 0.000002 0.008233 0.000007 0.027956 0.000003 0.855176 0.023018 0.000024 0.000000 0.000006
 0.021402 0.000002 0.003292 0.000003 0.000003 0.429158 0.000001 0.000011 0.000000 0.000019 0.000002 0.129881 0.000007 0.000012 0.006577 0.366846 0.034537 0.000024 0.000000 0.008224
 0.000030 0.000002 0.001648 0.000003 0.000003 0.998155 0.000001 0.000011 0.000000 0.000019 0.000002 0.000016 0.000007 0.000012 0.000003 0.000050 0.000008 0.000024 0.000000 0.000006
 0.123350 0.000002 0.000005 0.000003 0.003290 0.291122 0.000001 0.003298 0.000000 0.000019 0.000002 0.006591 0.297648 0.006585 0.021373 0.042797 0.027956 0.136482 0.000000 0.039476

MOTIF 5-ILGSAS STREME-5
letter-probability matrix: alength= 20 w= 6 nsites= 514 E= 1.9e-011
 0.000040 0.000003 0.000007 0.000004 0.004335 0.000047 0.000001 0.859493 0.000000 0.004356 0.000003 0.000021 0.000009 0.000015 0.000004 0.000065 0.000011 0.131578 0.000000 0.000008
 0.000040 0.000003 0.000007 0.000004 0.000004 0.000047 0.000001 0.008678 0.000000 0.941201 0.000003 0.000021 0.000009 0.000015 0.000004 0.000065 0.000011 0.049880 0.000000 0.000008
 0.013936 0.002169 0.000007 0.000004 0.000004 0.573861 0.000001 0.000015 0.010830 0.000025 0.000003 0.028600 0.000009 0.000015 0.002169 0.368303 0.000011 0.000032 0.000000 0.000008
 0.008704 0.000003 0.000007 0.000004 0.000004 0.000047 0.000001 0.000015 0.000000 0.000025 0.000003 0.039013 0.004340 0.015176 0.000004 0.919608 0.008674 0.004364 0.000000 0.000008
 0.522942 0.000003 0.000007 0.000004 0.000004 0.006545 0.000001 0.000015 0.000000 0.000025 0.000003 0.000021 0.000009 0.000015 0.000004 0.470353 0.000011 0.000032 0.000000 0.000008
 0.000040 0.000003 0.000007 0.000004 0.000004 0.000047 0.000001 0.000015 0.002166 0.000025 0.000003 0.316024 0.000009 0.015177 0.013000 0.592751 0.058520 0.000032 0.000000 0.002173

MOTIF 6-NVNSL STREME-6
letter-probability matrix: alength= 20 w= 5 nsites= 370 E= 4.5e-008
 0.000059 0.000005 0.000010 0.000006 0.000006 0.000070 0.000001 0.000022 0.000001 0.000037 0.000005 0.999563 0.000013 0.000023 0.000006 0.000098 0.000016 0.000048 0.000000 0.000012
 0.181840 0.000005 0.000010 0.000006 0.019462 0.000070 0.000001 0.046770 0.000001 0.064349 0.022703 0.000031 0.043520 0.000023 0.000006 0.089406 0.074631 0.301306 0.000000 0.155862
 0.271989 0.000005 0.068114 0.000006 0.000006 0.197223 0.000001 0.000022 0.000001 0.000037 0.000005 0.362359 0.000013 0.000023 0.000006 0.100115 0.000016 0.000048 0.000000 0.000012
 0.362806 0.000005 0.012980 0.000006 0.000006 0.000070 0.000001 0.000022 0.000001 0.000037 0.000005 0.003273 0.000013 0.000023 0.000006 0.475251 0.145435 0.000048 0.000000 0.000012
 0.305915 0.000005 0.000010 0.000006 0.000006 0.000070 0.000001 0.000022 0.000001 0.693714 0.000005 0.000031 0.000013 0.000023 0.000006 0.000098 0.000016 0.000048 0.000000 0.000012

MOTIF 7-GQSASMVG STREME-7
letter-probability matrix: alength= 20 w= 8 nsites= 347 E= 6.6e-008
 0.072339 0.000004 0.000009 0.000006 0.000005 0.760744 0.000001 0.000022 0.000001 0.000036 0.000005 0.000030 0.006297 0.003164 0.000005 0.154115 0.000015 0.000047 0.000000 0.003153
 0.006342 0.000004 0.084889 0.000006 0.000005 0.012637 0.000001 0.000022 0.000001 0.000036 0.000005 0.172938 0.000013 0.628644 0.028287 0.050385 0.015727 0.000047 0.000000 0.000011
 0.025200 0.000004 0.000009 0.000006 0.000005 0.000068 0.000001 0.000022 0.000001 0.000036 0.000005 0.000030 0.000013 0.000022 0.000005 0.581638 0.066004 0.000047 0.000000 0.326884
 0.738775 0.000004 0.000009 0.000006 0.000005 0.000068 0.000001 0.009449 0.000001 0.000036 0.000005 0.000030 0.000013 0.000022 0.000005 0.144646 0.097439 0.009473 0.000000 0.000011
 0.201226 0.000004 0.003151 0.000006 0.000005 0.094374 0.000001 0.000022 0.000001 0.000036 0.000005 0.047163 0.000013 0.276570 0.015716 0.349065 0.012584 0.000047 0.000000 0.000011
 0.094385 0.000004 0.000009 0.000006 0.000005 0.000068 0.000001 0.132013 0.000001 0.289248 0.380324 0.003172 0.000013 0.000022 0.000005 0.000095 0.037722 0.062895 0.000000 0.000011
 0.000058 0.000004 0.000009 0.000006 0.000005 0.000068 0.000001 0.022019 0.000001 0.000036 0.000005 0.000030 0.000013 0.000022 0.000005 0.000095 0.000015 0.977596 0.000000 0.000011
 0.047193 0.000004 0.000009 0.000006 0.000005 0.741889 0.000001 0.000022 0.000001 0.000036 0.000005 0.000030 0.000013 0.003164 0.009432 0.198117 0.000015 0.000047 0.000000 0.000011

MOTIF 8-QVSAS STREME-8
letter-probability matrix: alength= 20 w= 5 nsites= 330 E= 1.3e-004
 0.000065 0.000005 0.021357 0.000007 0.000006 0.000077 0.000002 0.000025 0.000001 0.000040 0.000005 0.000034 0.000014 0.978166 0.000006 0.000107 0.000017 0.000053 0.000000 0.000013
 0.000065 0.000005 0.000011 0.010679 0.000006 0.000077 0.000002 0.478653 0.000001 0.000040 0.000005 0.000034 0.000014 0.000025 0.000006 0.000107 0.000017 0.510240 0.000000 0.000013
 0.000065 0.003562 0.000011 0.000007 0.000006 0.257743 0.000002 0.000025 0.003558 0.000040 0.000005 0.110394 0.000014 0.000025 0.106771 0.517689 0.000017 0.000053 0.000000 0.000013
 0.676201 0.000005 0.000011 0.000007 0.000006 0.000077 0.000002 0.000025 0.000001 0.003598 0.000005 0.000034 0.000014 0.000025 0.000006 0.273635 0.000017 0.000053 0.000000 0.046279
 0.000065 0.000005 0.000011 0.000007 0.000006 0.039218 0.000002 0.000025 0.000001 0.000040 0.000005 0.084311 0.000014 0.000025 0.000006 0.847715 0.000017 0.028514 0.000000 0.000013

MOTIF 9-SRLSS STREME-9
letter-probability matrix: alength= 20 w= 5 nsites= 134 E= 3.2e-003
 0.033957 0.000012 0.000027 0.000018 0.000015 0.000191 0.000004 0.000061 0.000002 0.000101 0.000013 0.213076 0.000036 0.017793 0.000015 0.725606 0.000043 0.000132 0.000000 0.008897
 0.000162 0.000012 0.000027 0.000018 0.000015 0.000191 0.000004 0.000061 0.000002 0.000101 0.000013 0.000085 0.000036 0.000062 0.998736 0.000267 0.000043 0.000132 0.000000 0.000032
 0.000162 0.000012 0.000027 0.000018 0.000015 0.009056 0.000004 0.035528 0.000002 0.511826 0.000013 0.000085 0.000036 0.000062 0.000015 0.000267 0.000043 0.442796 0.000000 0.000032
 0.000162 0.000012 0.000027 0.000018 0.000015 0.053400 0.000004 0.000061 0.000002 0.000101 0.000013 0.000085 0.000036 0.000062 0.000015 0.919180 0.017776 0.000132 0.000000 0.008897
 0.000162 0.000012 0.000027 0.000018 0.000015 0.000191 0.000004 0.000061 0.000002 0.000101 0.000013 0.026683 0.000036 0.000062 0.000015 0.928056 0.044377 0.000132 0.000000 0.000032

MOTIF 10-SJSNIISGVLS STREME-10
letter-probability matrix: alength= 20 w= 11 nsites= 135 E= 1.3e-002
 0.299775 0.000012 0.000025 0.000017 0.000014 0.000179 0.000004 0.000058 0.000002 0.000095 0.000012 0.074983 0.000033 0.000059 0.000015 0.299923 0.008363 0.291436 0.000000 0.024997
 0.000152 0.000012 0.000025 0.000017 0.008337 0.000179 0.000004 0.266399 0.000002 0.491187 0.166468 0.000080 0.000033 0.000059 0.000015 0.000251 0.000041 0.066711 0.000000 0.000030
 0.033444 0.000012 0.000025 0.000017 0.000014 0.016824 0.000004 0.000058 0.000002 0.008417 0.000012 0.000080 0.066617 0.000059 0.000015 0.874208 0.000041 0.000124 0.000000 0.000030
 0.000152 0.000012 0.024992 0.000017 0.000014 0.158313 0.000004 0.000058 0.000002 0.000095 0.008335 0.582740 0.000033 0.008381 0.000015 0.091802 0.000041 0.000124 0.000000 0.124872
 0.174934 0.000012 0.000025 0.008339 0.000014 0.000179 0.000004 0.308014 0.000002 0.000095 0.041627 0.000080 0.000033 0.066639 0.000015 0.008573 0.091589 0.299796 0.000000 0.000030
 0.008475 0.000012 0.000025 0.000017 0.158151 0.000179 0.000004 0.424572 0.000002 0.099968 0.158144 0.000080 0.000033 0.000059 0.000015 0.016896 0.000041 0.025091 0.000000 0.108238
 0.000152 0.000012 0.000025 0.000017 0.000014 0.449661 0.000004 0.000058 0.000002 0.000095 0.000012 0.000080 0.000033 0.000059 0.000015 0.549568 0.000041 0.000124 0.000000 0.000030
 0.000152 0.000012 0.016670 0.000017 0.000014 0.399685 0.000004 0.000058 0.074908 0.000095 0.000012 0.324725 0.000033 0.041672 0.033304 0.083476 0.025008 0.000124 0.000000 0.000030
 0.174982 0.000012 0.000025 0.000017 0.000014 0.008501 0.000004 0.199808 0.000002 0.174873 0.083240 0.000080 0.000033 0.000059 0.000015 0.000251 0.000041 0.358015 0.000000 0.000030
 0.050087 0.000012 0.000025 0.000017 0.074922 0.000179 0.000004 0.025025 0.000002 0.299729 0.008335 0.000080 0.000033 0.000059 0.000015 0.283227 0.008363 0.224890 0.000000 0.024999
 0.224871 0.000012 0.008347 0.000017 0.000014 0.033472 0.000004 0.000058 0.000002 0.000095 0.000012 0.083317 0.000033 0.008381 0.000015 0.632833 0.008363 0.000124 0.000000 0.000030

MOTIF 11-DFSSV STREME-11
letter-probability matrix: alength= 20 w= 5 nsites= 99 E= 1.3e-002
 0.000205 0.000016 0.998416 0.000022 0.000019 0.000241 0.000005 0.000078 0.000002 0.000128 0.000017 0.000107 0.000045 0.000079 0.000020 0.000338 0.000055 0.000167 0.000000 0.000040
 0.000205 0.000016 0.000034 0.000022 0.762911 0.000241 0.000005 0.000078 0.000002 0.000128 0.000017 0.000107 0.000045 0.000079 0.000020 0.000338 0.000055 0.000167 0.000000 0.235531
 0.022627 0.000016 0.000034 0.000022 0.000019 0.280791 0.000005 0.000078 0.000002 0.000128 0.000017 0.157105 0.000045 0.000079 0.011231 0.527540 0.000055 0.000167 0.000000 0.000040
 0.000205 0.000016 0.000034 0.000022 0.000019 0.000241 0.000005 0.000078 0.000002 0.000128 0.000017 0.056166 0.000045 0.000079 0.100955 0.841727 0.000055 0.000167 0.000000 0.000040
 0.123560 0.000016 0.000034 0.000022 0.000019 0.000241 0.000005 0.213169 0.000002 0.089858 0.000017 0.000107 0.000045 0.000079 0.000020 0.000338 0.000055 0.572374 0.000000 0.000040

MOTIF 12-GQFGLD STREME-12
letter-probability matrix: alength= 20 w= 6 nsites= 93 E= 1.3e-002
 0.000205 0.000016 0.000034 0.000022 0.000019 0.706984 0.000005 0.000078 0.022431 0.000128 0.000017 0.056180 0.000045 0.044943 0.056105 0.112527 0.000055 0.000167 0.000000 0.000040
 0.213338 0.000016 0.000034 0.000022 0.000019 0.000241 0.000005 0.000078 0.000002 0.000128 0.000017 0.000107 0.089763 0.258183 0.000020 0.235856 0.000055 0.067459 0.000000 0.134657
 0.000205 0.000016 0.022462 0.258015 0.269335 0.045099 0.000005 0.000078 0.000002 0.202006 0.000017 0.000107 0.000045 0.000079 0.000020 0.112527 0.000055 0.067459 0.000000 0.022468
 0.000205 0.000016 0.000034 0.000022 0.000019 0.931331 0.000005 0.000078 0.000002 0.044992 0.000017 0.000107 0.000045 0.000079 0.000020 0.022766 0.000055 0.000167 0.000000 0.000040
 0.000205 0.000016 0.000034 0.000022 0.022447 0.089962 0.000005 0.000078 0.000002 0.875149 0.000017 0.000107 0.000045 0.000079 0.000020 0.011551 0.000055 0.000167 0.000000 0.000040
 0.000205 0.000016 0.774069 0.022451 0.000019 0.157305 0.000005 0.000078 0.000002 0.000128 0.000017 0.000107 0.000045 0.000079 0.022448 0.022766 0.000055 0.000167 0.000000 0.000040

MOTIF 13-GASSGEVL STREME-13
letter-probability matrix: alength= 20 w= 8 nsites= 54 E= 5.4e-002
 0.000456 0.000035 0.000075 0.000050 0.000043 0.972042 0.000011 0.000172 0.000005 0.000284 0.000037 0.000238 0.000100 0.000175 0.000043 0.025651 0.000121 0.000371 0.000001 0.000089
 0.698029 0.000035 0.000075 0.000050 0.000043 0.050342 0.000011 0.025073 0.000005 0.000284 0.024938 0.000238 0.000100 0.000175 0.000043 0.000750 0.049928 0.149791 0.000001 0.000089
 0.050263 0.000035 0.000075 0.000050 0.000043 0.000536 0.000011 0.000172 0.000005 0.000284 0.000037 0.000238 0.049907 0.000175 0.000043 0.897544 0.000121 0.000371 0.000001 0.000089
 0.000456 0.000035 0.000075 0.000050 0.000043 0.000536 0.000011 0.000172 0.000005 0.000284 0.000037 0.000238 0.000100 0.025076 0.000043 0.673399 0.000121 0.000371 0.000001 0.298947
 0.025357 0.000035 0.000075 0.000050 0.000043 0.573594 0.000011 0.000172 0.000005 0.000284 0.000037 0.074946 0.000100 0.000175 0.000043 0.299590 0.025022 0.000371 0.000001 0.000089
 0.000456 0.000035 0.000075 0.996457 0.000043 0.000536 0.000011 0.000172 0.000005 0.000284 0.000037 0.000238 0.000100 0.000175 0.000043 0.000750 0.000121 0.000371 0.000001 0.000089
 0.149890 0.000035 0.000075 0.000050 0.000043 0.000536 0.000011 0.124696 0.000005 0.000284 0.000037 0.000238 0.000100 0.000175 0.000043 0.025651 0.000121 0.697921 0.000001 0.000089
 0.050263 0.000035 0.000075 0.000050 0.000043 0.000536 0.000011 0.000172 0.000005 0.822379 0.000037 0.000238 0.000100 0.000175 0.000043 0.000750 0.000121 0.124876 0.000001 0.000089

MOTIF 14-SALVH STREME-14
letter-probability matrix: alength= 20 w= 5 nsites= 151 E= 8.7e-002
 0.069285 0.000011 0.000023 0.000015 0.000013 0.015531 0.000003 0.000053 0.000002 0.000087 0.000011 0.000073 0.000031 0.000054 0.000013 0.837786 0.076865 0.000114 0.000000 0.000027
 0.906839 0.000011 0.000023 0.000015 0.000013 0.023216 0.000003 0.000053 0.000002 0.000087 0.000011 0.000073 0.000031 0.000054 0.000013 0.030961 0.015403 0.023162 0.000000 0.000027
 0.003329 0.000011 0.000023 0.000015 0.012906 0.000165 0.000003 0.000053 0.000002 0.867613 0.099933 0.000073 0.000031 0.000054 0.000013 0.000231 0.000037 0.015479 0.000000 0.000027
 0.000141 0.000011 0.000023 0.000015 0.007695 0.007847 0.000003 0.076896 0.000002 0.046185 0.000011 0.000073 0.000031 0.000054 0.000013 0.000231 0.000037 0.860701 0.000000 0.000027
 0.038565 0.000011 0.000023 0.000015 0.000013 0.000165 0.848576 0.000053 0.000002 0.000087 0.000011 0.000073 0.000031 0.030791 0.000013 0.050653 0.030774 0.000114 0.000000 0.000027

MOTIF 15-PGVIS STREME-15
letter-probability matrix: alength= 20 w= 5 nsites= 90 E= 1.6e-001
 0.000222 0.000017 0.000036 0.000024 0.000021 0.000260 0.000005 0.000084 0.000003 0.000138 0.000018 0.000116 0.998302 0.000085 0.000021 0.000365 0.000059 0.000180 0.000000 0.000043
 0.109204 0.000017 0.000036 0.169697 0.000021 0.436350 0.000005 0.000084 0.000003 0.000138 0.000018 0.024328 0.000049 0.024296 0.000021 0.223346 0.012164 0.000180 0.000000 0.000043
 0.307973 0.000017 0.000036 0.000024 0.000021 0.000260 0.000005 0.315119 0.000003 0.000138 0.000018 0.000116 0.000049 0.000085 0.000021 0.000365 0.000059 0.375647 0.000000 0.000043
 0.000222 0.000017 0.000036 0.000024 0.000021 0.000260 0.000005 0.780383 0.000003 0.000138 0.000018 0.000116 0.000049 0.000085 0.000021 0.000365 0.000059 0.218135 0.000000 0.000043
 0.000222 0.000017 0.000036 0.000024 0.326940 0.000260 0.000005 0.000084 0.000003 0.000138 0.000018 0.012221 0.000049 0.000085 0.000021 0.659594 0.000059 0.000180 0.000000 0.000043

MOTIF 16-QSVAQAL STREME-16
letter-probability matrix: alength= 20 w= 7 nsites= 96 E= 2.2e-001
 0.000208 0.000016 0.000034 0.022701 0.000019 0.000244 0.000005 0.000078 0.000002 0.000129 0.000017 0.000108 0.000046 0.975765 0.000020 0.000342 0.000055 0.000169 0.000000 0.000041
 0.090935 0.000016 0.000034 0.000023 0.000019 0.011583 0.000005 0.000078 0.000002 0.000129 0.000017 0.000108 0.000046 0.000080 0.000020 0.896639 0.000055 0.000169 0.000000 0.000041
 0.000208 0.000016 0.000034 0.000023 0.000019 0.000244 0.000005 0.102136 0.000002 0.113547 0.000017 0.000108 0.000046 0.000080 0.000020 0.000342 0.000055 0.783057 0.000000 0.000041
 0.419921 0.000016 0.000034 0.000023 0.011359 0.011583 0.000005 0.000078 0.000002 0.022810 0.000017 0.022787 0.000046 0.045439 0.000020 0.023020 0.079443 0.000169 0.000000 0.363228
 0.170357 0.000016 0.000034 0.000023 0.000019 0.000244 0.000005 0.000078 0.011342 0.011468 0.000017 0.000108 0.000046 0.737580 0.034038 0.011681 0.000055 0.011508 0.000000 0.011380
 0.998572 0.000016 0.000034 0.000023 0.000019 0.000244 0.000005 0.000078 0.000002 0.000129 0.000017 0.000108 0.000046 0.000080 0.000020 0.000342 0.000055 0.000169 0.000000 0.000041
 0.000208 0.000016 0.000034 0.000023 0.034037 0.000244 0.000005 0.000078 0.000002 0.851078 0.113414 0.000108 0.000046 0.000080 0.000020 0.000342 0.000055 0.000169 0.000000 0.000041

MOTIF 17-VQA STREME-17
letter-probability matrix: alength= 20 w= 3 nsites= 123 E= 2.3e-001
 0.011546 0.000885 0.001897 0.001263 0.001078 0.013555 0.000279 0.004359 0.000138 0.007175 0.000935 0.006023 0.002534 0.004434 0.001100 0.018982 0.003068 0.918482 0.000015 0.002254
 0.011546 0.000885 0.001897 0.001263 0.001078 0.013555 0.000279 0.004359 0.000138 0.007175 0.000935 0.006023 0.002534 0.913525 0.001100 0.018982 0.003068 0.009391 0.000015 0.002254
 0.920636 0.000885 0.001897 0.001263 0.001078 0.013555 0.000279 0.004359 0.000138 0.007175 0.000935 0.006023 0.002534 0.004434 0.001100 0.018982 0.003068 0.009391 0.000015 0.002254

MOTIF 18-GSAAGDAF STREME-18
letter-probability matrix: alength= 20 w= 8 nsites= 52 E= 4.5e-001
 0.000406 0.000031 0.000067 0.000044 0.000038 0.952993 0.000010 0.000153 0.000005 0.000252 0.000033 0.000212 0.000089 0.000156 0.000039 0.000667 0.044396 0.000330 0.000001 0.000079
 0.000406 0.000031 0.310213 0.000044 0.000038 0.000476 0.000010 0.000153 0.000005 0.000252 0.000033 0.288242 0.000089 0.000156 0.000039 0.399296 0.000108 0.000330 0.000001 0.000079
 0.531979 0.000031 0.000067 0.000044 0.000038 0.000476 0.000010 0.000153 0.000005 0.000252 0.000033 0.022354 0.022231 0.000156 0.420987 0.000667 0.000108 0.000330 0.000001 0.000079
 0.864267 0.000031 0.000067 0.000044 0.110840 0.000476 0.000010 0.000153 0.000005 0.000252 0.000033 0.000212 0.000089 0.000156 0.000039 0.000667 0.000108 0.000330 0.000001 0.022221
 0.000406 0.000031 0.000067 0.000044 0.000038 0.997282 0.000010 0.000153 0.000005 0.000252 0.000033 0.000212 0.000089 0.000156 0.000039 0.000667 0.000108 0.000330 0.000001 0.000079
 0.044694 0.000031 0.642473 0.000044 0.000038 0.000476 0.000010 0.000153 0.000005 0.000252 0.000033 0.088805 0.000089 0.133100 0.000039 0.022809 0.066539 0.000330 0.000001 0.000079
 0.797840 0.000031 0.000067 0.000044 0.000038 0.000476 0.000010 0.000153 0.022147 0.000252 0.000033 0.000212 0.000089 0.000156 0.000039 0.155753 0.022250 0.000330 0.000001 0.000079
 0.000406 0.000031 0.000067 0.000044 0.974701 0.000476 0.000010 0.000153 0.000005 0.000252 0.000033 0.000212 0.000089 0.000156 0.000039 0.022809 0.000108 0.000330 0.000001 0.000079

MOTIF 19-GQGFYGGGLQ STREME-19
letter-probability matrix: alength= 20 w= 10 nsites= 29 E= 4.5e-001
 0.000866 0.000066 0.000142 0.000095 0.000081 0.805034 0.000021 0.000327 0.000010 0.000538 0.000070 0.000452 0.000190 0.047617 0.141960 0.001424 0.000230 0.000705 0.000001 0.000169
 0.000866 0.000066 0.000142 0.000095 0.000081 0.001017 0.000021 0.000327 0.000010 0.000538 0.000070 0.000452 0.047474 0.946227 0.000083 0.001424 0.000230 0.000705 0.000001 0.000169
 0.000866 0.000066 0.142020 0.000095 0.000081 0.805034 0.000021 0.000327 0.000010 0.000538 0.000070 0.000452 0.000190 0.000333 0.000083 0.001424 0.000230 0.047989 0.000001 0.000169
 0.000866 0.000066 0.000142 0.000095 0.473075 0.190179 0.000021 0.000327 0.000010 0.000538 0.000070 0.095020 0.000190 0.000333 0.000083 0.001424 0.000230 0.000705 0.000001 0.236623
 0.000866 0.000066 0.000142 0.000095 0.000081 0.001017 0.000021 0.000327 0.000010 0.000538 0.000070 0.142330 0.000190 0.000333 0.000083 0.048708 0.000230 0.000705 0.000001 0.804186
 0.000866 0.000066 0.000142 0.000095 0.000081 0.994195 0.000021 0.000327 0.000010 0.000538 0.000070 0.000452 0.000190 0.000333 0.000083 0.001424 0.000230 0.000705 0.000001 0.000169
 0.048150 0.000066 0.000142 0.000095 0.000081 0.946911 0.000021 0.000327 0.000010 0.000538 0.000070 0.000452 0.000190 0.000333 0.000083 0.001424 0.000230 0.000705 0.000001 0.000169
 0.000866 0.000066 0.000142 0.000095 0.000081 0.805034 0.000021 0.000327 0.000010 0.000538 0.000070 0.000452 0.000190 0.000333 0.000083 0.048708 0.142108 0.000705 0.000001 0.000169
 0.048150 0.000066 0.000142 0.000095 0.094657 0.001017 0.000021 0.000327 0.000010 0.568126 0.000070 0.000452 0.000190 0.000333 0.000083 0.143276 0.142108 0.000705 0.000001 0.000169
 0.000866 0.000066 0.000142 0.000095 0.047365 0.190179 0.000021 0.000327 0.000010 0.000538 0.000070 0.000452 0.000190 0.615205 0.000083 0.048708 0.094807 0.000705 0.000001 0.000169

MOTIF 20-PTSPAA STREME-20
letter-probability matrix: alength= 20 w= 6 nsites= 78 E= 9.0e-001
 0.148051 0.000019 0.000040 0.000026 0.000023 0.005759 0.000006 0.000091 0.000003 0.026540 0.000020 0.000126 0.818475 0.000093 0.000023 0.000397 0.000064 0.000197 0.000000 0.000047
 0.203725 0.000019 0.000040 0.000026 0.000023 0.026674 0.000006 0.000091 0.000003 0.000150 0.000020 0.026516 0.000053 0.000093 0.000023 0.240600 0.501695 0.000197 0.000000 0.000047
 0.000242 0.000019 0.000040 0.000026 0.000023 0.000284 0.000006 0.000091 0.000003 0.000150 0.000020 0.145292 0.000053 0.000093 0.000023 0.853328 0.000064 0.000197 0.000000 0.000047
 0.119072 0.000019 0.000040 0.000026 0.000023 0.092662 0.000006 0.000091 0.000003 0.000150 0.000020 0.013320 0.417265 0.000093 0.000023 0.356880 0.000064 0.000197 0.000000 0.000047
 0.826766 0.000019 0.000040 0.000026 0.000023 0.039868 0.000006 0.000091 0.000003 0.000150 0.000020 0.000126 0.000053 0.000093 0.000023 0.079596 0.000064 0.052986 0.000000 0.000047
 0.971948 0.000019 0.000040 0.000026 0.000023 0.026674 0.000006 0.000091 0.000003 0.000150 0.000020 0.000126 0.000053 0.000093 0.000023 0.000397 0.000064 0.000197 0.000000 0.000047

MOTIF 21-SGVSSS STREME-21
letter-probability matrix: alength= 20 w= 6 nsites= 66 E= 9.0e-001
 0.161527 0.000025 0.000054 0.000036 0.000031 0.000385 0.000008 0.000124 0.000004 0.000204 0.000027 0.000171 0.000072 0.000126 0.000031 0.836758 0.000087 0.000267 0.000000 0.000064
 0.000328 0.000025 0.053760 0.000036 0.000031 0.944096 0.000008 0.000124 0.000004 0.000204 0.000027 0.000171 0.000072 0.000126 0.000031 0.000539 0.000087 0.000267 0.000000 0.000064
 0.000328 0.000025 0.000054 0.000036 0.000031 0.000385 0.000008 0.000124 0.000004 0.000204 0.000027 0.000171 0.000072 0.000126 0.000031 0.000539 0.000087 0.997684 0.000000 0.000064
 0.000328 0.000025 0.000054 0.000036 0.000031 0.000385 0.000008 0.071737 0.000004 0.000204 0.000027 0.000171 0.000072 0.000126 0.000031 0.926343 0.000087 0.000267 0.000000 0.000064
 0.179454 0.000025 0.000054 0.000036 0.000031 0.000385 0.000008 0.000124 0.000004 0.000204 0.000027 0.000171 0.000072 0.000126 0.000031 0.729323 0.089595 0.000267 0.000000 0.000064
 0.000328 0.000025 0.000054 0.000036 0.000031 0.102098 0.000008 0.000124 0.000004 0.000204 0.000027 0.000171 0.000072 0.000126 0.000031 0.520182 0.376149 0.000267 0.000000 0.000064

MOTIF 22-AVSGAL STREME-22
letter-probability matrix: alength= 20 w= 6 nsites= 48 E= 9.0e-001
 0.834952 0.000033 0.000070 0.000046 0.000040 0.046812 0.000010 0.000160 0.000005 0.000264 0.000034 0.000221 0.000093 0.000163 0.000040 0.116515 0.000113 0.000345 0.000001 0.000083
 0.000424 0.000033 0.185428 0.000046 0.000040 0.000498 0.000010 0.000160 0.000005 0.000264 0.000034 0.000221 0.000093 0.000163 0.000040 0.070175 0.000113 0.742169 0.000001 0.000083
 0.000424 0.000033 0.000070 0.000046 0.000040 0.000498 0.000010 0.000160 0.000005 0.000264 0.000034 0.000221 0.000093 0.000163 0.000040 0.997357 0.000113 0.000345 0.000001 0.000083
 0.000424 0.000033 0.000070 0.000046 0.000040 0.997158 0.000010 0.000160 0.000005 0.000264 0.000034 0.000221 0.000093 0.000163 0.000040 0.000698 0.000113 0.000345 0.000001 0.000083
 0.881291 0.000033 0.000070 0.000046 0.000040 0.000498 0.000010 0.000160 0.000005 0.000264 0.000034 0.000221 0.046407 0.000163 0.000040 0.000698 0.069591 0.000345 0.000001 0.000083
 0.000424 0.000033 0.000070 0.000046 0.000040 0.000498 0.000010 0.000160 0.000005 0.996923 0.000034 0.000221 0.000093 0.000163 0.000040 0.000698 0.000113 0.000345 0.000001 0.000083

MOTIF 23-RLSSPQAG STREME-23
letter-probability matrix: alength= 20 w= 8 nsites= 34 E= 9.0e-001
 0.011546 0.000885 0.001897 0.001263 0.001078 0.013555 0.000279 0.004359 0.000138 0.007175 0.000935 0.006023 0.002534 0.004434 0.910191 0.018982 0.003068 0.009391 0.000015 0.002254
 0.011546 0.000885 0.001897 0.001263 0.001078 0.013555 0.000279 0.004359 0.000138 0.916265 0.000935 0.006023 0.002534 0.004434 0.001100 0.018982 0.003068 0.009391 0.000015 0.002254
 0.011546 0.000885 0.001897 0.001263 0.001078 0.013555 0.000279 0.004359 0.000138 0.007175 0.000935 0.006023 0.002534 0.004434 0.001100 0.928073 0.003068 0.009391 0.000015 0.002254
 0.011546 0.000885 0.001897 0.001263 0.001078 0.013555 0.000279 0.004359 0.000138 0.007175 0.000935 0.006023 0.002534 0.004434 0.001100 0.928073 0.003068 0.009391 0.000015 0.002254
 0.011546 0.000885 0.001897 0.001263 0.001078 0.013555 0.000279 0.004359 0.000138 0.007175 0.000935 0.006023 0.911625 0.004434 0.001100 0.018982 0.003068 0.009391 0.000015 0.002254
 0.011546 0.000885 0.001897 0.001263 0.001078 0.013555 0.000279 0.004359 0.000138 0.007175 0.000935 0.006023 0.002534 0.913525 0.001100 0.018982 0.003068 0.009391 0.000015 0.002254
 0.920636 0.000885 0.001897 0.001263 0.001078 0.013555 0.000279 0.004359 0.000138 0.007175 0.000935 0.006023 0.002534 0.004434 0.001100 0.018982 0.003068 0.009391 0.000015 0.002254
 0.011546 0.000885 0.001897 0.001263 0.001078 0.922646 0.000279 0.004359 0.000138 0.007175 0.000935 0.006023 0.002534 0.004434 0.001100 0.018982 0.003068 0.009391 0.000015 0.002254

MOTIF 24-QVR STREME-24
letter-probability matrix: alength= 20 w= 3 nsites= 42 E= 9.0e-001
 0.011546 0.000885 0.001897 0.001263 0.001078 0.013555 0.000279 0.004359 0.000138 0.007175 0.000935 0.006023 0.002534 0.913525 0.001100 0.018982 0.003068 0.009391 0.000015 0.002254
 0.011546 0.000885 0.001897 0.001263 0.001078 0.013555 0.000279 0.004359 0.000138 0.007175 0.000935 0.006023 0.002534 0.004434 0.001100 0.018982 0.003068 0.918482 0.000015 0.002254
 0.011546 0.000885 0.001897 0.001263 0.001078 0.013555 0.000279 0.004359 0.000138 0.007175 0.000935 0.006023 0.002534 0.004434 0.910191 0.018982 0.003068 0.009391 0.000015 0.002254

MOTIF 25-YGP STREME-25
letter-probability matrix: alength= 20 w= 3 nsites= 52 E= 9.0e-001
 0.011546 0.000885 0.001897 0.001263 0.001078 0.013555 0.000279 0.004359 0.000138 0.007175 0.000935 0.006023 0.002534 0.004434 0.001100 0.018982 0.003068 0.009391 0.000015 0.911345
 0.011546 0.000885 0.001897 0.001263 0.001078 0.922646 0.000279 0.004359 0.000138 0.007175 0.000935 0.006023 0.002534 0.004434 0.001100 0.018982 0.003068 0.009391 0.000015 0.002254
 0.011546 0.000885 0.001897 0.001263 0.001078 0.013555 0.000279 0.004359 0.000138 0.007175 0.000935 0.006023 0.911625 0.004434 0.001100 0.018982 0.003068 0.009391 0.000015 0.002254

MOTIF 26-RIS STREME-26
letter-probability matrix: alength= 20 w= 3 nsites= 27 E= 9.0e-001
 0.011546 0.000885 0.001897 0.001263 0.001078 0.013555 0.000279 0.004359 0.000138 0.007175 0.000935 0.006023 0.002534 0.004434 0.910191 0.018982 0.003068 0.009391 0.000015 0.002254
 0.011546 0.000885 0.001897 0.001263 0.001078 0.013555 0.000279 0.913450 0.000138 0.007175 0.000935 0.006023 0.002534 0.004434 0.001100 0.018982 0.003068 0.009391 0.000015 0.002254
 0.011546 0.000885 0.001897 0.001263 0.001078 0.013555 0.000279 0.004359 0.000138 0.007175 0.000935 0.006023 0.002534 0.004434 0.001100 0.928073 0.003068 0.009391 0.000015 0.002254

MOTIF 27-DYSTV STREME-27
letter-probability matrix: alength= 20 w= 5 nsites= 47 E= 1.8e+000
 0.000445 0.000034 0.875071 0.000049 0.000042 0.000523 0.000011 0.000168 0.000005 0.000277 0.000036 0.000232 0.000098 0.000171 0.000042 0.122229 0.000118 0.000362 0.000001 0.000087
 0.000445 0.000034 0.000073 0.000049 0.000042 0.000523 0.000011 0.000168 0.000005 0.024567 0.315877 0.000232 0.000098 0.000171 0.000042 0.000732 0.000118 0.000362 0.000001 0.656451
 0.000445 0.000034 0.000073 0.000049 0.000042 0.170606 0.000011 0.000168 0.024296 0.000277 0.000036 0.194602 0.000098 0.000171 0.000042 0.608484 0.000118 0.000362 0.000001 0.000087
 0.024736 0.000034 0.000073 0.000049 0.000042 0.146311 0.000011 0.000168 0.000005 0.000277 0.000036 0.000232 0.000098 0.000171 0.000042 0.097899 0.729368 0.000362 0.000001 0.000087
 0.000445 0.000034 0.000073 0.000049 0.000042 0.000523 0.000011 0.048754 0.000005 0.073149 0.000036 0.000232 0.000098 0.000171 0.000042 0.073608 0.000118 0.802523 0.000001 0.000087

MOTIF 28-QYAQ STREME-28
letter-probability matrix: alength= 20 w= 4 nsites= 56 E= 1.4e+001
 0.000309 0.000024 0.000051 0.000034 0.067573 0.017245 0.000007 0.000117 0.000004 0.000192 0.000025 0.017043 0.000068 0.879494 0.000029 0.017390 0.000082 0.000252 0.000000 0.000060
 0.000309 0.000024 0.000051 0.000034 0.000029 0.000363 0.000007 0.000117 0.000004 0.000192 0.000025 0.000161 0.000068 0.000119 0.000029 0.000509 0.000082 0.000252 0.000000 0.997625
 0.964108 0.000024 0.000051 0.033800 0.000029 0.000363 0.000007 0.000117 0.000004 0.000192 0.000025 0.000161 0.000068 0.000119 0.000029 0.000509 0.000082 0.000252 0.000000 0.000060
 0.017191 0.000024 0.000051 0.000034 0.000029 0.000363 0.000007 0.000117 0.000004 0.000192 0.016907 0.000161 0.185789 0.473961 0.033796 0.270981 0.000082 0.000252 0.000000 0.000060

MOTIF 29-ASGGASAL STREME-29
letter-probability matrix: alength= 20 w= 8 nsites= 33 E= 2.2e+001
 0.564572 0.000047 0.000100 0.000066 0.000057 0.133396 0.000015 0.000229 0.000007 0.000378 0.000049 0.000317 0.000133 0.000233 0.000058 0.000999 0.000161 0.299062 0.000001 0.000119
 0.000608 0.000047 0.000100 0.000066 0.000057 0.000713 0.000015 0.000229 0.000007 0.000378 0.000049 0.000317 0.000133 0.000233 0.000058 0.963048 0.033328 0.000494 0.000001 0.000119
 0.133309 0.000047 0.000100 0.000066 0.000057 0.863228 0.000015 0.000229 0.000007 0.000378 0.000049 0.000317 0.000133 0.000233 0.000058 0.000999 0.000161 0.000494 0.000001 0.000119
 0.000608 0.000047 0.000100 0.000066 0.000057 0.962762 0.000015 0.033396 0.000007 0.000378 0.000049 0.000317 0.000133 0.000233 0.000058 0.000999 0.000161 0.000494 0.000001 0.000119
 0.796813 0.000047 0.000100 0.000066 0.000057 0.000713 0.000015 0.000229 0.000007 0.000378 0.000049 0.000317 0.000133 0.000233 0.000058 0.166842 0.033328 0.000494 0.000001 0.000119
 0.265980 0.000047 0.132777 0.000066 0.000057 0.000713 0.000015 0.000229 0.000007 0.000378 0.000049 0.000317 0.000133 0.000233 0.000058 0.598165 0.000161 0.000494 0.000001 0.000119
 0.995823 0.000047 0.000100 0.000066 0.000057 0.000713 0.000015 0.000229 0.000007 0.000378 0.000049 0.000317 0.000133 0.000233 0.000058 0.000999 0.000161 0.000494 0.000001 0.000119
 0.133291 0.000047 0.000100 0.000066 0.000057 0.000713 0.000015 0.099734 0.000007 0.630728 0.066388 0.000317 0.000133 0.000233 0.066396 0.000999 0.000161 0.000494 0.000001 0.000119

********************************************************************************
Stopped because 3 consecutive motifs exceeded the p-value threshold (0.05).
********************************************************************************
COMMAND:	streme --protein --p ./Data/v0_cluster_windows_15mers/cluster_8.fasta --minw 3 --maxw 15 --thresh 0.05 --oc ./Results/v0_Parallel_Run_20250503_171149/streme_out_cluster_8
********************************************************************************
CPU:		Hirokis-MacBook-Air.local
********************************************************************************
FINALTIME:	133.45 seconds
********************************************************************************
