********************************************************************************
STREME - Sensitive, Thorough, Rapid, Enriched Motif Elicitation
********************************************************************************
MEME version 5.5.7 (Release date: Wed Jun 19 13:59:04 2024 -0700)

For further information on how to interpret these results please access https://meme-suite.org/meme.
To get a copy of the MEME Suite software please access https://meme-suite.org.

********************************************************************************


********************************************************************************
REFERENCE
********************************************************************************
If you use this program in your research, please cite:

Timothy L. Bailey,
"STREME: accurate and versatile sequence motif discovery",
Bioinformatics, Mar. 24, 2021.
********************************************************************************


ALPHABET= ACDEFGHIKLMNPQRSTVWY

strands: +

Background letter frequencies
A 0.146 C 6.28e-05 D 6.28e-05 E 6.28e-05 F 6.28e-05 G 0.549 H 6.28e-05 I 6.28e-05 K 6.28e-05 L 6.28e-05 M 0.0553 N 6.28e-05 P 6.28e-05 Q 0.161 R 0.0176 S 0.00383 T 6.28e-05 V 6.28e-05 W 6.28e-05 Y 0.0666 

MOTIF 1-AAGGQGGYGGMGGQG STREME-1
letter-probability matrix: alength= 20 w= 15 nsites= 53 E= 7.9e-003
 0.922344 0.000006 0.000006 0.000006 0.000006 0.049914 0.000006 0.000006 0.000006 0.000006 0.005030 0.000006 0.000006 0.014626 0.001604 0.000348 0.000006 0.000006 0.000006 0.006059
 0.922344 0.000006 0.000006 0.000006 0.000006 0.049914 0.000006 0.000006 0.000006 0.000006 0.005030 0.000006 0.000006 0.014626 0.001604 0.000348 0.000006 0.000006 0.000006 0.006059
 0.013253 0.000006 0.000006 0.000006 0.000006 0.959005 0.000006 0.000006 0.000006 0.000006 0.005030 0.000006 0.000006 0.014626 0.001604 0.000348 0.000006 0.000006 0.000006 0.006059
 0.013253 0.000006 0.000006 0.000006 0.000006 0.959005 0.000006 0.000006 0.000006 0.000006 0.005030 0.000006 0.000006 0.014626 0.001604 0.000348 0.000006 0.000006 0.000006 0.006059
 0.013253 0.000006 0.000006 0.000006 0.000006 0.049914 0.000006 0.000006 0.000006 0.000006 0.005030 0.000006 0.000006 0.923717 0.001604 0.000348 0.000006 0.000006 0.000006 0.006059
 0.013253 0.000006 0.000006 0.000006 0.000006 0.959005 0.000006 0.000006 0.000006 0.000006 0.005030 0.000006 0.000006 0.014626 0.001604 0.000348 0.000006 0.000006 0.000006 0.006059
 0.013253 0.000006 0.000006 0.000006 0.000006 0.959005 0.000006 0.000006 0.000006 0.000006 0.005030 0.000006 0.000006 0.014626 0.001604 0.000348 0.000006 0.000006 0.000006 0.006059
 0.013253 0.000006 0.000006 0.000006 0.000006 0.049914 0.000006 0.000006 0.000006 0.000006 0.005030 0.000006 0.000006 0.014626 0.001604 0.000348 0.000006 0.000006 0.000006 0.915149
 0.013253 0.000006 0.000006 0.000006 0.000006 0.959005 0.000006 0.000006 0.000006 0.000006 0.005030 0.000006 0.000006 0.014626 0.001604 0.000348 0.000006 0.000006 0.000006 0.006059
 0.013253 0.000006 0.000006 0.000006 0.000006 0.959005 0.000006 0.000006 0.000006 0.000006 0.005030 0.000006 0.000006 0.014626 0.001604 0.000348 0.000006 0.000006 0.000006 0.006059
 0.013253 0.000006 0.000006 0.000006 0.000006 0.049914 0.000006 0.000006 0.000006 0.000006 0.914121 0.000006 0.000006 0.014626 0.001604 0.000348 0.000006 0.000006 0.000006 0.006059
 0.013253 0.000006 0.000006 0.000006 0.000006 0.959005 0.000006 0.000006 0.000006 0.000006 0.005030 0.000006 0.000006 0.014626 0.001604 0.000348 0.000006 0.000006 0.000006 0.006059
 0.013253 0.000006 0.000006 0.000006 0.000006 0.959005 0.000006 0.000006 0.000006 0.000006 0.005030 0.000006 0.000006 0.014626 0.001604 0.000348 0.000006 0.000006 0.000006 0.006059
 0.013253 0.000006 0.000006 0.000006 0.000006 0.049914 0.000006 0.000006 0.000006 0.000006 0.005030 0.000006 0.000006 0.923717 0.001604 0.000348 0.000006 0.000006 0.000006 0.006059
 0.013253 0.000006 0.000006 0.000006 0.000006 0.959005 0.000006 0.000006 0.000006 0.000006 0.005030 0.000006 0.000006 0.014626 0.001604 0.000348 0.000006 0.000006 0.000006 0.006059

MOTIF 2-AGA STREME-2
letter-probability matrix: alength= 20 w= 3 nsites= 7 E= 2.0e+000
 0.922344 0.000006 0.000006 0.000006 0.000006 0.049914 0.000006 0.000006 0.000006 0.000006 0.005030 0.000006 0.000006 0.014626 0.001604 0.000348 0.000006 0.000006 0.000006 0.006059
 0.013253 0.000006 0.000006 0.000006 0.000006 0.959005 0.000006 0.000006 0.000006 0.000006 0.005030 0.000006 0.000006 0.014626 0.001604 0.000348 0.000006 0.000006 0.000006 0.006059
 0.922344 0.000006 0.000006 0.000006 0.000006 0.049914 0.000006 0.000006 0.000006 0.000006 0.005030 0.000006 0.000006 0.014626 0.001604 0.000348 0.000006 0.000006 0.000006 0.006059

********************************************************************************
Stopped because the next motif had no positive sites with scores > 0.
********************************************************************************
COMMAND:	streme --protein --p ./Data/v1_cluster_windows_15mers/cluster_22062.fasta --minw 3 --maxw 15 --thresh 0.05 --oc ./Results/v1_Top500_Run_20250504_162200/streme_out_cluster_22062
********************************************************************************
CPU:		Hirokis-MacBook-Air.local
********************************************************************************
FINALTIME:	0.16 seconds
********************************************************************************
