********************************************************************************
STREME - Sensitive, Thorough, Rapid, Enriched Motif Elicitation
********************************************************************************
MEME version 5.5.7 (Release date: Wed Jun 19 13:59:04 2024 -0700)

For further information on how to interpret these results please access https://meme-suite.org/meme.
To get a copy of the MEME Suite software please access https://meme-suite.org.

********************************************************************************


********************************************************************************
REFERENCE
********************************************************************************
If you use this program in your research, please cite:

Timothy L. Bailey,
"STREME: accurate and versatile sequence motif discovery",
Bioinformatics, Mar. 24, 2021.
********************************************************************************


ALPHABET= ACDEFGHIKLMNPQRSTVWY

strands: +

Background letter frequencies
A 0.371 C 7.24e-05 D 7.24e-05 E 0.00152 F 7.24e-05 G 0.339 H 0.00152 I 0.00297 K 7.24e-05 L 0.00586 M 7.24e-05 N 0.00152 P 0.12 Q 0.00152 R 0.0695 S 0.0131 T 0.00152 V 0.00586 W 7.24e-05 Y 0.0652 

MOTIF 1-GRGP STREME-1
letter-probability matrix: alength= 20 w= 4 nsites= 46 S= 2.4e-027
 0.000759 0.000000 0.000000 0.000003 0.000000 0.998645 0.000003 0.000006 0.000000 0.000012 0.000000 0.000003 0.000246 0.000003 0.000143 0.000027 0.000003 0.000012 0.000000 0.000134
 0.000759 0.000000 0.000000 0.000003 0.000000 0.000694 0.000003 0.000006 0.000000 0.000012 0.000000 0.000003 0.000246 0.000003 0.998093 0.000027 0.000003 0.000012 0.000000 0.000134
 0.000759 0.000000 0.000000 0.000003 0.000000 0.998645 0.000003 0.000006 0.000000 0.000012 0.000000 0.000003 0.000246 0.000003 0.000143 0.000027 0.000003 0.000012 0.000000 0.000134
 0.000759 0.000000 0.000000 0.000003 0.000000 0.029335 0.000003 0.000006 0.000000 0.058230 0.000000 0.000003 0.911338 0.000003 0.000143 0.000027 0.000003 0.000012 0.000000 0.000134

MOTIF 2-GYGP STREME-2
letter-probability matrix: alength= 20 w= 4 nsites= 45 S= 5.2e-024
 0.000781 0.000000 0.000000 0.000003 0.000000 0.998606 0.000003 0.000006 0.000000 0.000012 0.000000 0.000003 0.000253 0.000003 0.000147 0.000028 0.000003 0.000012 0.000000 0.000137
 0.000781 0.000000 0.000000 0.000003 0.000000 0.000714 0.000003 0.000006 0.000000 0.000012 0.000000 0.000003 0.000253 0.000003 0.000147 0.000028 0.000003 0.000012 0.000000 0.998030
 0.000781 0.000000 0.000000 0.000003 0.000000 0.998606 0.000003 0.000006 0.000000 0.000012 0.000000 0.000003 0.000253 0.000003 0.000147 0.000028 0.000003 0.000012 0.000000 0.000137
 0.000781 0.000000 0.000000 0.000003 0.000000 0.000714 0.000003 0.000006 0.000000 0.000012 0.000000 0.000003 0.954083 0.000003 0.014756 0.029480 0.000003 0.000012 0.000000 0.000137

MOTIF 3-AAAAAA STREME-3
letter-probability matrix: alength= 20 w= 6 nsites= 42 S= 5.6e-022
 0.998444 0.000000 0.000000 0.000004 0.000000 0.000837 0.000004 0.000007 0.000000 0.000014 0.000000 0.000004 0.000297 0.000004 0.000172 0.000032 0.000004 0.000014 0.000000 0.000161
 0.998444 0.000000 0.000000 0.000004 0.000000 0.000837 0.000004 0.000007 0.000000 0.000014 0.000000 0.000004 0.000297 0.000004 0.000172 0.000032 0.000004 0.000014 0.000000 0.000161
 0.981315 0.000000 0.000000 0.000004 0.000000 0.000837 0.000004 0.000007 0.000000 0.000014 0.000000 0.000004 0.000297 0.000004 0.000172 0.017162 0.000004 0.000014 0.000000 0.000161
 0.995261 0.000000 0.000000 0.000004 0.000000 0.004021 0.000004 0.000007 0.000000 0.000014 0.000000 0.000004 0.000297 0.000004 0.000172 0.000032 0.000004 0.000014 0.000000 0.000161
 0.981315 0.000000 0.000000 0.000004 0.000000 0.000837 0.000004 0.000007 0.000000 0.000014 0.000000 0.000004 0.000297 0.000004 0.000172 0.000032 0.017133 0.000014 0.000000 0.000161
 0.911694 0.000000 0.000000 0.000004 0.000000 0.000837 0.000004 0.000007 0.000000 0.000014 0.000000 0.000004 0.000297 0.000004 0.000172 0.034565 0.000004 0.052232 0.000000 0.000161

MOTIF 4-GAGAGA STREME-4
letter-probability matrix: alength= 20 w= 6 nsites= 1 S= 5.0e-001
 0.046714 0.000009 0.000009 0.000192 0.000009 0.916625 0.000192 0.000374 0.000009 0.000739 0.000009 0.000192 0.015155 0.000192 0.008768 0.001652 0.000192 0.000739 0.000009 0.008221
 0.920634 0.000009 0.000009 0.000192 0.000009 0.042705 0.000192 0.000374 0.000009 0.000739 0.000009 0.000192 0.015155 0.000192 0.008768 0.001652 0.000192 0.000739 0.000009 0.008221
 0.046714 0.000009 0.000009 0.000192 0.000009 0.916625 0.000192 0.000374 0.000009 0.000739 0.000009 0.000192 0.015155 0.000192 0.008768 0.001652 0.000192 0.000739 0.000009 0.008221
 0.920634 0.000009 0.000009 0.000192 0.000009 0.042705 0.000192 0.000374 0.000009 0.000739 0.000009 0.000192 0.015155 0.000192 0.008768 0.001652 0.000192 0.000739 0.000009 0.008221
 0.046714 0.000009 0.000009 0.000192 0.000009 0.916625 0.000192 0.000374 0.000009 0.000739 0.000009 0.000192 0.015155 0.000192 0.008768 0.001652 0.000192 0.000739 0.000009 0.008221
 0.920634 0.000009 0.000009 0.000192 0.000009 0.042705 0.000192 0.000374 0.000009 0.000739 0.000009 0.000192 0.015155 0.000192 0.008768 0.001652 0.000192 0.000739 0.000009 0.008221

MOTIF 5-GSG STREME-5
letter-probability matrix: alength= 20 w= 3 nsites= 1 S= 7.5e-001
 0.033683 0.000007 0.000007 0.000138 0.000007 0.939883 0.000138 0.000270 0.000007 0.000533 0.000007 0.000138 0.010928 0.000138 0.006322 0.001191 0.000138 0.000533 0.000007 0.005927
 0.033683 0.000007 0.000007 0.000138 0.000007 0.030792 0.000138 0.000270 0.000007 0.000533 0.000007 0.000138 0.010928 0.000138 0.006322 0.910282 0.000138 0.000533 0.000007 0.005927
 0.033683 0.000007 0.000007 0.000138 0.000007 0.939883 0.000138 0.000270 0.000007 0.000533 0.000007 0.000138 0.010928 0.000138 0.006322 0.001191 0.000138 0.000533 0.000007 0.005927

********************************************************************************
Stopped because maximum number of motifs (5) reached.
********************************************************************************
COMMAND:	streme --protein --p ./Data/v1_cluster_windows_15mers/cluster_1311.fasta --minw 3 --maxw 15 --thresh 0.05 --oc ./Results/v1_Top500_Run_20250504_162200/streme_out_cluster_1311
********************************************************************************
CPU:		Hirokis-MacBook-Air.local
********************************************************************************
FINALTIME:	0.20 seconds
********************************************************************************
