********************************************************************************
STREME - Sensitive, Thorough, Rapid, Enriched Motif Elicitation
********************************************************************************
MEME version 5.5.7 (Release date: Wed Jun 19 13:59:04 2024 -0700)

For further information on how to interpret these results please access https://meme-suite.org/meme.
To get a copy of the MEME Suite software please access https://meme-suite.org.

********************************************************************************


********************************************************************************
REFERENCE
********************************************************************************
If you use this program in your research, please cite:

Timothy L. Bailey,
"STREME: accurate and versatile sequence motif discovery",
Bioinformatics, Mar. 24, 2021.
********************************************************************************


ALPHABET= ACDEFGHIKLMNPQRSTVWY

strands: +

Background letter frequencies
A 0.273 C 8.32e-05 D 8.32e-05 E 0.00341 F 8.32e-05 G 0.0101 H 8.32e-05 I 0.06 K 8.32e-05 L 0.0583 M 0.0816 N 0.0949 P 8.32e-05 Q 0.115 R 8.32e-05 S 0.298 T 0.00507 V 8.32e-05 W 8.32e-05 Y 8.32e-05 

MOTIF 1-SSQLSSMAAAIAQAN STREME-1
letter-probability matrix: alength= 20 w= 15 nsites= 40 S= 9.3e-024
 0.001066 0.000000 0.000000 0.000013 0.000000 0.000039 0.000000 0.000234 0.000000 0.000228 0.000319 0.000371 0.000000 0.027518 0.000000 0.970189 0.000020 0.000000 0.000000 0.000000
 0.001066 0.000000 0.000000 0.000013 0.000000 0.000039 0.000000 0.000234 0.000000 0.000228 0.000319 0.384374 0.000000 0.000449 0.000000 0.613255 0.000020 0.000000 0.000000 0.000000
 0.055702 0.000000 0.000000 0.000013 0.000000 0.000039 0.000000 0.000234 0.000000 0.000228 0.000319 0.000371 0.000000 0.887769 0.000000 0.028233 0.027089 0.000000 0.000000 0.000000
 0.001066 0.000000 0.000000 0.000013 0.000000 0.000039 0.000000 0.000234 0.000000 0.855801 0.140841 0.000371 0.000000 0.000449 0.000000 0.001163 0.000020 0.000000 0.000000 0.000000
 0.109841 0.000000 0.000000 0.000013 0.000000 0.000039 0.000000 0.000234 0.000000 0.000228 0.000319 0.000371 0.000000 0.000449 0.000000 0.888483 0.000020 0.000000 0.000000 0.000000
 0.001066 0.000000 0.000000 0.000013 0.000000 0.109828 0.000000 0.000234 0.000000 0.000228 0.000319 0.167962 0.000000 0.000449 0.000000 0.719878 0.000020 0.000000 0.000000 0.000000
 0.001066 0.000000 0.000000 0.000013 0.000000 0.000039 0.000000 0.167825 0.000000 0.000228 0.828822 0.000371 0.000000 0.000449 0.000000 0.001163 0.000020 0.000000 0.000000 0.000000
 0.997161 0.000000 0.000000 0.000013 0.000000 0.000039 0.000000 0.000234 0.000000 0.000228 0.000319 0.000371 0.000000 0.000449 0.000000 0.001163 0.000020 0.000000 0.000000 0.000000
 0.777085 0.000000 0.000000 0.000013 0.000000 0.000039 0.000000 0.000234 0.000000 0.000228 0.000319 0.000371 0.000000 0.000449 0.000000 0.221239 0.000020 0.000000 0.000000 0.000000
 0.501217 0.000000 0.000000 0.000013 0.000000 0.000039 0.000000 0.000234 0.000000 0.000228 0.000319 0.000371 0.000000 0.000449 0.000000 0.497108 0.000020 0.000000 0.000000 0.000000
 0.001066 0.000000 0.000000 0.000013 0.000000 0.000039 0.000000 0.831904 0.000000 0.000228 0.164744 0.000371 0.000000 0.000449 0.000000 0.001163 0.000020 0.000000 0.000000 0.000000
 0.997161 0.000000 0.000000 0.000013 0.000000 0.000039 0.000000 0.000234 0.000000 0.000228 0.000319 0.000371 0.000000 0.000449 0.000000 0.001163 0.000020 0.000000 0.000000 0.000000
 0.001066 0.000000 0.000000 0.000013 0.000000 0.000039 0.000000 0.000234 0.000000 0.000228 0.000319 0.000371 0.000000 0.996543 0.000000 0.001163 0.000020 0.000000 0.000000 0.000000
 0.559019 0.000000 0.000000 0.000013 0.000000 0.000039 0.000000 0.000234 0.000000 0.000228 0.000319 0.000371 0.000000 0.000449 0.000000 0.439306 0.000020 0.000000 0.000000 0.000000
 0.001066 0.000000 0.000000 0.000013 0.000000 0.000039 0.000000 0.000234 0.000000 0.000228 0.000319 0.914760 0.000000 0.000449 0.000000 0.082869 0.000020 0.000000 0.000000 0.000000

********************************************************************************
Stopped because the next motif had no positive sites with scores > 0.
********************************************************************************
COMMAND:	streme --protein --p ./Data/v1_cluster_windows_15mers/cluster_12359.fasta --minw 3 --maxw 15 --thresh 0.05 --oc ./Results/v1_Top500_Run_20250504_162200/streme_out_cluster_12359
********************************************************************************
CPU:		Hirokis-MacBook-Air.local
********************************************************************************
FINALTIME:	0.16 seconds
********************************************************************************
