********************************************************************************
STREME - Sensitive, Thorough, Rapid, Enriched Motif Elicitation
********************************************************************************
MEME version 5.5.7 (Release date: Wed Jun 19 13:59:04 2024 -0700)

For further information on how to interpret these results please access https://meme-suite.org/meme.
To get a copy of the MEME Suite software please access https://meme-suite.org.

********************************************************************************


********************************************************************************
REFERENCE
********************************************************************************
If you use this program in your research, please cite:

Timothy L. Bailey,
"STREME: accurate and versatile sequence motif discovery",
Bioinformatics, Mar. 24, 2021.
********************************************************************************


ALPHABET= ACDEFGHIKLMNPQRSTVWY

strands: +

Background letter frequencies
A 0.432 C 6.28e-05 D 0.0126 E 0.00383 F 6.28e-05 G 0.361 H 6.28e-05 I 6.28e-05 K 6.28e-05 L 0.0327 M 6.28e-05 N 6.28e-05 P 6.28e-05 Q 0.0378 R 0.0076 S 0.0629 T 0.0126 V 0.00509 W 6.28e-05 Y 0.0315 

MOTIF 1-GAGAGAGAG STREME-1
letter-probability matrix: alength= 20 w= 9 nsites= 52 E= 9.5e-002
 0.001246 0.000000 0.000036 0.000011 0.000000 0.957893 0.000000 0.000000 0.000000 0.000094 0.000000 0.000000 0.000000 0.000109 0.000022 0.000181 0.000036 0.040278 0.000000 0.000091
 0.812038 0.000000 0.000036 0.000011 0.000000 0.001039 0.000000 0.000000 0.000000 0.105578 0.000000 0.000000 0.000000 0.000109 0.000022 0.081023 0.000036 0.000015 0.000000 0.000091
 0.001246 0.000000 0.060279 0.000011 0.000000 0.937914 0.000000 0.000000 0.000000 0.000094 0.000000 0.000000 0.000000 0.000109 0.000022 0.000181 0.000036 0.000015 0.000000 0.000091
 0.978076 0.000000 0.000036 0.000011 0.000000 0.001039 0.000000 0.000000 0.000000 0.000094 0.000000 0.000000 0.000000 0.000109 0.000022 0.020469 0.000036 0.000015 0.000000 0.000091
 0.001246 0.000000 0.000036 0.000011 0.000000 0.998157 0.000000 0.000000 0.000000 0.000094 0.000000 0.000000 0.000000 0.000109 0.000022 0.000181 0.000036 0.000015 0.000000 0.000091
 0.896597 0.000000 0.000036 0.000011 0.000000 0.001039 0.000000 0.000000 0.000000 0.000094 0.000000 0.000000 0.000000 0.000109 0.000022 0.061522 0.020016 0.000015 0.000000 0.020538
 0.067420 0.000000 0.000036 0.000011 0.000000 0.912003 0.000000 0.000000 0.000000 0.000094 0.000000 0.000000 0.000000 0.000109 0.000022 0.020161 0.000036 0.000015 0.000000 0.000091
 0.792578 0.000000 0.000036 0.000011 0.000000 0.001039 0.000000 0.000000 0.000000 0.000094 0.000000 0.000000 0.000000 0.020556 0.000022 0.041075 0.000036 0.000015 0.000000 0.144535
 0.178723 0.000000 0.000036 0.020299 0.000000 0.800393 0.000000 0.000000 0.000000 0.000094 0.000000 0.000000 0.000000 0.000109 0.000022 0.000181 0.000036 0.000015 0.000000 0.000091

MOTIF 2-AAAAS STREME-2
letter-probability matrix: alength= 20 w= 5 nsites= 8 E= 2.0e+000
 0.948383 0.000006 0.001148 0.000348 0.000006 0.032783 0.000006 0.000006 0.000006 0.002976 0.000006 0.000006 0.000006 0.003432 0.000691 0.005716 0.001148 0.000463 0.000006 0.002861
 0.948383 0.000006 0.001148 0.000348 0.000006 0.032783 0.000006 0.000006 0.000006 0.002976 0.000006 0.000006 0.000006 0.003432 0.000691 0.005716 0.001148 0.000463 0.000006 0.002861
 0.948383 0.000006 0.001148 0.000348 0.000006 0.032783 0.000006 0.000006 0.000006 0.002976 0.000006 0.000006 0.000006 0.003432 0.000691 0.005716 0.001148 0.000463 0.000006 0.002861
 0.948383 0.000006 0.001148 0.000348 0.000006 0.032783 0.000006 0.000006 0.000006 0.002976 0.000006 0.000006 0.000006 0.003432 0.000691 0.005716 0.001148 0.000463 0.000006 0.002861
 0.039292 0.000006 0.001148 0.000348 0.000006 0.032783 0.000006 0.000006 0.000006 0.002976 0.000006 0.000006 0.000006 0.003432 0.000691 0.914807 0.001148 0.000463 0.000006 0.002861

MOTIF 3-AAAAT STREME-3
letter-probability matrix: alength= 20 w= 5 nsites= 3 E= 4.0e+000
 0.948383 0.000006 0.001148 0.000348 0.000006 0.032783 0.000006 0.000006 0.000006 0.002976 0.000006 0.000006 0.000006 0.003432 0.000691 0.005716 0.001148 0.000463 0.000006 0.002861
 0.948383 0.000006 0.001148 0.000348 0.000006 0.032783 0.000006 0.000006 0.000006 0.002976 0.000006 0.000006 0.000006 0.003432 0.000691 0.005716 0.001148 0.000463 0.000006 0.002861
 0.948383 0.000006 0.001148 0.000348 0.000006 0.032783 0.000006 0.000006 0.000006 0.002976 0.000006 0.000006 0.000006 0.003432 0.000691 0.005716 0.001148 0.000463 0.000006 0.002861
 0.948383 0.000006 0.001148 0.000348 0.000006 0.032783 0.000006 0.000006 0.000006 0.002976 0.000006 0.000006 0.000006 0.003432 0.000691 0.005716 0.001148 0.000463 0.000006 0.002861
 0.039292 0.000006 0.001148 0.000348 0.000006 0.032783 0.000006 0.000006 0.000006 0.002976 0.000006 0.000006 0.000006 0.003432 0.000691 0.005716 0.910239 0.000463 0.000006 0.002861

MOTIF 4-YGQ STREME-4
letter-probability matrix: alength= 20 w= 3 nsites= 5 E= 4.0e+000
 0.039292 0.000006 0.001148 0.000348 0.000006 0.032783 0.000006 0.000006 0.000006 0.002976 0.000006 0.000006 0.000006 0.003432 0.000691 0.005716 0.001148 0.000463 0.000006 0.911952
 0.039292 0.000006 0.001148 0.000348 0.000006 0.941874 0.000006 0.000006 0.000006 0.002976 0.000006 0.000006 0.000006 0.003432 0.000691 0.005716 0.001148 0.000463 0.000006 0.002861
 0.039292 0.000006 0.001148 0.000348 0.000006 0.032783 0.000006 0.000006 0.000006 0.002976 0.000006 0.000006 0.000006 0.912523 0.000691 0.005716 0.001148 0.000463 0.000006 0.002861

********************************************************************************
Stopped because 3 consecutive motifs exceeded the p-value threshold (0.05).
********************************************************************************
COMMAND:	streme --protein --p ./Data/v1_cluster_windows_15mers/cluster_21913.fasta --minw 3 --maxw 15 --thresh 0.05 --oc ./Results/v1_Top500_Run_20250504_162200/streme_out_cluster_21913
********************************************************************************
CPU:		Hirokis-MacBook-Air.local
********************************************************************************
FINALTIME:	0.17 seconds
********************************************************************************
