********************************************************************************
STREME - Sensitive, Thorough, Rapid, Enriched Motif Elicitation
********************************************************************************
MEME version 5.5.7 (Release date: Wed Jun 19 13:59:04 2024 -0700)

For further information on how to interpret these results please access https://meme-suite.org/meme.
To get a copy of the MEME Suite software please access https://meme-suite.org.

********************************************************************************


********************************************************************************
REFERENCE
********************************************************************************
If you use this program in your research, please cite:

Timothy L. Bailey,
"STREME: accurate and versatile sequence motif discovery",
Bioinformatics, Mar. 24, 2021.
********************************************************************************


ALPHABET= ACDEFGHIKLMNPQRSTVWY

strands: +

Background letter frequencies
A 0.0939 C 8.53e-05 D 8.53e-05 E 8.53e-05 F 0.00179 G 0.21 H 8.53e-05 I 8.53e-05 K 8.53e-05 L 0.0035 M 8.53e-05 N 8.53e-05 P 0.149 Q 0.0666 R 0.053 S 0.179 T 0.0035 V 0.172 W 8.53e-05 Y 0.0666 

MOTIF 1-VGGYGPQSSSAP STREME-1
letter-probability matrix: alength= 20 w= 12 nsites= 39 S= 3.7e-023
 0.008540 0.000008 0.000008 0.000008 0.000163 0.019092 0.000008 0.000008 0.000008 0.000318 0.000008 0.000008 0.013500 0.006058 0.004817 0.016301 0.000318 0.924764 0.000008 0.006058
 0.008540 0.000008 0.000008 0.000008 0.000163 0.928182 0.000008 0.000008 0.000008 0.000318 0.000008 0.000008 0.013500 0.006058 0.004817 0.016301 0.000318 0.015673 0.000008 0.006058
 0.008540 0.000008 0.000008 0.000008 0.000163 0.928182 0.000008 0.000008 0.000008 0.000318 0.000008 0.000008 0.013500 0.006058 0.004817 0.016301 0.000318 0.015673 0.000008 0.006058
 0.008540 0.000008 0.000008 0.000008 0.000163 0.019092 0.000008 0.000008 0.000008 0.000318 0.000008 0.000008 0.013500 0.006058 0.004817 0.016301 0.000318 0.015673 0.000008 0.915149
 0.008540 0.000008 0.000008 0.000008 0.000163 0.928182 0.000008 0.000008 0.000008 0.000318 0.000008 0.000008 0.013500 0.006058 0.004817 0.016301 0.000318 0.015673 0.000008 0.006058
 0.008540 0.000008 0.000008 0.000008 0.000163 0.019092 0.000008 0.000008 0.000008 0.000318 0.000008 0.000008 0.922591 0.006058 0.004817 0.016301 0.000318 0.015673 0.000008 0.006058
 0.008540 0.000008 0.000008 0.000008 0.000163 0.019092 0.000008 0.000008 0.000008 0.000318 0.000008 0.000008 0.013500 0.915149 0.004817 0.016301 0.000318 0.015673 0.000008 0.006058
 0.008540 0.000008 0.000008 0.000008 0.000163 0.019092 0.000008 0.000008 0.000008 0.000318 0.000008 0.000008 0.013500 0.006058 0.004817 0.925391 0.000318 0.015673 0.000008 0.006058
 0.008540 0.000008 0.000008 0.000008 0.000163 0.019092 0.000008 0.000008 0.000008 0.000318 0.000008 0.000008 0.013500 0.006058 0.004817 0.925391 0.000318 0.015673 0.000008 0.006058
 0.008540 0.000008 0.000008 0.000008 0.000163 0.019092 0.000008 0.000008 0.000008 0.000318 0.000008 0.000008 0.013500 0.006058 0.004817 0.925391 0.000318 0.015673 0.000008 0.006058
 0.917631 0.000008 0.000008 0.000008 0.000163 0.019092 0.000008 0.000008 0.000008 0.000318 0.000008 0.000008 0.013500 0.006058 0.004817 0.016301 0.000318 0.015673 0.000008 0.006058
 0.008540 0.000008 0.000008 0.000008 0.000163 0.019092 0.000008 0.000008 0.000008 0.000318 0.000008 0.000008 0.922591 0.006058 0.004817 0.016301 0.000318 0.015673 0.000008 0.006058

MOTIF 2-QGSSS STREME-2
letter-probability matrix: alength= 20 w= 5 nsites= 2 S= 2.5e-001
 0.008540 0.000008 0.000008 0.000008 0.000163 0.019092 0.000008 0.000008 0.000008 0.000318 0.000008 0.000008 0.013500 0.915149 0.004817 0.016301 0.000318 0.015673 0.000008 0.006058
 0.008540 0.000008 0.000008 0.000008 0.000163 0.928182 0.000008 0.000008 0.000008 0.000318 0.000008 0.000008 0.013500 0.006058 0.004817 0.016301 0.000318 0.015673 0.000008 0.006058
 0.008540 0.000008 0.000008 0.000008 0.000163 0.019092 0.000008 0.000008 0.000008 0.000318 0.000008 0.000008 0.013500 0.006058 0.004817 0.925391 0.000318 0.015673 0.000008 0.006058
 0.008540 0.000008 0.000008 0.000008 0.000163 0.019092 0.000008 0.000008 0.000008 0.000318 0.000008 0.000008 0.013500 0.006058 0.004817 0.925391 0.000318 0.015673 0.000008 0.006058
 0.008540 0.000008 0.000008 0.000008 0.000163 0.019092 0.000008 0.000008 0.000008 0.000318 0.000008 0.000008 0.013500 0.006058 0.004817 0.925391 0.000318 0.015673 0.000008 0.006058

MOTIF 3-SAA STREME-3
letter-probability matrix: alength= 20 w= 3 nsites= 2 S= 2.5e-001
 0.008540 0.000008 0.000008 0.000008 0.000163 0.019092 0.000008 0.000008 0.000008 0.000318 0.000008 0.000008 0.013500 0.006058 0.004817 0.925391 0.000318 0.015673 0.000008 0.006058
 0.917631 0.000008 0.000008 0.000008 0.000163 0.019092 0.000008 0.000008 0.000008 0.000318 0.000008 0.000008 0.013500 0.006058 0.004817 0.016301 0.000318 0.015673 0.000008 0.006058
 0.917631 0.000008 0.000008 0.000008 0.000163 0.019092 0.000008 0.000008 0.000008 0.000318 0.000008 0.000008 0.013500 0.006058 0.004817 0.016301 0.000318 0.015673 0.000008 0.006058

MOTIF 4-AAA STREME-4
letter-probability matrix: alength= 20 w= 3 nsites= 1 S= 5.0e-001
 0.885764 0.000011 0.000011 0.000011 0.000226 0.026478 0.000011 0.000011 0.000011 0.000441 0.000011 0.000011 0.018724 0.008402 0.006681 0.022607 0.000441 0.021737 0.000011 0.008402
 0.885764 0.000011 0.000011 0.000011 0.000226 0.026478 0.000011 0.000011 0.000011 0.000441 0.000011 0.000011 0.018724 0.008402 0.006681 0.022607 0.000441 0.021737 0.000011 0.008402
 0.885764 0.000011 0.000011 0.000011 0.000226 0.026478 0.000011 0.000011 0.000011 0.000441 0.000011 0.000011 0.018724 0.008402 0.006681 0.022607 0.000441 0.021737 0.000011 0.008402

MOTIF 5-VSS STREME-5
letter-probability matrix: alength= 20 w= 3 nsites= 2 S= 5.0e-001
 0.008540 0.000008 0.000008 0.000008 0.000163 0.019092 0.000008 0.000008 0.000008 0.000318 0.000008 0.000008 0.013500 0.006058 0.004817 0.016301 0.000318 0.924764 0.000008 0.006058
 0.008540 0.000008 0.000008 0.000008 0.000163 0.019092 0.000008 0.000008 0.000008 0.000318 0.000008 0.000008 0.013500 0.006058 0.004817 0.925391 0.000318 0.015673 0.000008 0.006058
 0.008540 0.000008 0.000008 0.000008 0.000163 0.019092 0.000008 0.000008 0.000008 0.000318 0.000008 0.000008 0.013500 0.006058 0.004817 0.925391 0.000318 0.015673 0.000008 0.006058

********************************************************************************
Stopped because maximum number of motifs (5) reached.
********************************************************************************
COMMAND:	streme --protein --p ./Data/v1_cluster_windows_15mers/cluster_13045.fasta --minw 3 --maxw 15 --thresh 0.05 --oc ./Results/v1_Top500_Run_20250504_162200/streme_out_cluster_13045
********************************************************************************
CPU:		Hirokis-MacBook-Air.local
********************************************************************************
FINALTIME:	0.11 seconds
********************************************************************************
