********************************************************************************
STREME - Sensitive, Thorough, Rapid, Enriched Motif Elicitation
********************************************************************************
MEME version 5.5.7 (Release date: Wed Jun 19 13:59:04 2024 -0700)

For further information on how to interpret these results please access https://meme-suite.org/meme.
To get a copy of the MEME Suite software please access https://meme-suite.org.

********************************************************************************


********************************************************************************
REFERENCE
********************************************************************************
If you use this program in your research, please cite:

Timothy L. Bailey,
"STREME: accurate and versatile sequence motif discovery",
Bioinformatics, Mar. 24, 2021.
********************************************************************************


ALPHABET= ACDEFGHIKLMNPQRSTVWY

strands: +

Background letter frequencies
A 0.235 C 5.74e-05 D 0.0655 E 0.00235 F 0.00121 G 0.13 H 5.74e-05 I 5.74e-05 K 5.74e-05 L 0.00465 M 0.00121 N 5.74e-05 P 0.0632 Q 0.0632 R 0.00235 S 0.296 T 0.0586 V 0.0058 W 5.74e-05 Y 0.0701 

MOTIF 1-AAASSADSQGYGP STREME-1
letter-probability matrix: alength= 20 w= 13 nsites= 58 E= 1.6e-002
 0.930491 0.000005 0.005954 0.000214 0.000110 0.011800 0.000005 0.000005 0.000005 0.000423 0.000110 0.000005 0.005745 0.005745 0.000214 0.026936 0.005328 0.000527 0.000005 0.006372
 0.930491 0.000005 0.005954 0.000214 0.000110 0.011800 0.000005 0.000005 0.000005 0.000423 0.000110 0.000005 0.005745 0.005745 0.000214 0.026936 0.005328 0.000527 0.000005 0.006372
 0.930491 0.000005 0.005954 0.000214 0.000110 0.011800 0.000005 0.000005 0.000005 0.000423 0.000110 0.000005 0.005745 0.005745 0.000214 0.026936 0.005328 0.000527 0.000005 0.006372
 0.021400 0.000005 0.005954 0.000214 0.000110 0.011800 0.000005 0.000005 0.000005 0.000423 0.000110 0.000005 0.005745 0.005745 0.000214 0.936027 0.005328 0.000527 0.000005 0.006372
 0.021400 0.000005 0.005954 0.000214 0.000110 0.011800 0.000005 0.000005 0.000005 0.000423 0.000110 0.000005 0.005745 0.005745 0.000214 0.936027 0.005328 0.000527 0.000005 0.006372
 0.930491 0.000005 0.005954 0.000214 0.000110 0.011800 0.000005 0.000005 0.000005 0.000423 0.000110 0.000005 0.005745 0.005745 0.000214 0.026936 0.005328 0.000527 0.000005 0.006372
 0.021400 0.000005 0.915045 0.000214 0.000110 0.011800 0.000005 0.000005 0.000005 0.000423 0.000110 0.000005 0.005745 0.005745 0.000214 0.026936 0.005328 0.000527 0.000005 0.006372
 0.021400 0.000005 0.005954 0.000214 0.000110 0.011800 0.000005 0.000005 0.000005 0.000423 0.000110 0.000005 0.005745 0.005745 0.000214 0.936027 0.005328 0.000527 0.000005 0.006372
 0.021400 0.000005 0.005954 0.000214 0.000110 0.011800 0.000005 0.000005 0.000005 0.000423 0.000110 0.000005 0.005745 0.914836 0.000214 0.026936 0.005328 0.000527 0.000005 0.006372
 0.021400 0.000005 0.005954 0.000214 0.000110 0.920891 0.000005 0.000005 0.000005 0.000423 0.000110 0.000005 0.005745 0.005745 0.000214 0.026936 0.005328 0.000527 0.000005 0.006372
 0.021400 0.000005 0.005954 0.000214 0.000110 0.011800 0.000005 0.000005 0.000005 0.000423 0.000110 0.000005 0.005745 0.005745 0.000214 0.026936 0.005328 0.000527 0.000005 0.915463
 0.021400 0.000005 0.005954 0.000214 0.000110 0.920891 0.000005 0.000005 0.000005 0.000423 0.000110 0.000005 0.005745 0.005745 0.000214 0.026936 0.005328 0.000527 0.000005 0.006372
 0.021400 0.000005 0.005954 0.000214 0.000110 0.011800 0.000005 0.000005 0.000005 0.000423 0.000110 0.000005 0.914836 0.005745 0.000214 0.026936 0.005328 0.000527 0.000005 0.006372

MOTIF 2-GPSGS STREME-2
letter-probability matrix: alength= 20 w= 5 nsites= 1 E= 4.0e+000
 0.029679 0.000007 0.008258 0.000297 0.000152 0.890285 0.000007 0.000007 0.000007 0.000586 0.000152 0.000007 0.007968 0.007968 0.000297 0.037357 0.007389 0.000731 0.000007 0.008837
 0.029679 0.000007 0.008258 0.000297 0.000152 0.016365 0.000007 0.000007 0.000007 0.000586 0.000152 0.000007 0.881888 0.007968 0.000297 0.037357 0.007389 0.000731 0.000007 0.008837
 0.029679 0.000007 0.008258 0.000297 0.000152 0.016365 0.000007 0.000007 0.000007 0.000586 0.000152 0.000007 0.007968 0.007968 0.000297 0.911277 0.007389 0.000731 0.000007 0.008837
 0.029679 0.000007 0.008258 0.000297 0.000152 0.890285 0.000007 0.000007 0.000007 0.000586 0.000152 0.000007 0.007968 0.007968 0.000297 0.037357 0.007389 0.000731 0.000007 0.008837
 0.029679 0.000007 0.008258 0.000297 0.000152 0.016365 0.000007 0.000007 0.000007 0.000586 0.000152 0.000007 0.007968 0.007968 0.000297 0.911277 0.007389 0.000731 0.000007 0.008837

MOTIF 3-SSSS STREME-3
letter-probability matrix: alength= 20 w= 4 nsites= 2 E= 4.0e+000
 0.021400 0.000005 0.005954 0.000214 0.000110 0.011800 0.000005 0.000005 0.000005 0.000423 0.000110 0.000005 0.005745 0.005745 0.000214 0.936027 0.005328 0.000527 0.000005 0.006372
 0.021400 0.000005 0.005954 0.000214 0.000110 0.011800 0.000005 0.000005 0.000005 0.000423 0.000110 0.000005 0.005745 0.005745 0.000214 0.936027 0.005328 0.000527 0.000005 0.006372
 0.021400 0.000005 0.005954 0.000214 0.000110 0.011800 0.000005 0.000005 0.000005 0.000423 0.000110 0.000005 0.005745 0.005745 0.000214 0.936027 0.005328 0.000527 0.000005 0.006372
 0.021400 0.000005 0.005954 0.000214 0.000110 0.011800 0.000005 0.000005 0.000005 0.000423 0.000110 0.000005 0.005745 0.005745 0.000214 0.936027 0.005328 0.000527 0.000005 0.006372

MOTIF 4-STT STREME-4
letter-probability matrix: alength= 20 w= 3 nsites= 1 E= 4.0e+000
 0.021400 0.000005 0.005954 0.000214 0.000110 0.011800 0.000005 0.000005 0.000005 0.000423 0.000110 0.000005 0.005745 0.005745 0.000214 0.936027 0.005328 0.000527 0.000005 0.006372
 0.021400 0.000005 0.005954 0.000214 0.000110 0.011800 0.000005 0.000005 0.000005 0.000423 0.000110 0.000005 0.005745 0.005745 0.000214 0.026936 0.914419 0.000527 0.000005 0.006372
 0.021400 0.000005 0.005954 0.000214 0.000110 0.011800 0.000005 0.000005 0.000005 0.000423 0.000110 0.000005 0.005745 0.005745 0.000214 0.026936 0.914419 0.000527 0.000005 0.006372

********************************************************************************
Stopped because 3 consecutive motifs exceeded the p-value threshold (0.05).
********************************************************************************
COMMAND:	streme --protein --p ./Data/v1_cluster_windows_15mers/cluster_12774.fasta --minw 3 --maxw 15 --thresh 0.05 --oc ./Results/v1_Top500_Run_20250504_162200/streme_out_cluster_12774
********************************************************************************
CPU:		Hirokis-MacBook-Air.local
********************************************************************************
FINALTIME:	0.13 seconds
********************************************************************************
