********************************************************************************
STREME - Sensitive, Thorough, Rapid, Enriched Motif Elicitation
********************************************************************************
MEME version 5.5.7 (Release date: Wed Jun 19 13:59:04 2024 -0700)

For further information on how to interpret these results please access https://meme-suite.org/meme.
To get a copy of the MEME Suite software please access https://meme-suite.org.

********************************************************************************


********************************************************************************
REFERENCE
********************************************************************************
If you use this program in your research, please cite:

Timothy L. Bailey,
"STREME: accurate and versatile sequence motif discovery",
Bioinformatics, Mar. 24, 2021.
********************************************************************************


ALPHABET= ACDEFGHIKLMNPQRSTVWY

strands: +

Background letter frequencies
A 0.18 C 3.37e-05 D 0.00744 E 3.37e-05 F 0.0673 G 0.132 H 3.37e-05 I 0.0909 K 3.37e-05 L 0.0115 M 0.00474 N 0.0593 P 3.37e-05 Q 3.37e-05 R 3.37e-05 S 0.31 T 0.0115 V 0.0943 W 3.37e-05 Y 0.031 

MOTIF 1-ISNIFSGVSASAAGA STREME-1
letter-probability matrix: alength= 20 w= 15 nsites= 99 E= 4.1e-005
 0.000299 0.000000 0.000012 0.000000 0.034724 0.000219 0.000000 0.492944 0.000000 0.115928 0.046127 0.000098 0.000000 0.000000 0.000000 0.000514 0.000019 0.309063 0.000000 0.000051
 0.000299 0.000000 0.000012 0.000000 0.000112 0.000219 0.000000 0.000151 0.000000 0.000019 0.000008 0.000098 0.000000 0.000000 0.000000 0.998854 0.000019 0.000156 0.000000 0.000051
 0.000299 0.000000 0.115451 0.000000 0.000112 0.000219 0.000000 0.000151 0.000000 0.000019 0.000008 0.859893 0.000000 0.000000 0.000000 0.023620 0.000019 0.000156 0.000000 0.000051
 0.000299 0.000000 0.000012 0.000000 0.000112 0.000219 0.000000 0.940772 0.000000 0.000019 0.011514 0.000098 0.000000 0.000000 0.000000 0.000514 0.000019 0.046369 0.000000 0.000051
 0.000299 0.000000 0.000012 0.000000 0.975439 0.000219 0.000000 0.000151 0.000000 0.011526 0.000008 0.000098 0.000000 0.000000 0.000000 0.000514 0.000019 0.000156 0.000000 0.011558
 0.000299 0.000000 0.000012 0.000000 0.000112 0.000219 0.000000 0.000151 0.000000 0.000019 0.000008 0.000098 0.000000 0.000000 0.000000 0.998854 0.000019 0.000156 0.000000 0.000051
 0.000299 0.000000 0.000012 0.000000 0.000112 0.998559 0.000000 0.000151 0.000000 0.000019 0.000008 0.000098 0.000000 0.000000 0.000000 0.000514 0.000019 0.000156 0.000000 0.000051
 0.000299 0.000000 0.000012 0.000000 0.000112 0.000219 0.000000 0.000151 0.000000 0.000019 0.000008 0.000098 0.000000 0.000000 0.000000 0.000514 0.000019 0.998496 0.000000 0.000051
 0.011806 0.000000 0.000012 0.000000 0.000112 0.000219 0.000000 0.000151 0.000000 0.000019 0.000008 0.000098 0.000000 0.000000 0.000000 0.987347 0.000019 0.000156 0.000000 0.000051
 0.731737 0.000000 0.000012 0.000000 0.000112 0.000219 0.000000 0.000151 0.000000 0.000019 0.000008 0.000098 0.000000 0.000000 0.000000 0.232617 0.034819 0.000156 0.000000 0.000051
 0.057925 0.000000 0.000012 0.000000 0.000112 0.000219 0.000000 0.000151 0.000000 0.000019 0.000008 0.011605 0.000000 0.000000 0.000000 0.837391 0.080844 0.011663 0.000000 0.000051
 0.848683 0.000000 0.000012 0.000000 0.000112 0.127163 0.000000 0.000151 0.000000 0.000019 0.000008 0.000098 0.000000 0.000000 0.000000 0.023527 0.000019 0.000156 0.000000 0.000051
 0.551969 0.000000 0.000012 0.000000 0.000112 0.308345 0.000000 0.000151 0.000000 0.000019 0.000008 0.000098 0.000000 0.000000 0.000000 0.092940 0.011526 0.034769 0.000000 0.000051
 0.023406 0.000000 0.000012 0.000000 0.000112 0.540476 0.000000 0.000151 0.000000 0.000019 0.000008 0.000098 0.000000 0.000000 0.000000 0.435490 0.000019 0.000156 0.000000 0.000051
 0.540557 0.000000 0.000012 0.000000 0.000112 0.000219 0.000000 0.000151 0.000000 0.000019 0.000008 0.000098 0.000000 0.000000 0.000000 0.000514 0.000019 0.000156 0.000000 0.458134

MOTIF 2-SNG STREME-2
letter-probability matrix: alength= 20 w= 3 nsites= 2 E= 2.0e+000
 0.016400 0.000003 0.000676 0.000003 0.006121 0.011991 0.000003 0.008262 0.000003 0.001043 0.000431 0.005386 0.000003 0.000003 0.000003 0.937237 0.001043 0.008568 0.000003 0.002817
 0.016400 0.000003 0.000676 0.000003 0.006121 0.011991 0.000003 0.008262 0.000003 0.001043 0.000431 0.914477 0.000003 0.000003 0.000003 0.028146 0.001043 0.008568 0.000003 0.002817
 0.016400 0.000003 0.000676 0.000003 0.006121 0.921082 0.000003 0.008262 0.000003 0.001043 0.000431 0.005386 0.000003 0.000003 0.000003 0.028146 0.001043 0.008568 0.000003 0.002817

********************************************************************************
Stopped because the next motif had no positive sites with scores > 0.
********************************************************************************
COMMAND:	streme --protein --p ./Data/v1_cluster_windows_15mers/cluster_14417.fasta --minw 3 --maxw 15 --thresh 0.05 --oc ./Results/v1_Top500_Run_20250504_162200/streme_out_cluster_14417
********************************************************************************
CPU:		Hirokis-MacBook-Air.local
********************************************************************************
FINALTIME:	0.17 seconds
********************************************************************************
