********************************************************************************
STREME - Sensitive, Thorough, Rapid, Enriched Motif Elicitation
********************************************************************************
MEME version 5.5.7 (Release date: Wed Jun 19 13:59:04 2024 -0700)

For further information on how to interpret these results please access https://meme-suite.org/meme.
To get a copy of the MEME Suite software please access https://meme-suite.org.

********************************************************************************


********************************************************************************
REFERENCE
********************************************************************************
If you use this program in your research, please cite:

Timothy L. Bailey,
"STREME: accurate and versatile sequence motif discovery",
Bioinformatics, Mar. 24, 2021.
********************************************************************************


ALPHABET= ACDEFGHIKLMNPQRSTVWY

strands: +

Background letter frequencies
A 0.0806 C 5.37e-05 D 5.37e-05 E 5.37e-05 F 5.37e-05 G 0.163 H 5.37e-05 I 0.00113 K 5.37e-05 L 0.00435 M 5.37e-05 N 0.0677 P 5.37e-05 Q 0.0022 R 0.00113 S 0.282 T 0.0978 V 0.3 W 5.37e-05 Y 5.37e-05 

MOTIF 1-AGVSAGVSSTVVNSV STREME-1
letter-probability matrix: alength= 20 w= 15 nsites= 62 E= 1.1e-003
 0.470266 0.000000 0.000000 0.000000 0.000000 0.295659 0.000000 0.000003 0.000000 0.000012 0.000000 0.000187 0.000000 0.019149 0.000003 0.039312 0.097510 0.077898 0.000000 0.000000
 0.019365 0.000000 0.000000 0.000000 0.000000 0.844049 0.000000 0.000003 0.000000 0.000012 0.000000 0.000187 0.000000 0.000006 0.000003 0.135275 0.000270 0.000828 0.000000 0.000000
 0.000223 0.000000 0.000000 0.000000 0.000000 0.000451 0.000000 0.000003 0.000000 0.019155 0.000000 0.000187 0.000000 0.000006 0.000003 0.372805 0.000270 0.606896 0.000000 0.000000
 0.000223 0.000000 0.000000 0.000000 0.000000 0.353336 0.000000 0.000003 0.000000 0.000012 0.000000 0.000187 0.000000 0.000006 0.000003 0.645130 0.000270 0.000828 0.000000 0.000000
 0.689924 0.000000 0.000000 0.000000 0.000000 0.096920 0.000000 0.000003 0.000000 0.000012 0.000000 0.000187 0.000000 0.000006 0.000003 0.154417 0.057698 0.000828 0.000000 0.000000
 0.019365 0.000000 0.000000 0.000000 0.000000 0.978547 0.000000 0.000003 0.000000 0.000012 0.000000 0.000187 0.000000 0.000006 0.000003 0.000777 0.000270 0.000828 0.000000 0.000000
 0.117647 0.000000 0.000000 0.000000 0.000000 0.000451 0.000000 0.000003 0.000000 0.019155 0.000000 0.000187 0.000000 0.000006 0.000003 0.019920 0.000270 0.842356 0.000000 0.000000
 0.000223 0.000000 0.000000 0.000000 0.000000 0.000451 0.000000 0.000003 0.000000 0.000012 0.000000 0.000187 0.000000 0.000006 0.000003 0.998016 0.000270 0.000828 0.000000 0.000000
 0.019365 0.000000 0.000000 0.000000 0.000000 0.000451 0.000000 0.000003 0.000000 0.000012 0.000000 0.000187 0.000000 0.000006 0.019146 0.488160 0.471841 0.000828 0.000000 0.000000
 0.019365 0.000000 0.000000 0.000000 0.000000 0.000451 0.000000 0.000003 0.000000 0.000012 0.000000 0.019330 0.000000 0.000006 0.000003 0.058455 0.901546 0.000828 0.000000 0.000000
 0.000223 0.000000 0.000000 0.000000 0.000000 0.000451 0.000000 0.000003 0.000000 0.000012 0.000000 0.000187 0.000000 0.000006 0.000003 0.000777 0.000270 0.998066 0.000000 0.000000
 0.000223 0.000000 0.000000 0.000000 0.000000 0.000451 0.000000 0.000003 0.000000 0.019155 0.000000 0.000187 0.000000 0.000006 0.000003 0.000777 0.000270 0.978924 0.000000 0.000000
 0.000223 0.000000 0.000000 0.000000 0.000000 0.000451 0.000000 0.000003 0.000000 0.000012 0.000000 0.997425 0.000000 0.000006 0.000003 0.000777 0.000270 0.000828 0.000000 0.000000
 0.000223 0.000000 0.000000 0.000000 0.000000 0.000451 0.000000 0.000003 0.000000 0.000012 0.000000 0.000187 0.000000 0.000006 0.000003 0.998016 0.000270 0.000828 0.000000 0.000000
 0.000223 0.000000 0.000000 0.000000 0.000000 0.000451 0.000000 0.019146 0.000000 0.000012 0.000000 0.000187 0.000000 0.000006 0.000003 0.000777 0.000270 0.978924 0.000000 0.000000

********************************************************************************
Stopped because the next motif had no positive sites with scores > 0.
********************************************************************************
COMMAND:	streme --protein --p ./Data/v1_cluster_windows_15mers/cluster_12120.fasta --minw 3 --maxw 15 --thresh 0.05 --oc ./Results/v1_Top500_Run_20250504_162200/streme_out_cluster_12120
********************************************************************************
CPU:		Hirokis-MacBook-Air.local
********************************************************************************
FINALTIME:	0.12 seconds
********************************************************************************
