********************************************************************************
STREME - Sensitive, Thorough, Rapid, Enriched Motif Elicitation
********************************************************************************
MEME version 5.5.7 (Release date: Wed Jun 19 13:59:04 2024 -0700)

For further information on how to interpret these results please access https://meme-suite.org/meme.
To get a copy of the MEME Suite software please access https://meme-suite.org.

********************************************************************************


********************************************************************************
REFERENCE
********************************************************************************
If you use this program in your research, please cite:

Timothy L. Bailey,
"STREME: accurate and versatile sequence motif discovery",
Bioinformatics, Mar. 24, 2021.
********************************************************************************


ALPHABET= ACDEFGHIKLMNPQRSTVWY

strands: +

Background letter frequencies
A 0.127 C 6.4e-05 D 6.4e-05 E 6.4e-05 F 6.4e-05 G 0.476 H 6.4e-05 I 6.4e-05 K 6.4e-05 L 0.00262 M 6.4e-05 N 6.4e-05 P 0.0602 Q 0.188 R 0.00262 S 0.0692 T 0.0039 V 0.0039 W 6.4e-05 Y 0.0654 

MOTIF 1-GSGQGAG STREME-1
letter-probability matrix: alength= 20 w= 7 nsites= 52 E= 2.4e-002
 0.000329 0.000000 0.000000 0.000000 0.000000 0.944680 0.000000 0.000000 0.000000 0.017994 0.000000 0.000000 0.018144 0.000489 0.000007 0.018167 0.000010 0.000010 0.000000 0.000170
 0.173158 0.000000 0.000000 0.000000 0.000000 0.110880 0.000000 0.000000 0.000000 0.000007 0.000000 0.000000 0.000156 0.000489 0.000007 0.660439 0.036265 0.000010 0.000000 0.018587
 0.000329 0.000000 0.000000 0.000000 0.000000 0.924972 0.000000 0.000000 0.000000 0.000007 0.000000 0.000000 0.000156 0.074158 0.000007 0.000180 0.000010 0.000010 0.000000 0.000170
 0.000329 0.000000 0.000000 0.000000 0.000000 0.001236 0.000000 0.000000 0.000000 0.017994 0.000000 0.000000 0.000156 0.979906 0.000007 0.000180 0.000010 0.000010 0.000000 0.000170
 0.000329 0.000000 0.000000 0.000000 0.000000 0.998641 0.000000 0.000000 0.000000 0.000007 0.000000 0.000000 0.000156 0.000489 0.000007 0.000180 0.000010 0.000010 0.000000 0.000170
 0.997734 0.000000 0.000000 0.000000 0.000000 0.001236 0.000000 0.000000 0.000000 0.000007 0.000000 0.000000 0.000156 0.000489 0.000007 0.000180 0.000010 0.000010 0.000000 0.000170
 0.000329 0.000000 0.000000 0.000000 0.000000 0.962386 0.000000 0.000000 0.000000 0.000007 0.000000 0.000000 0.000156 0.000489 0.036262 0.000180 0.000010 0.000010 0.000000 0.000170

MOTIF 2-YGP STREME-2
letter-probability matrix: alength= 20 w= 3 nsites= 40 E= 2.4e-002
 0.011527 0.000006 0.000006 0.000006 0.000006 0.043309 0.000006 0.000006 0.000006 0.000239 0.000006 0.000006 0.005476 0.017118 0.000239 0.006292 0.000355 0.000355 0.000006 0.915033
 0.011527 0.000006 0.000006 0.000006 0.000006 0.952400 0.000006 0.000006 0.000006 0.000239 0.000006 0.000006 0.005476 0.017118 0.000239 0.006292 0.000355 0.000355 0.000006 0.005942
 0.011527 0.000006 0.000006 0.000006 0.000006 0.043309 0.000006 0.000006 0.000006 0.000239 0.000006 0.000006 0.914567 0.017118 0.000239 0.006292 0.000355 0.000355 0.000006 0.005942

MOTIF 3-GAGQQ STREME-3
letter-probability matrix: alength= 20 w= 5 nsites= 35 E= 2.4e-002
 0.000584 0.000000 0.000000 0.000000 0.000000 0.997589 0.000000 0.000000 0.000000 0.000012 0.000000 0.000000 0.000277 0.000867 0.000012 0.000319 0.000018 0.000018 0.000000 0.000301
 0.725769 0.000000 0.000000 0.000000 0.000000 0.002193 0.000000 0.000000 0.000000 0.000012 0.000000 0.000000 0.000277 0.000867 0.000012 0.270529 0.000018 0.000018 0.000000 0.000301
 0.000584 0.000000 0.000000 0.000000 0.000000 0.997589 0.000000 0.000000 0.000000 0.000012 0.000000 0.000000 0.000277 0.000867 0.000012 0.000319 0.000018 0.000018 0.000000 0.000301
 0.000584 0.000000 0.000000 0.000000 0.000000 0.002193 0.000000 0.000000 0.000000 0.000012 0.000000 0.000000 0.000277 0.996263 0.000012 0.000319 0.000018 0.000018 0.000000 0.000301
 0.000584 0.000000 0.000000 0.000000 0.000000 0.002193 0.000000 0.000000 0.000000 0.000012 0.000000 0.000000 0.000277 0.996263 0.000012 0.000319 0.000018 0.000018 0.000000 0.000301

MOTIF 4-GQGPY STREME-4
letter-probability matrix: alength= 20 w= 5 nsites= 3 E= 6.0e+000
 0.011527 0.000006 0.000006 0.000006 0.000006 0.952400 0.000006 0.000006 0.000006 0.000239 0.000006 0.000006 0.005476 0.017118 0.000239 0.006292 0.000355 0.000355 0.000006 0.005942
 0.011527 0.000006 0.000006 0.000006 0.000006 0.043309 0.000006 0.000006 0.000006 0.000239 0.000006 0.000006 0.005476 0.926209 0.000239 0.006292 0.000355 0.000355 0.000006 0.005942
 0.011527 0.000006 0.000006 0.000006 0.000006 0.952400 0.000006 0.000006 0.000006 0.000239 0.000006 0.000006 0.005476 0.017118 0.000239 0.006292 0.000355 0.000355 0.000006 0.005942
 0.011527 0.000006 0.000006 0.000006 0.000006 0.043309 0.000006 0.000006 0.000006 0.000239 0.000006 0.000006 0.914567 0.017118 0.000239 0.006292 0.000355 0.000355 0.000006 0.005942
 0.011527 0.000006 0.000006 0.000006 0.000006 0.043309 0.000006 0.000006 0.000006 0.000239 0.000006 0.000006 0.005476 0.017118 0.000239 0.006292 0.000355 0.000355 0.000006 0.915033

MOTIF 5-GVGGA STREME-5
letter-probability matrix: alength= 20 w= 5 nsites= 3 E= 6.0e+000
 0.011527 0.000006 0.000006 0.000006 0.000006 0.952400 0.000006 0.000006 0.000006 0.000239 0.000006 0.000006 0.005476 0.017118 0.000239 0.006292 0.000355 0.000355 0.000006 0.005942
 0.011527 0.000006 0.000006 0.000006 0.000006 0.043309 0.000006 0.000006 0.000006 0.000239 0.000006 0.000006 0.005476 0.017118 0.000239 0.006292 0.000355 0.909446 0.000006 0.005942
 0.011527 0.000006 0.000006 0.000006 0.000006 0.952400 0.000006 0.000006 0.000006 0.000239 0.000006 0.000006 0.005476 0.017118 0.000239 0.006292 0.000355 0.000355 0.000006 0.005942
 0.011527 0.000006 0.000006 0.000006 0.000006 0.952400 0.000006 0.000006 0.000006 0.000239 0.000006 0.000006 0.005476 0.017118 0.000239 0.006292 0.000355 0.000355 0.000006 0.005942
 0.920618 0.000006 0.000006 0.000006 0.000006 0.043309 0.000006 0.000006 0.000006 0.000239 0.000006 0.000006 0.005476 0.017118 0.000239 0.006292 0.000355 0.000355 0.000006 0.005942

MOTIF 6-SGGQQ STREME-6
letter-probability matrix: alength= 20 w= 5 nsites= 3 E= 6.0e+000
 0.011527 0.000006 0.000006 0.000006 0.000006 0.043309 0.000006 0.000006 0.000006 0.000239 0.000006 0.000006 0.005476 0.017118 0.000239 0.915383 0.000355 0.000355 0.000006 0.005942
 0.011527 0.000006 0.000006 0.000006 0.000006 0.952400 0.000006 0.000006 0.000006 0.000239 0.000006 0.000006 0.005476 0.017118 0.000239 0.006292 0.000355 0.000355 0.000006 0.005942
 0.011527 0.000006 0.000006 0.000006 0.000006 0.952400 0.000006 0.000006 0.000006 0.000239 0.000006 0.000006 0.005476 0.017118 0.000239 0.006292 0.000355 0.000355 0.000006 0.005942
 0.011527 0.000006 0.000006 0.000006 0.000006 0.043309 0.000006 0.000006 0.000006 0.000239 0.000006 0.000006 0.005476 0.926209 0.000239 0.006292 0.000355 0.000355 0.000006 0.005942
 0.011527 0.000006 0.000006 0.000006 0.000006 0.043309 0.000006 0.000006 0.000006 0.000239 0.000006 0.000006 0.005476 0.926209 0.000239 0.006292 0.000355 0.000355 0.000006 0.005942

********************************************************************************
Stopped because 3 consecutive motifs exceeded the p-value threshold (0.05).
********************************************************************************
COMMAND:	streme --protein --p ./Data/v1_cluster_windows_15mers/cluster_15307.fasta --minw 3 --maxw 15 --thresh 0.05 --oc ./Results/v1_Top500_Run_20250504_162200/streme_out_cluster_15307
********************************************************************************
CPU:		Hirokis-MacBook-Air.local
********************************************************************************
FINALTIME:	0.17 seconds
********************************************************************************
