********************************************************************************
STREME - Sensitive, Thorough, Rapid, Enriched Motif Elicitation
********************************************************************************
MEME version 5.5.7 (Release date: Wed Jun 19 13:59:04 2024 -0700)

For further information on how to interpret these results please access https://meme-suite.org/meme.
To get a copy of the MEME Suite software please access https://meme-suite.org.

********************************************************************************


********************************************************************************
REFERENCE
********************************************************************************
If you use this program in your research, please cite:

Timothy L. Bailey,
"STREME: accurate and versatile sequence motif discovery",
Bioinformatics, Mar. 24, 2021.
********************************************************************************


ALPHABET= ACDEFGHIKLMNPQRSTVWY

strands: +

Background letter frequencies
A 0.265 C 7.74e-05 D 7.74e-05 E 7.74e-05 F 0.00162 G 0.268 H 7.74e-05 I 7.74e-05 K 7.74e-05 L 7.74e-05 M 7.74e-05 N 7.74e-05 P 0.122 Q 7.74e-05 R 7.74e-05 S 0.152 T 0.00162 V 0.121 W 7.74e-05 Y 0.0682 

MOTIF 1-AASAAVSVGG STREME-1
letter-probability matrix: alength= 20 w= 10 nsites= 43 S= 1.5e-025
 0.750802 0.000000 0.000000 0.000000 0.000005 0.090536 0.000000 0.000000 0.000000 0.000000 0.000000 0.000000 0.000386 0.000000 0.000000 0.157668 0.000005 0.000381 0.000000 0.000215
 0.975833 0.000000 0.000000 0.000000 0.000005 0.000844 0.000000 0.000000 0.000000 0.000000 0.000000 0.000000 0.000386 0.000000 0.000000 0.022328 0.000005 0.000381 0.000000 0.000215
 0.110455 0.000000 0.000000 0.000000 0.000005 0.000844 0.000000 0.000000 0.000000 0.000000 0.000000 0.000000 0.000386 0.000000 0.000000 0.865856 0.000005 0.000381 0.000000 0.022064
 0.931761 0.000000 0.000000 0.000000 0.000005 0.000844 0.000000 0.000000 0.000000 0.000000 0.000000 0.000000 0.000386 0.000000 0.000000 0.044551 0.021855 0.000381 0.000000 0.000215
 0.909152 0.000000 0.000000 0.000000 0.000005 0.000844 0.000000 0.000000 0.000000 0.000000 0.000000 0.000000 0.000386 0.000000 0.000000 0.089009 0.000005 0.000381 0.000000 0.000215
 0.000835 0.000000 0.000000 0.000000 0.000005 0.000844 0.000000 0.000000 0.000000 0.000000 0.000000 0.000000 0.000386 0.000000 0.000000 0.000478 0.000005 0.997229 0.000000 0.000215
 0.022684 0.000000 0.000000 0.000000 0.000005 0.000844 0.000000 0.000000 0.000000 0.000000 0.000000 0.000000 0.000386 0.000000 0.000000 0.975477 0.000005 0.000381 0.000000 0.000215
 0.132678 0.000000 0.000000 0.000000 0.021855 0.000844 0.000000 0.000000 0.000000 0.000000 0.000000 0.000000 0.000386 0.000000 0.000000 0.090170 0.000005 0.753845 0.000000 0.000215
 0.044907 0.000000 0.000000 0.000000 0.000005 0.953620 0.000000 0.000000 0.000000 0.000000 0.000000 0.000000 0.000386 0.000000 0.000000 0.000478 0.000005 0.000381 0.000000 0.000215
 0.000835 0.000000 0.000000 0.000000 0.000005 0.975843 0.000000 0.000000 0.000000 0.000000 0.000000 0.000000 0.000386 0.000000 0.000000 0.000478 0.000005 0.000381 0.000000 0.022064

MOTIF 2-YGP STREME-2
letter-probability matrix: alength= 20 w= 3 nsites= 41 S= 6.0e-021
 0.000601 0.000000 0.000000 0.000000 0.000004 0.000608 0.000000 0.000000 0.000000 0.000000 0.000000 0.000000 0.000278 0.000000 0.000000 0.000344 0.000004 0.000274 0.000000 0.997886
 0.000601 0.000000 0.000000 0.000000 0.000004 0.971623 0.000000 0.000000 0.000000 0.000000 0.000000 0.000000 0.000278 0.000000 0.000000 0.000344 0.000004 0.026990 0.000000 0.000155
 0.000601 0.000000 0.000000 0.000000 0.000004 0.000608 0.000000 0.000000 0.000000 0.000000 0.000000 0.000000 0.998009 0.000000 0.000000 0.000344 0.000004 0.000274 0.000000 0.000155

MOTIF 3-GYG STREME-3
letter-probability matrix: alength= 20 w= 3 nsites= 2 S= 6.9e-001
 0.024071 0.000007 0.000007 0.000007 0.000148 0.933444 0.000007 0.000007 0.000007 0.000007 0.000007 0.000007 0.011127 0.000007 0.000007 0.013799 0.000148 0.010981 0.000007 0.006199
 0.024071 0.000007 0.000007 0.000007 0.000148 0.024353 0.000007 0.000007 0.000007 0.000007 0.000007 0.000007 0.011127 0.000007 0.000007 0.013799 0.000148 0.010981 0.000007 0.915290
 0.024071 0.000007 0.000007 0.000007 0.000148 0.933444 0.000007 0.000007 0.000007 0.000007 0.000007 0.000007 0.011127 0.000007 0.000007 0.013799 0.000148 0.010981 0.000007 0.006199

MOTIF 4-PGG STREME-4
letter-probability matrix: alength= 20 w= 3 nsites= 4 S= 8.4e-001
 0.024071 0.000007 0.000007 0.000007 0.000148 0.024353 0.000007 0.000007 0.000007 0.000007 0.000007 0.000007 0.920217 0.000007 0.000007 0.013799 0.000148 0.010981 0.000007 0.006199
 0.024071 0.000007 0.000007 0.000007 0.000148 0.933444 0.000007 0.000007 0.000007 0.000007 0.000007 0.000007 0.011127 0.000007 0.000007 0.013799 0.000148 0.010981 0.000007 0.006199
 0.024071 0.000007 0.000007 0.000007 0.000148 0.933444 0.000007 0.000007 0.000007 0.000007 0.000007 0.000007 0.011127 0.000007 0.000007 0.013799 0.000148 0.010981 0.000007 0.006199

********************************************************************************
Stopped because the next motif had no positive sites with scores > 0.
********************************************************************************
COMMAND:	streme --protein --p ./Data/v1_cluster_windows_15mers/cluster_12163.fasta --minw 3 --maxw 15 --thresh 0.05 --oc ./Results/v1_Top500_Run_20250504_162200/streme_out_cluster_12163
********************************************************************************
CPU:		Hirokis-MacBook-Air.local
********************************************************************************
FINALTIME:	0.20 seconds
********************************************************************************
