********************************************************************************
STREME - Sensitive, Thorough, Rapid, Enriched Motif Elicitation
********************************************************************************
MEME version 5.5.7 (Release date: Wed Jun 19 13:59:04 2024 -0700)

For further information on how to interpret these results please access https://meme-suite.org/meme.
To get a copy of the MEME Suite software please access https://meme-suite.org.

********************************************************************************


********************************************************************************
REFERENCE
********************************************************************************
If you use this program in your research, please cite:

Timothy L. Bailey,
"STREME: accurate and versatile sequence motif discovery",
Bioinformatics, Mar. 24, 2021.
********************************************************************************


ALPHABET= ACDEFGHIKLMNPQRSTVWY

strands: +

Background letter frequencies
A 0.106 C 2.06e-05 D 0.00331 E 0.00167 F 0.000432 G 0.217 H 2.06e-05 I 0.126 K 2.06e-05 L 0.0704 M 0.000432 N 0.0597 P 0.00126 Q 0.0634 R 2.06e-05 S 0.23 T 0.00249 V 0.00578 W 2.06e-05 Y 0.112 

MOTIF 1-SSAIAISLGYGQNGY STREME-1
letter-probability matrix: alength= 20 w= 15 nsites= 162 E= 3.3e-009
 0.009646 0.000002 0.000301 0.000151 0.000039 0.019710 0.000002 0.011482 0.000002 0.006397 0.000039 0.005425 0.000114 0.005761 0.000002 0.930001 0.000226 0.000525 0.000002 0.010173
 0.009646 0.000002 0.000301 0.000151 0.000039 0.019710 0.000002 0.011482 0.000002 0.006397 0.000039 0.005425 0.000114 0.005761 0.000002 0.930001 0.000226 0.000525 0.000002 0.010173
 0.918737 0.000002 0.000301 0.000151 0.000039 0.019710 0.000002 0.011482 0.000002 0.006397 0.000039 0.005425 0.000114 0.005761 0.000002 0.020910 0.000226 0.000525 0.000002 0.010173
 0.009646 0.000002 0.000301 0.000151 0.000039 0.019710 0.000002 0.920573 0.000002 0.006397 0.000039 0.005425 0.000114 0.005761 0.000002 0.020910 0.000226 0.000525 0.000002 0.010173
 0.918737 0.000002 0.000301 0.000151 0.000039 0.019710 0.000002 0.011482 0.000002 0.006397 0.000039 0.005425 0.000114 0.005761 0.000002 0.020910 0.000226 0.000525 0.000002 0.010173
 0.009646 0.000002 0.000301 0.000151 0.000039 0.019710 0.000002 0.920573 0.000002 0.006397 0.000039 0.005425 0.000114 0.005761 0.000002 0.020910 0.000226 0.000525 0.000002 0.010173
 0.009646 0.000002 0.000301 0.000151 0.000039 0.019710 0.000002 0.011482 0.000002 0.006397 0.000039 0.005425 0.000114 0.005761 0.000002 0.930001 0.000226 0.000525 0.000002 0.010173
 0.009646 0.000002 0.000301 0.000151 0.000039 0.019710 0.000002 0.011482 0.000002 0.915487 0.000039 0.005425 0.000114 0.005761 0.000002 0.020910 0.000226 0.000525 0.000002 0.010173
 0.009646 0.000002 0.000301 0.000151 0.000039 0.928801 0.000002 0.011482 0.000002 0.006397 0.000039 0.005425 0.000114 0.005761 0.000002 0.020910 0.000226 0.000525 0.000002 0.010173
 0.009646 0.000002 0.000301 0.000151 0.000039 0.019710 0.000002 0.011482 0.000002 0.006397 0.000039 0.005425 0.000114 0.005761 0.000002 0.020910 0.000226 0.000525 0.000002 0.919264
 0.009646 0.000002 0.000301 0.000151 0.000039 0.928801 0.000002 0.011482 0.000002 0.006397 0.000039 0.005425 0.000114 0.005761 0.000002 0.020910 0.000226 0.000525 0.000002 0.010173
 0.009646 0.000002 0.000301 0.000151 0.000039 0.019710 0.000002 0.011482 0.000002 0.006397 0.000039 0.005425 0.000114 0.914852 0.000002 0.020910 0.000226 0.000525 0.000002 0.010173
 0.009646 0.000002 0.000301 0.000151 0.000039 0.019710 0.000002 0.011482 0.000002 0.006397 0.000039 0.914516 0.000114 0.005761 0.000002 0.020910 0.000226 0.000525 0.000002 0.010173
 0.009646 0.000002 0.000301 0.000151 0.000039 0.928801 0.000002 0.011482 0.000002 0.006397 0.000039 0.005425 0.000114 0.005761 0.000002 0.020910 0.000226 0.000525 0.000002 0.010173
 0.009646 0.000002 0.000301 0.000151 0.000039 0.019710 0.000002 0.011482 0.000002 0.006397 0.000039 0.005425 0.000114 0.005761 0.000002 0.020910 0.000226 0.000525 0.000002 0.919264

MOTIF 2-TTPG STREME-2
letter-probability matrix: alength= 20 w= 4 nsites= 2 E= 1.0e+000
 0.013378 0.000003 0.000417 0.000210 0.000054 0.027335 0.000003 0.015924 0.000003 0.008871 0.000054 0.007523 0.000158 0.007990 0.000003 0.028999 0.874234 0.000729 0.000003 0.014109
 0.013378 0.000003 0.000417 0.000210 0.000054 0.027335 0.000003 0.015924 0.000003 0.008871 0.000054 0.007523 0.000158 0.007990 0.000003 0.028999 0.874234 0.000729 0.000003 0.014109
 0.013378 0.000003 0.000417 0.000210 0.000054 0.027335 0.000003 0.015924 0.000003 0.008871 0.000054 0.007523 0.874078 0.007990 0.000003 0.028999 0.000314 0.000729 0.000003 0.014109
 0.013378 0.000003 0.000417 0.000210 0.000054 0.901255 0.000003 0.015924 0.000003 0.008871 0.000054 0.007523 0.000158 0.007990 0.000003 0.028999 0.000314 0.000729 0.000003 0.014109

********************************************************************************
Stopped because the next motif had no positive sites with scores > 0.
********************************************************************************
COMMAND:	streme --protein --p ./Data/v1_cluster_windows_15mers/cluster_16840.fasta --minw 3 --maxw 15 --thresh 0.05 --oc ./Results/v1_Top500_Run_20250504_162200/streme_out_cluster_16840
********************************************************************************
CPU:		Hirokis-MacBook-Air.local
********************************************************************************
FINALTIME:	0.26 seconds
********************************************************************************
