********************************************************************************
STREME - Sensitive, Thorough, Rapid, Enriched Motif Elicitation
********************************************************************************
MEME version 5.5.7 (Release date: Wed Jun 19 13:59:04 2024 -0700)

For further information on how to interpret these results please access https://meme-suite.org/meme.
To get a copy of the MEME Suite software please access https://meme-suite.org.

********************************************************************************


********************************************************************************
REFERENCE
********************************************************************************
If you use this program in your research, please cite:

Timothy L. Bailey,
"STREME: accurate and versatile sequence motif discovery",
Bioinformatics, Mar. 24, 2021.
********************************************************************************


ALPHABET= ACDEFGHIKLMNPQRSTVWY

strands: +

Background letter frequencies
A 0.0125 C 1.84e-05 D 0.117 E 0.00701 F 0.00517 G 0.518 H 1.84e-05 I 0.00149 K 1.84e-05 L 0.00591 M 1.84e-05 N 0.0221 P 0.00407 Q 0.0114 R 0.0103 S 0.158 T 0.00333 V 0.00296 W 1.84e-05 Y 0.121 

MOTIF 1-SDGSGSDGYG STREME-1
letter-probability matrix: alength= 20 w= 10 nsites= 173 E= 1.0e-007
 0.055118 0.000000 0.000103 0.000006 0.000005 0.006531 0.000000 0.000001 0.000000 0.000005 0.000000 0.000019 0.000004 0.000010 0.000009 0.889268 0.048812 0.000003 0.000000 0.000106
 0.024321 0.000000 0.610831 0.018238 0.000005 0.134728 0.000000 0.000001 0.000000 0.000005 0.000000 0.068400 0.000004 0.000010 0.012191 0.131154 0.000003 0.000003 0.000000 0.000106
 0.024402 0.000000 0.000103 0.000006 0.000005 0.969109 0.000000 0.000001 0.000000 0.000005 0.000000 0.000019 0.000004 0.000010 0.006086 0.000139 0.000003 0.000003 0.000000 0.000106
 0.000011 0.000000 0.000103 0.018265 0.006082 0.000454 0.000000 0.000001 0.000000 0.006083 0.000000 0.000019 0.000004 0.097657 0.006086 0.865123 0.000003 0.000003 0.000000 0.000106
 0.000011 0.000000 0.030571 0.000006 0.000005 0.938722 0.000000 0.000001 0.000000 0.000005 0.000000 0.000019 0.000004 0.000010 0.012164 0.012293 0.000003 0.006080 0.000000 0.000106
 0.006088 0.000000 0.036730 0.000006 0.000005 0.386434 0.000000 0.000001 0.000000 0.000005 0.000000 0.030515 0.000004 0.000010 0.012164 0.527926 0.000003 0.000003 0.000000 0.000106
 0.000011 0.000000 0.980967 0.000006 0.000005 0.000454 0.000000 0.000001 0.000000 0.000005 0.000000 0.018279 0.000004 0.000010 0.000009 0.000139 0.000003 0.000003 0.000000 0.000106
 0.000011 0.000000 0.000103 0.000006 0.000005 0.999577 0.000000 0.000001 0.000000 0.000005 0.000000 0.000019 0.000004 0.000010 0.000009 0.000139 0.000003 0.000003 0.000000 0.000106
 0.000011 0.000000 0.000103 0.000006 0.012186 0.000454 0.000000 0.000001 0.000000 0.000005 0.000000 0.000019 0.000004 0.000010 0.000009 0.000139 0.000003 0.000003 0.000000 0.987047
 0.000011 0.000000 0.030571 0.000006 0.000005 0.963031 0.000000 0.000001 0.000000 0.000005 0.000000 0.006097 0.000004 0.000010 0.000009 0.000139 0.000003 0.000003 0.000000 0.000106

MOTIF 2-GGYGG STREME-2
letter-probability matrix: alength= 20 w= 5 nsites= 117 E= 2.9e-002
 0.000023 0.000000 0.000215 0.000013 0.000009 0.986387 0.000000 0.000003 0.000000 0.000011 0.000000 0.000041 0.000007 0.000021 0.000019 0.000290 0.000006 0.012732 0.000000 0.000222
 0.000023 0.000000 0.000215 0.000013 0.000009 0.986387 0.000000 0.000003 0.000000 0.012738 0.000000 0.000041 0.000007 0.000021 0.000019 0.000290 0.000006 0.000005 0.000000 0.000222
 0.000023 0.000000 0.000215 0.000013 0.000009 0.000951 0.000000 0.000003 0.000000 0.000011 0.000000 0.000041 0.000007 0.000021 0.000019 0.000290 0.000006 0.000005 0.000000 0.998386
 0.000023 0.000000 0.000281 0.012740 0.000009 0.686368 0.000000 0.038354 0.000000 0.000011 0.000000 0.259427 0.000007 0.000021 0.000019 0.000425 0.000006 0.000005 0.000000 0.002304
 0.000023 0.000000 0.000215 0.000013 0.000009 0.999114 0.000000 0.000003 0.000000 0.000011 0.000000 0.000041 0.000007 0.000021 0.000019 0.000290 0.000006 0.000005 0.000000 0.000222

MOTIF 3-NGLYE STREME-3
letter-probability matrix: alength= 20 w= 5 nsites= 8 E= 2.5e+000
 0.001140 0.000002 0.010645 0.000638 0.000470 0.047061 0.000002 0.000136 0.000002 0.000537 0.000002 0.911101 0.000370 0.001039 0.000939 0.014363 0.000303 0.000269 0.000002 0.010981
 0.001140 0.000002 0.010645 0.000638 0.000470 0.956152 0.000002 0.000136 0.000002 0.000537 0.000002 0.002010 0.000370 0.001039 0.000939 0.014363 0.000303 0.000269 0.000002 0.010981
 0.001140 0.000002 0.010645 0.000638 0.000470 0.047061 0.000002 0.000136 0.000002 0.909628 0.000002 0.002010 0.000370 0.001039 0.000939 0.014363 0.000303 0.000269 0.000002 0.010981
 0.001140 0.000002 0.010645 0.000638 0.000470 0.047061 0.000002 0.000136 0.000002 0.000537 0.000002 0.002010 0.000370 0.001039 0.000939 0.014363 0.000303 0.000269 0.000002 0.920072
 0.001140 0.000002 0.010645 0.909729 0.000470 0.047061 0.000002 0.000136 0.000002 0.000537 0.000002 0.002010 0.000370 0.001039 0.000939 0.014363 0.000303 0.000269 0.000002 0.010981

MOTIF 4-RGYGG STREME-4
letter-probability matrix: alength= 20 w= 5 nsites= 6 E= 2.5e+000
 0.001140 0.000002 0.010645 0.000638 0.000470 0.047061 0.000002 0.000136 0.000002 0.000537 0.000002 0.002010 0.000370 0.001039 0.910030 0.014363 0.000303 0.000269 0.000002 0.010981
 0.001140 0.000002 0.010645 0.000638 0.000470 0.956152 0.000002 0.000136 0.000002 0.000537 0.000002 0.002010 0.000370 0.001039 0.000939 0.014363 0.000303 0.000269 0.000002 0.010981
 0.001140 0.000002 0.010645 0.000638 0.000470 0.047061 0.000002 0.000136 0.000002 0.000537 0.000002 0.002010 0.000370 0.001039 0.000939 0.014363 0.000303 0.000269 0.000002 0.920072
 0.001140 0.000002 0.010645 0.000638 0.000470 0.956152 0.000002 0.000136 0.000002 0.000537 0.000002 0.002010 0.000370 0.001039 0.000939 0.014363 0.000303 0.000269 0.000002 0.010981
 0.001140 0.000002 0.010645 0.000638 0.000470 0.956152 0.000002 0.000136 0.000002 0.000537 0.000002 0.002010 0.000370 0.001039 0.000939 0.014363 0.000303 0.000269 0.000002 0.010981

MOTIF 5-DGFGG STREME-5
letter-probability matrix: alength= 20 w= 5 nsites= 11 E= 5.0e+000
 0.000161 0.000000 0.541384 0.000090 0.000066 0.006645 0.000000 0.000019 0.000000 0.000076 0.000000 0.000284 0.000052 0.000147 0.447415 0.002028 0.000043 0.000038 0.000000 0.001551
 0.000161 0.000000 0.001503 0.358393 0.000066 0.635505 0.000000 0.000019 0.000000 0.000076 0.000000 0.000284 0.000052 0.000147 0.000133 0.002028 0.000043 0.000038 0.000000 0.001551
 0.000161 0.000000 0.001503 0.000090 0.987229 0.006645 0.000000 0.000019 0.000000 0.000076 0.000000 0.000284 0.000052 0.000147 0.000133 0.002028 0.000043 0.000038 0.000000 0.001551
 0.000161 0.000000 0.001503 0.000090 0.000066 0.993808 0.000000 0.000019 0.000000 0.000076 0.000000 0.000284 0.000052 0.000147 0.000133 0.002028 0.000043 0.000038 0.000000 0.001551
 0.000161 0.000000 0.001503 0.000090 0.000066 0.993808 0.000000 0.000019 0.000000 0.000076 0.000000 0.000284 0.000052 0.000147 0.000133 0.002028 0.000043 0.000038 0.000000 0.001551

********************************************************************************
Stopped because 3 consecutive motifs exceeded the p-value threshold (0.05).
********************************************************************************
COMMAND:	streme --protein --p ./Data/v1_cluster_windows_15mers/cluster_14790.fasta --minw 3 --maxw 15 --thresh 0.05 --oc ./Results/v1_Top500_Run_20250504_162200/streme_out_cluster_14790
********************************************************************************
CPU:		Hirokis-MacBook-Air.local
********************************************************************************
FINALTIME:	0.53 seconds
********************************************************************************
