********************************************************************************
STREME - Sensitive, Thorough, Rapid, Enriched Motif Elicitation
********************************************************************************
MEME version 5.5.7 (Release date: Wed Jun 19 13:59:04 2024 -0700)

For further information on how to interpret these results please access https://meme-suite.org/meme.
To get a copy of the MEME Suite software please access https://meme-suite.org.

********************************************************************************


********************************************************************************
REFERENCE
********************************************************************************
If you use this program in your research, please cite:

Timothy L. Bailey,
"STREME: accurate and versatile sequence motif discovery",
Bioinformatics, Mar. 24, 2021.
********************************************************************************


ALPHABET= ACDEFGHIKLMNPQRSTVWY

strands: +

Background letter frequencies
A 0.35 C 7.74e-05 D 0.00627 E 7.74e-05 F 7.74e-05 G 0.389 H 7.74e-05 I 0.00472 K 7.74e-05 L 0.0589 M 0.00627 N 7.74e-05 P 7.74e-05 Q 7.74e-05 R 0.00782 S 0.132 T 0.0403 V 0.00472 W 7.74e-05 Y 7.74e-05 

MOTIF 1-SAAAAAGSGAGGLGG STREME-1
letter-probability matrix: alength= 20 w= 15 nsites= 43 S= 1.5e-025
 0.031809 0.000007 0.000570 0.000007 0.000007 0.035327 0.000007 0.000429 0.000007 0.005355 0.000570 0.000007 0.000007 0.000007 0.000711 0.921064 0.003666 0.000429 0.000007 0.000007
 0.940900 0.000007 0.000570 0.000007 0.000007 0.035327 0.000007 0.000429 0.000007 0.005355 0.000570 0.000007 0.000007 0.000007 0.000711 0.011973 0.003666 0.000429 0.000007 0.000007
 0.940900 0.000007 0.000570 0.000007 0.000007 0.035327 0.000007 0.000429 0.000007 0.005355 0.000570 0.000007 0.000007 0.000007 0.000711 0.011973 0.003666 0.000429 0.000007 0.000007
 0.940900 0.000007 0.000570 0.000007 0.000007 0.035327 0.000007 0.000429 0.000007 0.005355 0.000570 0.000007 0.000007 0.000007 0.000711 0.011973 0.003666 0.000429 0.000007 0.000007
 0.940900 0.000007 0.000570 0.000007 0.000007 0.035327 0.000007 0.000429 0.000007 0.005355 0.000570 0.000007 0.000007 0.000007 0.000711 0.011973 0.003666 0.000429 0.000007 0.000007
 0.940900 0.000007 0.000570 0.000007 0.000007 0.035327 0.000007 0.000429 0.000007 0.005355 0.000570 0.000007 0.000007 0.000007 0.000711 0.011973 0.003666 0.000429 0.000007 0.000007
 0.031809 0.000007 0.000570 0.000007 0.000007 0.944418 0.000007 0.000429 0.000007 0.005355 0.000570 0.000007 0.000007 0.000007 0.000711 0.011973 0.003666 0.000429 0.000007 0.000007
 0.031809 0.000007 0.000570 0.000007 0.000007 0.035327 0.000007 0.000429 0.000007 0.005355 0.000570 0.000007 0.000007 0.000007 0.000711 0.921064 0.003666 0.000429 0.000007 0.000007
 0.031809 0.000007 0.000570 0.000007 0.000007 0.944418 0.000007 0.000429 0.000007 0.005355 0.000570 0.000007 0.000007 0.000007 0.000711 0.011973 0.003666 0.000429 0.000007 0.000007
 0.940900 0.000007 0.000570 0.000007 0.000007 0.035327 0.000007 0.000429 0.000007 0.005355 0.000570 0.000007 0.000007 0.000007 0.000711 0.011973 0.003666 0.000429 0.000007 0.000007
 0.031809 0.000007 0.000570 0.000007 0.000007 0.944418 0.000007 0.000429 0.000007 0.005355 0.000570 0.000007 0.000007 0.000007 0.000711 0.011973 0.003666 0.000429 0.000007 0.000007
 0.031809 0.000007 0.000570 0.000007 0.000007 0.944418 0.000007 0.000429 0.000007 0.005355 0.000570 0.000007 0.000007 0.000007 0.000711 0.011973 0.003666 0.000429 0.000007 0.000007
 0.031809 0.000007 0.000570 0.000007 0.000007 0.035327 0.000007 0.000429 0.000007 0.914445 0.000570 0.000007 0.000007 0.000007 0.000711 0.011973 0.003666 0.000429 0.000007 0.000007
 0.031809 0.000007 0.000570 0.000007 0.000007 0.944418 0.000007 0.000429 0.000007 0.005355 0.000570 0.000007 0.000007 0.000007 0.000711 0.011973 0.003666 0.000429 0.000007 0.000007
 0.031809 0.000007 0.000570 0.000007 0.000007 0.944418 0.000007 0.000429 0.000007 0.005355 0.000570 0.000007 0.000007 0.000007 0.000711 0.011973 0.003666 0.000429 0.000007 0.000007

********************************************************************************
Stopped because the next motif had no positive sites with scores > 0.
********************************************************************************
COMMAND:	streme --protein --p ./Data/v1_cluster_windows_15mers/cluster_10035.fasta --minw 3 --maxw 15 --thresh 0.05 --oc ./Results/v1_Top500_Run_20250504_162200/streme_out_cluster_10035
********************************************************************************
CPU:		Hirokis-MacBook-Air.local
********************************************************************************
FINALTIME:	0.10 seconds
********************************************************************************
