********************************************************************************
STREME - Sensitive, Thorough, Rapid, Enriched Motif Elicitation
********************************************************************************
MEME version 5.5.7 (Release date: Wed Jun 19 13:59:04 2024 -0700)

For further information on how to interpret these results please access https://meme-suite.org/meme.
To get a copy of the MEME Suite software please access https://meme-suite.org.

********************************************************************************


********************************************************************************
REFERENCE
********************************************************************************
If you use this program in your research, please cite:

Timothy L. Bailey,
"STREME: accurate and versatile sequence motif discovery",
Bioinformatics, Mar. 24, 2021.
********************************************************************************


ALPHABET= ACDEFGHIKLMNPQRSTVWY

strands: +

Background letter frequencies
A 0.00171 C 8.12e-05 D 0.00658 E 0.00333 F 0.00333 G 0.065 H 8.12e-05 I 0.0699 K 8.12e-05 L 0.127 M 8.12e-05 N 0.0861 P 0.0666 Q 0.0634 R 0.00333 S 0.372 T 0.00171 V 0.0666 W 8.12e-05 Y 0.0634 

MOTIF 1-VSQIS STREME-1
letter-probability matrix: alength= 20 w= 5 nsites= 41 S= 2.4e-024
 0.000004 0.000000 0.000014 0.000007 0.014722 0.000138 0.000000 0.000148 0.000000 0.000269 0.000000 0.000183 0.000141 0.000135 0.000007 0.000789 0.000004 0.983304 0.000000 0.000135
 0.000004 0.000000 0.000014 0.000007 0.000007 0.000138 0.000000 0.000148 0.000000 0.000269 0.000000 0.000183 0.000141 0.000135 0.000007 0.998666 0.000004 0.000141 0.000000 0.000135
 0.000004 0.000000 0.044421 0.000007 0.000007 0.000138 0.000000 0.000148 0.000000 0.000269 0.000000 0.000183 0.000141 0.953605 0.000007 0.000789 0.000004 0.000141 0.000000 0.000135
 0.000004 0.000000 0.000014 0.000007 0.000007 0.000138 0.000000 0.983311 0.000000 0.000269 0.000000 0.014897 0.000141 0.000135 0.000007 0.000789 0.000004 0.000141 0.000000 0.000135
 0.000004 0.000000 0.000014 0.000007 0.000007 0.000138 0.000000 0.000148 0.000000 0.000269 0.000000 0.000183 0.000141 0.000135 0.000007 0.998666 0.000004 0.000141 0.000000 0.000135

MOTIF 2-YSNPGLS STREME-2
letter-probability matrix: alength= 20 w= 7 nsites= 40 S= 9.9e-023
 0.000155 0.000007 0.000598 0.000303 0.000303 0.005911 0.000007 0.006354 0.000007 0.011519 0.000007 0.007829 0.006058 0.005763 0.000303 0.033801 0.000155 0.006058 0.000007 0.914854
 0.000155 0.000007 0.000598 0.000303 0.000303 0.005911 0.000007 0.006354 0.000007 0.011519 0.000007 0.007829 0.006058 0.005763 0.000303 0.942892 0.000155 0.006058 0.000007 0.005763
 0.000155 0.000007 0.000598 0.000303 0.000303 0.005911 0.000007 0.006354 0.000007 0.011519 0.000007 0.916920 0.006058 0.005763 0.000303 0.033801 0.000155 0.006058 0.000007 0.005763
 0.000155 0.000007 0.000598 0.000303 0.000303 0.005911 0.000007 0.006354 0.000007 0.011519 0.000007 0.007829 0.915149 0.005763 0.000303 0.033801 0.000155 0.006058 0.000007 0.005763
 0.000155 0.000007 0.000598 0.000303 0.000303 0.915002 0.000007 0.006354 0.000007 0.011519 0.000007 0.007829 0.006058 0.005763 0.000303 0.033801 0.000155 0.006058 0.000007 0.005763
 0.000155 0.000007 0.000598 0.000303 0.000303 0.005911 0.000007 0.006354 0.000007 0.920609 0.000007 0.007829 0.006058 0.005763 0.000303 0.033801 0.000155 0.006058 0.000007 0.005763
 0.000155 0.000007 0.000598 0.000303 0.000303 0.005911 0.000007 0.006354 0.000007 0.011519 0.000007 0.007829 0.006058 0.005763 0.000303 0.942892 0.000155 0.006058 0.000007 0.005763

MOTIF 3-SNL STREME-3
letter-probability matrix: alength= 20 w= 3 nsites= 38 S= 1.4e-013
 0.000007 0.000000 0.000029 0.000015 0.000015 0.051785 0.000000 0.000305 0.000000 0.000554 0.000000 0.154039 0.000291 0.000277 0.000015 0.792091 0.000007 0.000291 0.000000 0.000277
 0.000007 0.000000 0.000029 0.000015 0.000015 0.000284 0.000000 0.000305 0.000000 0.000554 0.000000 0.934875 0.000291 0.000277 0.061146 0.001625 0.000007 0.000291 0.000000 0.000277
 0.000007 0.000000 0.000029 0.000015 0.000015 0.000284 0.000000 0.000305 0.000000 0.996183 0.000000 0.000376 0.000291 0.000277 0.000015 0.001625 0.000007 0.000291 0.000000 0.000277

MOTIF 4-VSI STREME-4
letter-probability matrix: alength= 20 w= 3 nsites= 1 S= 7.5e-001
 0.000155 0.000007 0.000598 0.000303 0.000303 0.005911 0.000007 0.006354 0.000007 0.011519 0.000007 0.007829 0.006058 0.005763 0.000303 0.033801 0.000155 0.915149 0.000007 0.005763
 0.000155 0.000007 0.000598 0.000303 0.000303 0.005911 0.000007 0.006354 0.000007 0.011519 0.000007 0.007829 0.006058 0.005763 0.000303 0.942892 0.000155 0.006058 0.000007 0.005763
 0.000155 0.000007 0.000598 0.000303 0.000303 0.005911 0.000007 0.915445 0.000007 0.011519 0.000007 0.007829 0.006058 0.005763 0.000303 0.033801 0.000155 0.006058 0.000007 0.005763

MOTIF 5-SNS STREME-5
letter-probability matrix: alength= 20 w= 3 nsites= 2 S= 9.9e-001
 0.000155 0.000007 0.000598 0.000303 0.000303 0.005911 0.000007 0.006354 0.000007 0.011519 0.000007 0.007829 0.006058 0.005763 0.000303 0.942892 0.000155 0.006058 0.000007 0.005763
 0.000155 0.000007 0.000598 0.000303 0.000303 0.005911 0.000007 0.006354 0.000007 0.011519 0.000007 0.916920 0.006058 0.005763 0.000303 0.033801 0.000155 0.006058 0.000007 0.005763
 0.000155 0.000007 0.000598 0.000303 0.000303 0.005911 0.000007 0.006354 0.000007 0.011519 0.000007 0.007829 0.006058 0.005763 0.000303 0.942892 0.000155 0.006058 0.000007 0.005763

********************************************************************************
Stopped because maximum number of motifs (5) reached.
********************************************************************************
COMMAND:	streme --protein --p ./Data/v1_cluster_windows_15mers/cluster_56.fasta --minw 3 --maxw 15 --thresh 0.05 --oc ./Results/v1_Top500_Run_20250504_162200/streme_out_cluster_56
********************************************************************************
CPU:		Hirokis-MacBook-Air.local
********************************************************************************
FINALTIME:	0.18 seconds
********************************************************************************
