********************************************************************************
STREME - Sensitive, Thorough, Rapid, Enriched Motif Elicitation
********************************************************************************
MEME version 5.5.7 (Release date: Wed Jun 19 13:59:04 2024 -0700)

For further information on how to interpret these results please access https://meme-suite.org/meme.
To get a copy of the MEME Suite software please access https://meme-suite.org.

********************************************************************************


********************************************************************************
REFERENCE
********************************************************************************
If you use this program in your research, please cite:

Timothy L. Bailey,
"STREME: accurate and versatile sequence motif discovery",
Bioinformatics, Mar. 24, 2021.
********************************************************************************


ALPHABET= ACDEFGHIKLMNPQRSTVWY

strands: +

Background letter frequencies
A 0.0861 C 5.12e-05 D 5.12e-05 E 5.12e-05 F 5.12e-05 G 0.00415 H 5.12e-05 I 0.00415 K 5.12e-05 L 0.0667 M 5.12e-05 N 0.00415 P 5.12e-05 Q 0.00108 R 0.129 S 0.506 T 0.0421 V 0.156 W 5.12e-05 Y 5.12e-05 

MOTIF 1-SVSRLSSSSATSRVS STREME-1
letter-probability matrix: alength= 20 w= 15 nsites= 65 E= 1.1e-003
 0.007829 0.000005 0.000005 0.000005 0.000005 0.000377 0.000005 0.000377 0.000005 0.006059 0.000005 0.000377 0.000005 0.000098 0.011737 0.955111 0.003824 0.014164 0.000005 0.000005
 0.007829 0.000005 0.000005 0.000005 0.000005 0.000377 0.000005 0.000377 0.000005 0.006059 0.000005 0.000377 0.000005 0.000098 0.011737 0.046020 0.003824 0.923255 0.000005 0.000005
 0.007829 0.000005 0.000005 0.000005 0.000005 0.000377 0.000005 0.000377 0.000005 0.006059 0.000005 0.000377 0.000005 0.000098 0.011737 0.955111 0.003824 0.014164 0.000005 0.000005
 0.007829 0.000005 0.000005 0.000005 0.000005 0.000377 0.000005 0.000377 0.000005 0.006059 0.000005 0.000377 0.000005 0.000098 0.920828 0.046020 0.003824 0.014164 0.000005 0.000005
 0.007829 0.000005 0.000005 0.000005 0.000005 0.000377 0.000005 0.000377 0.000005 0.915150 0.000005 0.000377 0.000005 0.000098 0.011737 0.046020 0.003824 0.014164 0.000005 0.000005
 0.007829 0.000005 0.000005 0.000005 0.000005 0.000377 0.000005 0.000377 0.000005 0.006059 0.000005 0.000377 0.000005 0.000098 0.011737 0.955111 0.003824 0.014164 0.000005 0.000005
 0.007829 0.000005 0.000005 0.000005 0.000005 0.000377 0.000005 0.000377 0.000005 0.006059 0.000005 0.000377 0.000005 0.000098 0.011737 0.955111 0.003824 0.014164 0.000005 0.000005
 0.007829 0.000005 0.000005 0.000005 0.000005 0.000377 0.000005 0.000377 0.000005 0.006059 0.000005 0.000377 0.000005 0.000098 0.011737 0.955111 0.003824 0.014164 0.000005 0.000005
 0.007829 0.000005 0.000005 0.000005 0.000005 0.000377 0.000005 0.000377 0.000005 0.006059 0.000005 0.000377 0.000005 0.000098 0.011737 0.955111 0.003824 0.014164 0.000005 0.000005
 0.916920 0.000005 0.000005 0.000005 0.000005 0.000377 0.000005 0.000377 0.000005 0.006059 0.000005 0.000377 0.000005 0.000098 0.011737 0.046020 0.003824 0.014164 0.000005 0.000005
 0.007829 0.000005 0.000005 0.000005 0.000005 0.000377 0.000005 0.000377 0.000005 0.006059 0.000005 0.000377 0.000005 0.000098 0.011737 0.046020 0.912915 0.014164 0.000005 0.000005
 0.007829 0.000005 0.000005 0.000005 0.000005 0.000377 0.000005 0.000377 0.000005 0.006059 0.000005 0.000377 0.000005 0.000098 0.011737 0.955111 0.003824 0.014164 0.000005 0.000005
 0.007829 0.000005 0.000005 0.000005 0.000005 0.000377 0.000005 0.000377 0.000005 0.006059 0.000005 0.000377 0.000005 0.000098 0.920828 0.046020 0.003824 0.014164 0.000005 0.000005
 0.007829 0.000005 0.000005 0.000005 0.000005 0.000377 0.000005 0.000377 0.000005 0.006059 0.000005 0.000377 0.000005 0.000098 0.011737 0.046020 0.003824 0.923255 0.000005 0.000005
 0.007829 0.000005 0.000005 0.000005 0.000005 0.000377 0.000005 0.000377 0.000005 0.006059 0.000005 0.000377 0.000005 0.000098 0.011737 0.955111 0.003824 0.014164 0.000005 0.000005

********************************************************************************
Stopped because the next motif had no positive sites with scores > 0.
********************************************************************************
COMMAND:	streme --protein --p ./Data/v1_cluster_windows_15mers/cluster_19515.fasta --minw 3 --maxw 15 --thresh 0.05 --oc ./Results/v1_Top500_Run_20250504_162200/streme_out_cluster_19515
********************************************************************************
CPU:		Hirokis-MacBook-Air.local
********************************************************************************
FINALTIME:	0.13 seconds
********************************************************************************
