********************************************************************************
STREME - Sensitive, Thorough, Rapid, Enriched Motif Elicitation
********************************************************************************
MEME version 5.5.7 (Release date: Wed Jun 19 13:59:04 2024 -0700)

For further information on how to interpret these results please access https://meme-suite.org/meme.
To get a copy of the MEME Suite software please access https://meme-suite.org.

********************************************************************************


********************************************************************************
REFERENCE
********************************************************************************
If you use this program in your research, please cite:

Timothy L. Bailey,
"STREME: accurate and versatile sequence motif discovery",
Bioinformatics, Mar. 24, 2021.
********************************************************************************


ALPHABET= ACDEFGHIKLMNPQRSTVWY

strands: +

Background letter frequencies
A 0.0874 C 7.4e-05 D 0.00303 E 0.0371 F 7.4e-05 G 0.074 H 7.4e-05 I 0.107 K 0.00155 L 0.00303 M 7.4e-05 N 0.00451 P 0.0666 Q 0.0267 R 0.0681 S 0.104 T 0.247 V 0.107 W 7.4e-05 Y 0.0637 

MOTIF 1-STVTETIRTYGPAAI STREME-1
letter-probability matrix: alength= 20 w= 15 nsites= 45 S= 9.6e-027
 0.007941 0.000007 0.000276 0.003369 0.000007 0.006731 0.000007 0.009691 0.000141 0.000276 0.000007 0.000410 0.006058 0.002427 0.006193 0.918509 0.022464 0.009691 0.000007 0.005789
 0.007941 0.000007 0.000276 0.003369 0.000007 0.006731 0.000007 0.009691 0.000141 0.000276 0.000007 0.000410 0.006058 0.002427 0.006193 0.009418 0.931555 0.009691 0.000007 0.005789
 0.007941 0.000007 0.000276 0.003369 0.000007 0.006731 0.000007 0.009691 0.000141 0.000276 0.000007 0.000410 0.006058 0.002427 0.006193 0.009418 0.022464 0.918782 0.000007 0.005789
 0.007941 0.000007 0.000276 0.003369 0.000007 0.006731 0.000007 0.009691 0.000141 0.000276 0.000007 0.000410 0.006058 0.002427 0.006193 0.009418 0.931555 0.009691 0.000007 0.005789
 0.007941 0.000007 0.000276 0.912460 0.000007 0.006731 0.000007 0.009691 0.000141 0.000276 0.000007 0.000410 0.006058 0.002427 0.006193 0.009418 0.022464 0.009691 0.000007 0.005789
 0.007941 0.000007 0.000276 0.003369 0.000007 0.006731 0.000007 0.009691 0.000141 0.000276 0.000007 0.000410 0.006058 0.002427 0.006193 0.009418 0.931555 0.009691 0.000007 0.005789
 0.007941 0.000007 0.000276 0.003369 0.000007 0.006731 0.000007 0.918782 0.000141 0.000276 0.000007 0.000410 0.006058 0.002427 0.006193 0.009418 0.022464 0.009691 0.000007 0.005789
 0.007941 0.000007 0.000276 0.003369 0.000007 0.006731 0.000007 0.009691 0.000141 0.000276 0.000007 0.000410 0.006058 0.002427 0.915284 0.009418 0.022464 0.009691 0.000007 0.005789
 0.007941 0.000007 0.000276 0.003369 0.000007 0.006731 0.000007 0.009691 0.000141 0.000276 0.000007 0.000410 0.006058 0.002427 0.006193 0.009418 0.931555 0.009691 0.000007 0.005789
 0.007941 0.000007 0.000276 0.003369 0.000007 0.006731 0.000007 0.009691 0.000141 0.000276 0.000007 0.000410 0.006058 0.002427 0.006193 0.009418 0.022464 0.009691 0.000007 0.914880
 0.007941 0.000007 0.000276 0.003369 0.000007 0.915822 0.000007 0.009691 0.000141 0.000276 0.000007 0.000410 0.006058 0.002427 0.006193 0.009418 0.022464 0.009691 0.000007 0.005789
 0.007941 0.000007 0.000276 0.003369 0.000007 0.006731 0.000007 0.009691 0.000141 0.000276 0.000007 0.000410 0.915149 0.002427 0.006193 0.009418 0.022464 0.009691 0.000007 0.005789
 0.917032 0.000007 0.000276 0.003369 0.000007 0.006731 0.000007 0.009691 0.000141 0.000276 0.000007 0.000410 0.006058 0.002427 0.006193 0.009418 0.022464 0.009691 0.000007 0.005789
 0.917032 0.000007 0.000276 0.003369 0.000007 0.006731 0.000007 0.009691 0.000141 0.000276 0.000007 0.000410 0.006058 0.002427 0.006193 0.009418 0.022464 0.009691 0.000007 0.005789
 0.007941 0.000007 0.000276 0.003369 0.000007 0.006731 0.000007 0.918782 0.000141 0.000276 0.000007 0.000410 0.006058 0.002427 0.006193 0.009418 0.022464 0.009691 0.000007 0.005789

MOTIF 2-DVL STREME-2
letter-probability matrix: alength= 20 w= 3 nsites= 2 S= 2.5e-001
 0.007941 0.000007 0.909367 0.003369 0.000007 0.006731 0.000007 0.009691 0.000141 0.000276 0.000007 0.000410 0.006058 0.002427 0.006193 0.009418 0.022464 0.009691 0.000007 0.005789
 0.007941 0.000007 0.000276 0.003369 0.000007 0.006731 0.000007 0.009691 0.000141 0.000276 0.000007 0.000410 0.006058 0.002427 0.006193 0.009418 0.022464 0.918782 0.000007 0.005789
 0.007941 0.000007 0.000276 0.003369 0.000007 0.006731 0.000007 0.009691 0.000141 0.909367 0.000007 0.000410 0.006058 0.002427 0.006193 0.009418 0.022464 0.009691 0.000007 0.005789

MOTIF 3-GVV STREME-3
letter-probability matrix: alength= 20 w= 3 nsites= 3 S= 3.1e-001
 0.007941 0.000007 0.000276 0.003369 0.000007 0.915822 0.000007 0.009691 0.000141 0.000276 0.000007 0.000410 0.006058 0.002427 0.006193 0.009418 0.022464 0.009691 0.000007 0.005789
 0.007941 0.000007 0.000276 0.003369 0.000007 0.006731 0.000007 0.009691 0.000141 0.000276 0.000007 0.000410 0.006058 0.002427 0.006193 0.009418 0.022464 0.918782 0.000007 0.005789
 0.007941 0.000007 0.000276 0.003369 0.000007 0.006731 0.000007 0.009691 0.000141 0.000276 0.000007 0.000410 0.006058 0.002427 0.006193 0.009418 0.022464 0.918782 0.000007 0.005789

MOTIF 4-QVV STREME-4
letter-probability matrix: alength= 20 w= 3 nsites= 1 S= 5.0e-001
 0.011013 0.000009 0.000382 0.004673 0.000009 0.009335 0.000009 0.013440 0.000196 0.000382 0.000009 0.000569 0.008402 0.877286 0.008589 0.013062 0.031155 0.013440 0.000009 0.008029
 0.011013 0.000009 0.000382 0.004673 0.000009 0.009335 0.000009 0.013440 0.000196 0.000382 0.000009 0.000569 0.008402 0.003366 0.008589 0.013062 0.031155 0.887360 0.000009 0.008029
 0.011013 0.000009 0.000382 0.004673 0.000009 0.009335 0.000009 0.013440 0.000196 0.000382 0.000009 0.000569 0.008402 0.003366 0.008589 0.013062 0.031155 0.887360 0.000009 0.008029

********************************************************************************
Stopped because the next motif had no positive sites with scores > 0.
********************************************************************************
COMMAND:	streme --protein --p ./Data/v1_cluster_windows_15mers/cluster_4557.fasta --minw 3 --maxw 15 --thresh 0.05 --oc ./Results/v1_Top500_Run_20250504_162200/streme_out_cluster_4557
********************************************************************************
CPU:		Hirokis-MacBook-Air.local
********************************************************************************
FINALTIME:	0.16 seconds
********************************************************************************
