********************************************************************************
STREME - Sensitive, Thorough, Rapid, Enriched Motif Elicitation
********************************************************************************
MEME version 5.5.7 (Release date: Wed Jun 19 13:59:04 2024 -0700)

For further information on how to interpret these results please access https://meme-suite.org/meme.
To get a copy of the MEME Suite software please access https://meme-suite.org.

********************************************************************************


********************************************************************************
REFERENCE
********************************************************************************
If you use this program in your research, please cite:

Timothy L. Bailey,
"STREME: accurate and versatile sequence motif discovery",
Bioinformatics, Mar. 24, 2021.
********************************************************************************


ALPHABET= ACDEFGHIKLMNPQRSTVWY

strands: +

Background letter frequencies
A 0.0718 C 2.85e-05 D 0.000598 E 2.85e-05 F 0.00629 G 0.129 H 2.85e-05 I 0.0183 K 2.85e-05 L 0.112 M 2.85e-05 N 0.129 P 0.0678 Q 0.00117 R 0.0376 S 0.265 T 0.0245 V 0.137 W 2.85e-05 Y 2.85e-05 

MOTIF 1-RLASGGPVNVSSLSN STREME-1
letter-probability matrix: alength= 20 w= 15 nsites= 117 E= 5.7e-006
 0.061761 0.000000 0.000001 0.000000 0.000009 0.000190 0.000000 0.000027 0.000000 0.000165 0.000000 0.340009 0.000100 0.010231 0.433235 0.102821 0.051251 0.000202 0.000000 0.000000
 0.000106 0.000000 0.000001 0.000000 0.061453 0.000190 0.000000 0.195292 0.000000 0.721523 0.000000 0.000191 0.000100 0.000002 0.020513 0.000392 0.000036 0.000202 0.000000 0.000000
 0.608807 0.000000 0.000001 0.000000 0.000009 0.000190 0.000000 0.010256 0.000000 0.020622 0.000000 0.000191 0.000100 0.000002 0.000056 0.031078 0.000036 0.328652 0.000000 0.000000
 0.113475 0.000000 0.000001 0.000000 0.000009 0.020648 0.000000 0.000027 0.000000 0.000165 0.000000 0.000191 0.000100 0.000002 0.000056 0.823962 0.041163 0.000202 0.000000 0.000000
 0.000106 0.000000 0.000001 0.000000 0.000009 0.525710 0.000000 0.000027 0.000000 0.000165 0.000000 0.000191 0.000100 0.000002 0.000056 0.473396 0.000036 0.000202 0.000000 0.000000
 0.000106 0.000000 0.000001 0.000000 0.000009 0.998714 0.000000 0.000027 0.000000 0.000165 0.000000 0.000191 0.000100 0.000002 0.000056 0.000392 0.000036 0.000202 0.000000 0.000000
 0.030863 0.000000 0.000001 0.000000 0.000009 0.000190 0.000000 0.000027 0.000000 0.000165 0.000000 0.000191 0.967868 0.000002 0.000056 0.000392 0.000036 0.000202 0.000000 0.000000
 0.000106 0.000000 0.000001 0.000000 0.000009 0.000190 0.000000 0.000027 0.000000 0.000165 0.000000 0.000191 0.000100 0.000002 0.000056 0.000392 0.000036 0.998726 0.000000 0.000000
 0.000106 0.000000 0.000001 0.000000 0.000009 0.000190 0.000000 0.000027 0.000000 0.000165 0.000000 0.916814 0.000100 0.000002 0.000056 0.082293 0.000036 0.000202 0.000000 0.000000
 0.195442 0.000000 0.000001 0.000000 0.000009 0.000190 0.000000 0.030784 0.000000 0.000165 0.000000 0.000191 0.010329 0.000002 0.000056 0.031148 0.020494 0.711190 0.000000 0.000000
 0.113330 0.000000 0.000001 0.000000 0.000009 0.401663 0.000000 0.000027 0.000000 0.000165 0.000000 0.010420 0.010329 0.000002 0.000056 0.463762 0.000036 0.000202 0.000000 0.000000
 0.000106 0.000000 0.000001 0.000000 0.000009 0.000190 0.000000 0.000027 0.000000 0.000165 0.000000 0.164418 0.000100 0.000002 0.062501 0.525619 0.246661 0.000202 0.000000 0.000000
 0.000106 0.000000 0.000001 0.000000 0.000009 0.000190 0.000000 0.000027 0.000000 0.998689 0.000000 0.000191 0.000100 0.000002 0.000056 0.000392 0.000036 0.000202 0.000000 0.000000
 0.000106 0.000000 0.000001 0.000000 0.000009 0.000190 0.000000 0.000027 0.000000 0.000165 0.000000 0.000191 0.010329 0.000002 0.000056 0.968159 0.020564 0.000202 0.000000 0.000000
 0.000106 0.000000 0.010230 0.000000 0.000009 0.010419 0.000000 0.000027 0.000000 0.000165 0.000000 0.535719 0.000100 0.000002 0.000056 0.432701 0.010265 0.000202 0.000000 0.000000

MOTIF 2-SRIV STREME-2
letter-probability matrix: alength= 20 w= 4 nsites= 6 E= 2.0e+000
 0.006526 0.000003 0.000054 0.000003 0.000572 0.011701 0.000003 0.001659 0.000003 0.010146 0.000003 0.011756 0.006164 0.000106 0.003419 0.933220 0.002229 0.012428 0.000003 0.000003
 0.006526 0.000003 0.000054 0.000003 0.000572 0.011701 0.000003 0.001659 0.000003 0.010146 0.000003 0.011756 0.006164 0.000106 0.912510 0.024129 0.002229 0.012428 0.000003 0.000003
 0.006526 0.000003 0.000054 0.000003 0.000572 0.011701 0.000003 0.910750 0.000003 0.010146 0.000003 0.011756 0.006164 0.000106 0.003419 0.024129 0.002229 0.012428 0.000003 0.000003
 0.006526 0.000003 0.000054 0.000003 0.000572 0.011701 0.000003 0.001659 0.000003 0.010146 0.000003 0.011756 0.006164 0.000106 0.003419 0.024129 0.002229 0.921519 0.000003 0.000003

MOTIF 3-SRLG STREME-3
letter-probability matrix: alength= 20 w= 4 nsites= 1 E= 4.0e+000
 0.009051 0.000004 0.000075 0.000004 0.000793 0.016228 0.000004 0.002301 0.000004 0.014072 0.000004 0.016303 0.008549 0.000147 0.004742 0.907384 0.003092 0.017237 0.000004 0.000004
 0.009051 0.000004 0.000075 0.000004 0.000793 0.016228 0.000004 0.002301 0.000004 0.014072 0.000004 0.016303 0.008549 0.000147 0.878662 0.033464 0.003092 0.017237 0.000004 0.000004
 0.009051 0.000004 0.000075 0.000004 0.000793 0.016228 0.000004 0.002301 0.000004 0.887992 0.000004 0.016303 0.008549 0.000147 0.004742 0.033464 0.003092 0.017237 0.000004 0.000004
 0.009051 0.000004 0.000075 0.000004 0.000793 0.890148 0.000004 0.002301 0.000004 0.014072 0.000004 0.016303 0.008549 0.000147 0.004742 0.033464 0.003092 0.017237 0.000004 0.000004

MOTIF 4-PVA STREME-4
letter-probability matrix: alength= 20 w= 3 nsites= 1 E= 4.0e+000
 0.006526 0.000003 0.000054 0.000003 0.000572 0.011701 0.000003 0.001659 0.000003 0.010146 0.000003 0.011756 0.915255 0.000106 0.003419 0.024129 0.002229 0.012428 0.000003 0.000003
 0.006526 0.000003 0.000054 0.000003 0.000572 0.011701 0.000003 0.001659 0.000003 0.010146 0.000003 0.011756 0.006164 0.000106 0.003419 0.024129 0.002229 0.921519 0.000003 0.000003
 0.915617 0.000003 0.000054 0.000003 0.000572 0.011701 0.000003 0.001659 0.000003 0.010146 0.000003 0.011756 0.006164 0.000106 0.003419 0.024129 0.002229 0.012428 0.000003 0.000003

********************************************************************************
Stopped because 3 consecutive motifs exceeded the p-value threshold (0.05).
********************************************************************************
COMMAND:	streme --protein --p ./Data/v1_cluster_windows_15mers/cluster_6525.fasta --minw 3 --maxw 15 --thresh 0.05 --oc ./Results/v1_Top500_Run_20250504_162200/streme_out_cluster_6525
********************************************************************************
CPU:		Hirokis-MacBook-Air.local
********************************************************************************
FINALTIME:	0.24 seconds
********************************************************************************
