********************************************************************************
STREME - Sensitive, Thorough, Rapid, Enriched Motif Elicitation
********************************************************************************
MEME version 5.5.7 (Release date: Wed Jun 19 13:59:04 2024 -0700)

For further information on how to interpret these results please access https://meme-suite.org/meme.
To get a copy of the MEME Suite software please access https://meme-suite.org.

********************************************************************************


********************************************************************************
REFERENCE
********************************************************************************
If you use this program in your research, please cite:

Timothy L. Bailey,
"STREME: accurate and versatile sequence motif discovery",
Bioinformatics, Mar. 24, 2021.
********************************************************************************


ALPHABET= ACDEFGHIKLMNPQRSTVWY

strands: +

Background letter frequencies
A 0.136 C 6.93e-05 D 0.0694 E 0.0139 F 0.00423 G 0.404 H 6.93e-05 I 0.00839 K 0.00146 L 0.0236 M 6.93e-05 N 0.00423 P 6.93e-05 Q 0.103 R 0.0347 S 0.0472 T 0.0195 V 0.032 W 6.93e-05 Y 0.0985 

MOTIF 1-GQGGYDQG STREME-1
letter-probability matrix: alength= 20 w= 8 nsites= 48 S= 1.6e-028
 0.021866 0.000000 0.043766 0.000043 0.000013 0.783044 0.000000 0.000026 0.000005 0.021518 0.000000 0.000013 0.000000 0.021763 0.042997 0.000146 0.042950 0.000099 0.000000 0.021750
 0.151528 0.000000 0.000215 0.000043 0.021458 0.087029 0.000000 0.000026 0.000005 0.085853 0.000000 0.000013 0.000000 0.260981 0.219687 0.043036 0.086833 0.021544 0.000000 0.021750
 0.043311 0.000000 0.000215 0.064705 0.000013 0.653389 0.000000 0.000026 0.000005 0.042963 0.000000 0.000013 0.000000 0.021763 0.130097 0.021591 0.000060 0.021544 0.000000 0.000305
 0.000421 0.000000 0.000215 0.000043 0.000013 0.933820 0.000000 0.000026 0.000005 0.000073 0.000000 0.000013 0.000000 0.000318 0.000107 0.043036 0.000060 0.021544 0.000000 0.000305
 0.000421 0.000000 0.000215 0.000043 0.000013 0.001249 0.000000 0.000026 0.000005 0.021518 0.000000 0.000013 0.000000 0.000318 0.000107 0.000146 0.000060 0.000099 0.000000 0.975766
 0.000421 0.000000 0.953569 0.000043 0.000013 0.044801 0.000000 0.000026 0.000005 0.000073 0.000000 0.000013 0.000000 0.000318 0.000107 0.000146 0.000060 0.000099 0.000000 0.000305
 0.000421 0.000000 0.000215 0.043260 0.000013 0.001249 0.000000 0.000026 0.000005 0.000073 0.000000 0.000013 0.000000 0.932562 0.021552 0.000146 0.000060 0.000099 0.000000 0.000305
 0.021866 0.000000 0.000215 0.000043 0.000013 0.955265 0.000000 0.000026 0.000005 0.000073 0.000000 0.000013 0.000000 0.000318 0.021552 0.000146 0.000060 0.000099 0.000000 0.000305

MOTIF 2-AGAGA STREME-2
letter-probability matrix: alength= 20 w= 5 nsites= 5 S= 2.8e-002
 0.921454 0.000006 0.006311 0.001267 0.000385 0.036699 0.000006 0.000763 0.000132 0.002150 0.000006 0.000385 0.000006 0.009336 0.003158 0.004293 0.001772 0.002906 0.000006 0.008958
 0.012363 0.000006 0.006311 0.001267 0.000385 0.945790 0.000006 0.000763 0.000132 0.002150 0.000006 0.000385 0.000006 0.009336 0.003158 0.004293 0.001772 0.002906 0.000006 0.008958
 0.921454 0.000006 0.006311 0.001267 0.000385 0.036699 0.000006 0.000763 0.000132 0.002150 0.000006 0.000385 0.000006 0.009336 0.003158 0.004293 0.001772 0.002906 0.000006 0.008958
 0.012363 0.000006 0.006311 0.001267 0.000385 0.945790 0.000006 0.000763 0.000132 0.002150 0.000006 0.000385 0.000006 0.009336 0.003158 0.004293 0.001772 0.002906 0.000006 0.008958
 0.921454 0.000006 0.006311 0.001267 0.000385 0.036699 0.000006 0.000763 0.000132 0.002150 0.000006 0.000385 0.000006 0.009336 0.003158 0.004293 0.001772 0.002906 0.000006 0.008958

MOTIF 3-SAS STREME-3
letter-probability matrix: alength= 20 w= 3 nsites= 6 S= 5.6e-002
 0.003780 0.000002 0.001929 0.000387 0.000118 0.011220 0.000002 0.000233 0.000040 0.000657 0.000002 0.000118 0.000002 0.002854 0.000966 0.973518 0.000542 0.000889 0.000002 0.002739
 0.590671 0.000002 0.001929 0.000387 0.000118 0.203878 0.000002 0.000233 0.000040 0.000657 0.000002 0.000118 0.000002 0.002854 0.000966 0.193970 0.000542 0.000889 0.000002 0.002739
 0.003780 0.000002 0.001929 0.000387 0.000118 0.011220 0.000002 0.000233 0.000040 0.000657 0.000002 0.000118 0.000002 0.002854 0.000966 0.973518 0.000542 0.000889 0.000002 0.002739

MOTIF 4-GQGGY STREME-4
letter-probability matrix: alength= 20 w= 5 nsites= 3 S= 1.2e-001
 0.012363 0.000006 0.006311 0.001267 0.000385 0.945790 0.000006 0.000763 0.000132 0.002150 0.000006 0.000385 0.000006 0.009336 0.003158 0.004293 0.001772 0.002906 0.000006 0.008958
 0.012363 0.000006 0.006311 0.001267 0.000385 0.036699 0.000006 0.000763 0.000132 0.002150 0.000006 0.000385 0.000006 0.918427 0.003158 0.004293 0.001772 0.002906 0.000006 0.008958
 0.012363 0.000006 0.006311 0.001267 0.000385 0.945790 0.000006 0.000763 0.000132 0.002150 0.000006 0.000385 0.000006 0.009336 0.003158 0.004293 0.001772 0.002906 0.000006 0.008958
 0.012363 0.000006 0.006311 0.001267 0.000385 0.945790 0.000006 0.000763 0.000132 0.002150 0.000006 0.000385 0.000006 0.009336 0.003158 0.004293 0.001772 0.002906 0.000006 0.008958
 0.012363 0.000006 0.006311 0.001267 0.000385 0.036699 0.000006 0.000763 0.000132 0.002150 0.000006 0.000385 0.000006 0.009336 0.003158 0.004293 0.001772 0.002906 0.000006 0.918049

MOTIF 5-IGAGV STREME-5
letter-probability matrix: alength= 20 w= 5 nsites= 3 S= 1.2e-001
 0.012363 0.000006 0.006311 0.001267 0.000385 0.036699 0.000006 0.909854 0.000132 0.002150 0.000006 0.000385 0.000006 0.009336 0.003158 0.004293 0.001772 0.002906 0.000006 0.008958
 0.012363 0.000006 0.006311 0.001267 0.000385 0.945790 0.000006 0.000763 0.000132 0.002150 0.000006 0.000385 0.000006 0.009336 0.003158 0.004293 0.001772 0.002906 0.000006 0.008958
 0.921454 0.000006 0.006311 0.001267 0.000385 0.036699 0.000006 0.000763 0.000132 0.002150 0.000006 0.000385 0.000006 0.009336 0.003158 0.004293 0.001772 0.002906 0.000006 0.008958
 0.012363 0.000006 0.006311 0.001267 0.000385 0.945790 0.000006 0.000763 0.000132 0.002150 0.000006 0.000385 0.000006 0.009336 0.003158 0.004293 0.001772 0.002906 0.000006 0.008958
 0.012363 0.000006 0.006311 0.001267 0.000385 0.036699 0.000006 0.000763 0.000132 0.002150 0.000006 0.000385 0.000006 0.009336 0.003158 0.004293 0.001772 0.911997 0.000006 0.008958

********************************************************************************
Stopped because maximum number of motifs (5) reached.
********************************************************************************
COMMAND:	streme --protein --p ./Data/v1_cluster_windows_15mers/cluster_5462.fasta --minw 3 --maxw 15 --thresh 0.05 --oc ./Results/v1_Top500_Run_20250504_162200/streme_out_cluster_5462
********************************************************************************
CPU:		Hirokis-MacBook-Air.local
********************************************************************************
FINALTIME:	0.16 seconds
********************************************************************************
