********************************************************************************
STREME - Sensitive, Thorough, Rapid, Enriched Motif Elicitation
********************************************************************************
MEME version 5.5.7 (Release date: Wed Jun 19 13:59:04 2024 -0700)

For further information on how to interpret these results please access https://meme-suite.org/meme.
To get a copy of the MEME Suite software please access https://meme-suite.org.

********************************************************************************


********************************************************************************
REFERENCE
********************************************************************************
If you use this program in your research, please cite:

Timothy L. Bailey,
"STREME: accurate and versatile sequence motif discovery",
Bioinformatics, Mar. 24, 2021.
********************************************************************************


ALPHABET= ACDEFGHIKLMNPQRSTVWY

strands: +

Background letter frequencies
A 0.201 C 3.7e-05 D 0.00226 E 0.00448 F 0.00152 G 0.207 H 3.7e-05 I 0.00226 K 0.000777 L 0.00522 M 3.7e-05 N 3.7e-05 P 0.0185 Q 0.132 R 3.7e-05 S 0.351 T 0.0681 V 0.00596 W 3.7e-05 Y 3.7e-05 

MOTIF 1-GQQAGSSGSSAATAS STREME-1
letter-probability matrix: alength= 20 w= 15 nsites= 90 E= 4.1e-005
 0.012422 0.000000 0.000004 0.012080 0.000003 0.926186 0.000000 0.000004 0.000001 0.012081 0.000000 0.000000 0.012105 0.012302 0.000000 0.000611 0.000119 0.012083 0.000000 0.000000
 0.000349 0.000000 0.000004 0.012080 0.000003 0.024506 0.000000 0.024257 0.012074 0.000009 0.000000 0.000000 0.024177 0.901802 0.000000 0.000611 0.000119 0.000010 0.000000 0.000000
 0.000349 0.000000 0.000004 0.012080 0.000003 0.000361 0.000000 0.000004 0.000001 0.000009 0.000000 0.000000 0.000032 0.986416 0.000000 0.000611 0.000119 0.000010 0.000000 0.000000
 0.646435 0.000000 0.000004 0.000008 0.000003 0.182540 0.000000 0.000004 0.000001 0.000009 0.000000 0.000000 0.036577 0.000230 0.000000 0.024756 0.097352 0.012083 0.000000 0.000000
 0.000349 0.000000 0.036329 0.000008 0.000003 0.962294 0.000000 0.000004 0.000001 0.000009 0.000000 0.000000 0.000032 0.000230 0.000000 0.000611 0.000119 0.000010 0.000000 0.000000
 0.000349 0.000000 0.000004 0.000008 0.024147 0.000361 0.000000 0.000004 0.000001 0.000009 0.000000 0.000000 0.170026 0.049178 0.000000 0.731638 0.024263 0.000010 0.000000 0.000000
 0.000349 0.000000 0.000004 0.000008 0.000003 0.000361 0.000000 0.000004 0.000001 0.000009 0.000000 0.000000 0.000032 0.000230 0.000000 0.998869 0.000119 0.000010 0.000000 0.000000
 0.000349 0.000000 0.000004 0.000008 0.000003 0.998619 0.000000 0.000004 0.000001 0.000009 0.000000 0.000000 0.000032 0.000230 0.000000 0.000611 0.000119 0.000010 0.000000 0.000000
 0.000349 0.000000 0.000004 0.000008 0.000003 0.000361 0.000000 0.000004 0.000001 0.000009 0.000000 0.000000 0.000032 0.000230 0.000000 0.998869 0.000119 0.000010 0.000000 0.000000
 0.000349 0.000000 0.000004 0.000008 0.000003 0.000361 0.000000 0.000004 0.000001 0.000009 0.000000 0.000000 0.012105 0.000230 0.000000 0.986797 0.000119 0.000010 0.000000 0.000000
 0.610109 0.000000 0.000004 0.000008 0.000003 0.000361 0.000000 0.000004 0.000001 0.000009 0.000000 0.000000 0.000032 0.000230 0.000000 0.340603 0.048625 0.000010 0.000000 0.000000
 0.695379 0.000000 0.000004 0.012080 0.000003 0.000361 0.000000 0.000004 0.000001 0.012081 0.000000 0.000000 0.000032 0.000230 0.000000 0.085776 0.169894 0.024155 0.000000 0.000000
 0.279980 0.000000 0.000004 0.000008 0.000003 0.000361 0.000000 0.012076 0.000001 0.000009 0.000000 0.000000 0.000032 0.000230 0.000000 0.121661 0.573551 0.012083 0.000000 0.000000
 0.792944 0.000000 0.000004 0.024152 0.000003 0.000361 0.000000 0.000004 0.000001 0.036553 0.000000 0.000000 0.000032 0.000230 0.000000 0.048900 0.084733 0.012083 0.000000 0.000000
 0.085514 0.000000 0.000004 0.000008 0.000003 0.000361 0.000000 0.000004 0.000001 0.000009 0.000000 0.000000 0.000032 0.000230 0.000000 0.913705 0.000119 0.000010 0.000000 0.000000

MOTIF 2-ASSS STREME-2
letter-probability matrix: alength= 20 w= 4 nsites= 2 E= 2.0e+000
 0.927327 0.000003 0.000205 0.000407 0.000138 0.018846 0.000003 0.000205 0.000071 0.000474 0.000003 0.000003 0.001685 0.011982 0.000003 0.031900 0.006194 0.000542 0.000003 0.000003
 0.018236 0.000003 0.000205 0.000407 0.000138 0.018846 0.000003 0.000205 0.000071 0.000474 0.000003 0.000003 0.001685 0.011982 0.000003 0.940991 0.006194 0.000542 0.000003 0.000003
 0.018236 0.000003 0.000205 0.000407 0.000138 0.018846 0.000003 0.000205 0.000071 0.000474 0.000003 0.000003 0.001685 0.011982 0.000003 0.940991 0.006194 0.000542 0.000003 0.000003
 0.018236 0.000003 0.000205 0.000407 0.000138 0.018846 0.000003 0.000205 0.000071 0.000474 0.000003 0.000003 0.001685 0.011982 0.000003 0.940991 0.006194 0.000542 0.000003 0.000003

********************************************************************************
Stopped because the next motif had no positive sites with scores > 0.
********************************************************************************
COMMAND:	streme --protein --p ./Data/v1_cluster_windows_15mers/cluster_13002.fasta --minw 3 --maxw 15 --thresh 0.05 --oc ./Results/v1_Top500_Run_20250504_162200/streme_out_cluster_13002
********************************************************************************
CPU:		Hirokis-MacBook-Air.local
********************************************************************************
FINALTIME:	0.17 seconds
********************************************************************************
