********************************************************************************
STREME - Sensitive, Thorough, Rapid, Enriched Motif Elicitation
********************************************************************************
MEME version 5.5.7 (Release date: Wed Jun 19 13:59:04 2024 -0700)

For further information on how to interpret these results please access https://meme-suite.org/meme.
To get a copy of the MEME Suite software please access https://meme-suite.org.

********************************************************************************


********************************************************************************
REFERENCE
********************************************************************************
If you use this program in your research, please cite:

Timothy L. Bailey,
"STREME: accurate and versatile sequence motif discovery",
Bioinformatics, Mar. 24, 2021.
********************************************************************************


ALPHABET= ACDEFGHIKLMNPQRSTVWY

strands: +

Background letter frequencies
A 0.762 C 4.69e-05 D 0.00567 E 0.000985 F 4.69e-05 G 0.0207 H 4.69e-05 I 0.00286 K 4.69e-05 L 0.00755 M 4.69e-05 N 0.00192 P 0.00192 Q 0.0479 R 0.0113 S 0.104 T 0.0122 V 0.0132 W 4.69e-05 Y 0.00755 

MOTIF 1-QAAAAAAAA STREME-1
letter-probability matrix: alength= 20 w= 9 nsites= 36 E= 5.8e-002
 0.004455 0.000000 0.000033 0.000006 0.000000 0.000121 0.000000 0.000017 0.000000 0.000044 0.000000 0.000011 0.000011 0.994432 0.000066 0.000609 0.000072 0.000077 0.000000 0.000044
 0.998607 0.000000 0.000033 0.000006 0.000000 0.000121 0.000000 0.000017 0.000000 0.000044 0.000000 0.000011 0.000011 0.000280 0.000066 0.000609 0.000072 0.000077 0.000000 0.000044
 0.998607 0.000000 0.000033 0.000006 0.000000 0.000121 0.000000 0.000017 0.000000 0.000044 0.000000 0.000011 0.000011 0.000280 0.000066 0.000609 0.000072 0.000077 0.000000 0.000044
 0.917078 0.000000 0.000033 0.000006 0.000000 0.000121 0.000000 0.000017 0.000000 0.000044 0.000000 0.000011 0.000011 0.000280 0.000066 0.000609 0.081600 0.000077 0.000000 0.000044
 0.998607 0.000000 0.000033 0.000006 0.000000 0.000121 0.000000 0.000017 0.000000 0.000044 0.000000 0.000011 0.000011 0.000280 0.000066 0.000609 0.000072 0.000077 0.000000 0.000044
 0.998607 0.000000 0.000033 0.000006 0.000000 0.000121 0.000000 0.000017 0.000000 0.000044 0.000000 0.000011 0.000011 0.000280 0.000066 0.000609 0.000072 0.000077 0.000000 0.000044
 0.998607 0.000000 0.000033 0.000006 0.000000 0.000121 0.000000 0.000017 0.000000 0.000044 0.000000 0.000011 0.000011 0.000280 0.000066 0.000609 0.000072 0.000077 0.000000 0.000044
 0.998607 0.000000 0.000033 0.000006 0.000000 0.000121 0.000000 0.000017 0.000000 0.000044 0.000000 0.000011 0.000011 0.000280 0.000066 0.000609 0.000072 0.000077 0.000000 0.000044
 0.525335 0.000000 0.000033 0.000006 0.000000 0.000121 0.000000 0.000017 0.000000 0.000044 0.000000 0.000011 0.000011 0.000280 0.000066 0.473881 0.000072 0.000077 0.000000 0.000044

MOTIF 2-AAAAAAAAAS STREME-2
letter-probability matrix: alength= 20 w= 10 nsites= 20 E= 4.0e+000
 0.997858 0.000000 0.000051 0.000009 0.000000 0.000186 0.000000 0.000026 0.000000 0.000068 0.000000 0.000017 0.000017 0.000431 0.000102 0.000937 0.000110 0.000118 0.000000 0.000068
 0.997858 0.000000 0.000051 0.000009 0.000000 0.000186 0.000000 0.000026 0.000000 0.000068 0.000000 0.000017 0.000017 0.000431 0.000102 0.000937 0.000110 0.000118 0.000000 0.000068
 0.997858 0.000000 0.000051 0.000009 0.000000 0.000186 0.000000 0.000026 0.000000 0.000068 0.000000 0.000017 0.000017 0.000431 0.000102 0.000937 0.000110 0.000118 0.000000 0.000068
 0.997858 0.000000 0.000051 0.000009 0.000000 0.000186 0.000000 0.000026 0.000000 0.000068 0.000000 0.000017 0.000017 0.000431 0.000102 0.000937 0.000110 0.000118 0.000000 0.000068
 0.997858 0.000000 0.000051 0.000009 0.000000 0.000186 0.000000 0.000026 0.000000 0.000068 0.000000 0.000017 0.000017 0.000431 0.000102 0.000937 0.000110 0.000118 0.000000 0.000068
 0.997858 0.000000 0.000051 0.000009 0.000000 0.000186 0.000000 0.000026 0.000000 0.000068 0.000000 0.000017 0.000017 0.000431 0.000102 0.000937 0.000110 0.000118 0.000000 0.000068
 0.997858 0.000000 0.000051 0.000009 0.000000 0.000186 0.000000 0.000026 0.000000 0.000068 0.000000 0.000017 0.000017 0.000431 0.000102 0.000937 0.000110 0.000118 0.000000 0.000068
 0.997858 0.000000 0.000051 0.000009 0.000000 0.000186 0.000000 0.000026 0.000000 0.000068 0.000000 0.000017 0.000017 0.000431 0.000102 0.000937 0.000110 0.000118 0.000000 0.000068
 0.555120 0.000000 0.000051 0.000009 0.000000 0.000186 0.000000 0.000026 0.000000 0.253690 0.000000 0.000017 0.000017 0.000431 0.189217 0.000937 0.000110 0.000118 0.000000 0.000068
 0.006849 0.000000 0.000051 0.000009 0.000000 0.000186 0.000000 0.000026 0.000000 0.000068 0.000000 0.000017 0.000017 0.000431 0.000102 0.991946 0.000110 0.000118 0.000000 0.000068

MOTIF 3-AAGS STREME-3
letter-probability matrix: alength= 20 w= 4 nsites= 11 E= 4.0e+000
 0.978343 0.000004 0.000516 0.000090 0.000004 0.001880 0.000004 0.000260 0.000004 0.000687 0.000004 0.000175 0.000175 0.004353 0.001027 0.009472 0.001113 0.001198 0.000004 0.000687
 0.978343 0.000004 0.000516 0.000090 0.000004 0.001880 0.000004 0.000260 0.000004 0.000687 0.000004 0.000175 0.000175 0.004353 0.001027 0.009472 0.001113 0.001198 0.000004 0.000687
 0.069252 0.000004 0.000516 0.000090 0.000004 0.910971 0.000004 0.000260 0.000004 0.000687 0.000004 0.000175 0.000175 0.004353 0.001027 0.009472 0.001113 0.001198 0.000004 0.000687
 0.069252 0.000004 0.000516 0.000090 0.000004 0.001880 0.000004 0.000260 0.000004 0.000687 0.000004 0.000175 0.000175 0.004353 0.001027 0.918563 0.001113 0.001198 0.000004 0.000687

MOTIF 4-YVSAA STREME-4
letter-probability matrix: alength= 20 w= 5 nsites= 8 E= 4.0e+000
 0.069252 0.000004 0.000516 0.000090 0.000004 0.001880 0.000004 0.000260 0.000004 0.000687 0.000004 0.000175 0.000175 0.004353 0.001027 0.009472 0.001113 0.001198 0.000004 0.909777
 0.069252 0.000004 0.000516 0.000090 0.000004 0.001880 0.000004 0.000260 0.000004 0.000687 0.000004 0.000175 0.000175 0.004353 0.001027 0.009472 0.001113 0.910289 0.000004 0.000687
 0.069252 0.000004 0.000516 0.000090 0.000004 0.001880 0.000004 0.000260 0.000004 0.000687 0.000004 0.000175 0.000175 0.004353 0.001027 0.918563 0.001113 0.001198 0.000004 0.000687
 0.978343 0.000004 0.000516 0.000090 0.000004 0.001880 0.000004 0.000260 0.000004 0.000687 0.000004 0.000175 0.000175 0.004353 0.001027 0.009472 0.001113 0.001198 0.000004 0.000687
 0.978343 0.000004 0.000516 0.000090 0.000004 0.001880 0.000004 0.000260 0.000004 0.000687 0.000004 0.000175 0.000175 0.004353 0.001027 0.009472 0.001113 0.001198 0.000004 0.000687

********************************************************************************
Stopped because 3 consecutive motifs exceeded the p-value threshold (0.05).
********************************************************************************
COMMAND:	streme --protein --p ./Data/v1_cluster_windows_15mers/cluster_5504.fasta --minw 3 --maxw 15 --thresh 0.05 --oc ./Results/v1_Top500_Run_20250504_162200/streme_out_cluster_5504
********************************************************************************
CPU:		Hirokis-MacBook-Air.local
********************************************************************************
FINALTIME:	0.17 seconds
********************************************************************************
