********************************************************************************
STREME - Sensitive, Thorough, Rapid, Enriched Motif Elicitation
********************************************************************************
MEME version 5.5.7 (Release date: Wed Jun 19 13:59:04 2024 -0700)

For further information on how to interpret these results please access https://meme-suite.org/meme.
To get a copy of the MEME Suite software please access https://meme-suite.org.

********************************************************************************


********************************************************************************
REFERENCE
********************************************************************************
If you use this program in your research, please cite:

Timothy L. Bailey,
"STREME: accurate and versatile sequence motif discovery",
Bioinformatics, Mar. 24, 2021.
********************************************************************************


ALPHABET= ACDEFGHIKLMNPQRSTVWY

strands: +

Background letter frequencies
A 0.0658 C 0.0217 D 0.0217 E 0.0597 F 0.000908 G 0.0909 H 0.00264 I 0.128 K 0.00264 L 0.045 M 0.00696 N 0.032 P 0.0442 Q 0.0147 R 0.00523 S 0.299 T 0.026 V 0.126 W 4.32e-05 Y 0.0061 

MOTIF 1-PGISS STREME-1
letter-probability matrix: alength= 20 w= 5 nsites= 75 E= 1.4e-002
 0.053581 0.000042 0.000042 0.000115 0.000002 0.026832 0.000005 0.000246 0.000005 0.013415 0.000013 0.000062 0.689343 0.026686 0.000010 0.189296 0.000050 0.000243 0.000000 0.000012
 0.000127 0.000042 0.000042 0.000115 0.000002 0.998252 0.000005 0.000246 0.000005 0.000087 0.000013 0.000062 0.000085 0.000028 0.000010 0.000576 0.000050 0.000243 0.000000 0.000012
 0.000127 0.000042 0.000042 0.000115 0.000002 0.000175 0.000005 0.998323 0.000005 0.000087 0.000013 0.000062 0.000085 0.000028 0.000010 0.000576 0.000050 0.000243 0.000000 0.000012
 0.000127 0.000042 0.000042 0.000115 0.000002 0.000175 0.000005 0.000246 0.000005 0.000087 0.000013 0.040468 0.000085 0.000028 0.000010 0.944918 0.013379 0.000243 0.000000 0.000012
 0.000127 0.000042 0.067531 0.066898 0.000002 0.137668 0.000005 0.000246 0.013334 0.000087 0.013342 0.053797 0.000085 0.040154 0.000010 0.606369 0.000050 0.000243 0.000000 0.000012

MOTIF 2-SEVLV STREME-2
letter-probability matrix: alength= 20 w= 5 nsites= 69 E= 1.4e-002
 0.000146 0.310045 0.046289 0.000132 0.000002 0.046442 0.000006 0.000284 0.000006 0.000100 0.000015 0.140785 0.000098 0.000033 0.000012 0.424373 0.030938 0.000280 0.000000 0.000014
 0.000146 0.000048 0.153971 0.828633 0.000002 0.000201 0.000006 0.000284 0.000006 0.000100 0.000015 0.000071 0.000098 0.015393 0.000012 0.000663 0.000058 0.000280 0.000000 0.000014
 0.280066 0.000048 0.000048 0.000132 0.000002 0.000201 0.000006 0.092765 0.000006 0.015460 0.000015 0.000071 0.000098 0.000033 0.000012 0.000663 0.046298 0.564061 0.000000 0.000014
 0.030866 0.000048 0.000048 0.000132 0.000002 0.000201 0.000006 0.108126 0.000006 0.627303 0.092497 0.000071 0.000098 0.030913 0.000012 0.000663 0.015418 0.093576 0.000000 0.000014
 0.000146 0.000048 0.000048 0.000132 0.000002 0.000201 0.000006 0.409488 0.000006 0.000100 0.015376 0.015431 0.000098 0.000033 0.000012 0.000663 0.015418 0.542779 0.000000 0.000014

MOTIF 3-VSASS STREME-3
letter-probability matrix: alength= 20 w= 5 nsites= 25 E= 8.7e-002
 0.000934 0.000308 0.000308 0.000848 0.000013 0.001290 0.000037 0.001818 0.000037 0.000639 0.000099 0.000455 0.000627 0.000209 0.000074 0.004249 0.000369 0.987599 0.000001 0.000087
 0.000934 0.000308 0.000308 0.099231 0.000013 0.001290 0.000037 0.001818 0.000037 0.000639 0.000099 0.000455 0.000627 0.000209 0.000074 0.891672 0.000369 0.001793 0.000001 0.000087
 0.986740 0.000308 0.000308 0.000848 0.000013 0.001290 0.000037 0.001818 0.000037 0.000639 0.000099 0.000455 0.000627 0.000209 0.000074 0.004249 0.000369 0.001793 0.000001 0.000087
 0.000934 0.000308 0.000308 0.000848 0.000013 0.001290 0.000037 0.001818 0.000037 0.000639 0.000099 0.000455 0.000627 0.000209 0.000074 0.990056 0.000369 0.001793 0.000001 0.000087
 0.000934 0.000308 0.000308 0.000848 0.000013 0.001290 0.197829 0.001818 0.000037 0.000639 0.000099 0.000455 0.000627 0.000209 0.000074 0.594473 0.198160 0.001793 0.000001 0.000087

MOTIF 4-ISSSA STREME-4
letter-probability matrix: alength= 20 w= 5 nsites= 19 E= 6.0e+000
 0.000480 0.000158 0.000158 0.000436 0.000007 0.000664 0.000019 0.583329 0.000019 0.000329 0.000051 0.000234 0.000322 0.000108 0.000038 0.002186 0.000190 0.411227 0.000000 0.000045
 0.000480 0.000158 0.000158 0.000436 0.000007 0.000664 0.000019 0.000935 0.050634 0.000329 0.000051 0.000234 0.000322 0.000108 0.151881 0.741812 0.000190 0.000922 0.000000 0.050659
 0.460813 0.000158 0.000158 0.000436 0.000007 0.000664 0.000019 0.000935 0.000019 0.000329 0.000051 0.000234 0.000322 0.000108 0.000038 0.534552 0.000190 0.000922 0.000000 0.000045
 0.000480 0.000158 0.000158 0.000436 0.000007 0.000664 0.000019 0.000935 0.000019 0.000329 0.000051 0.101463 0.000322 0.000108 0.000038 0.893655 0.000190 0.000922 0.000000 0.000045
 0.412378 0.000158 0.000158 0.000436 0.000007 0.000664 0.000019 0.000935 0.000019 0.000329 0.000051 0.324752 0.000322 0.000108 0.000038 0.258468 0.000190 0.000922 0.000000 0.000045

MOTIF 5-STT STREME-5
letter-probability matrix: alength= 20 w= 3 nsites= 6 E= 6.0e+000
 0.001412 0.000465 0.000465 0.001282 0.000019 0.001950 0.000057 0.151537 0.000057 0.000967 0.000149 0.000688 0.000948 0.000317 0.000112 0.836174 0.000558 0.002711 0.000001 0.000131
 0.001412 0.000465 0.000465 0.001282 0.000019 0.001950 0.000057 0.002750 0.000057 0.000967 0.000149 0.000688 0.000948 0.000317 0.000112 0.006427 0.979092 0.002711 0.000001 0.000131
 0.449323 0.000465 0.000465 0.001282 0.000019 0.001950 0.000057 0.002750 0.000057 0.000967 0.000149 0.000688 0.000948 0.000317 0.000112 0.086006 0.451602 0.002711 0.000001 0.000131

MOTIF 6-VLNS STREME-6
letter-probability matrix: alength= 20 w= 4 nsites= 5 E= 6.0e+000
 0.005981 0.001970 0.001970 0.005430 0.000083 0.008261 0.000240 0.011645 0.000240 0.004093 0.000633 0.002914 0.004014 0.001341 0.000476 0.027217 0.002363 0.920572 0.000004 0.000554
 0.005981 0.001970 0.001970 0.005430 0.000083 0.008261 0.000240 0.011645 0.000240 0.913184 0.000633 0.002914 0.004014 0.001341 0.000476 0.027217 0.002363 0.011481 0.000004 0.000554
 0.005981 0.001970 0.001970 0.005430 0.000083 0.008261 0.000240 0.011645 0.000240 0.004093 0.000633 0.912004 0.004014 0.001341 0.000476 0.027217 0.002363 0.011481 0.000004 0.000554
 0.005981 0.001970 0.001970 0.005430 0.000083 0.008261 0.000240 0.011645 0.000240 0.004093 0.000633 0.002914 0.004014 0.001341 0.000476 0.936308 0.002363 0.011481 0.000004 0.000554

********************************************************************************
Stopped because 3 consecutive motifs exceeded the p-value threshold (0.05).
********************************************************************************
COMMAND:	streme --protein --p ./Data/v1_cluster_windows_15mers/cluster_1411.fasta --minw 3 --maxw 15 --thresh 0.05 --oc ./Results/v1_Top500_Run_20250504_162200/streme_out_cluster_1411
********************************************************************************
CPU:		Hirokis-MacBook-Air.local
********************************************************************************
FINALTIME:	0.23 seconds
********************************************************************************
