********************************************************************************
STREME - Sensitive, Thorough, Rapid, Enriched Motif Elicitation
********************************************************************************
MEME version 5.5.7 (Release date: Wed Jun 19 13:59:04 2024 -0700)

For further information on how to interpret these results please access https://meme-suite.org/meme.
To get a copy of the MEME Suite software please access https://meme-suite.org.

********************************************************************************


********************************************************************************
REFERENCE
********************************************************************************
If you use this program in your research, please cite:

Timothy L. Bailey,
"STREME: accurate and versatile sequence motif discovery",
Bioinformatics, Mar. 24, 2021.
********************************************************************************


ALPHABET= ACDEFGHIKLMNPQRSTVWY

strands: +

Background letter frequencies
A 0.302 C 6.94e-05 D 0.00423 E 6.94e-05 F 0.0694 G 0.189 H 6.94e-05 I 6.94e-05 K 6.94e-05 L 0.0583 M 0.00562 N 0.068 P 0.00146 Q 0.0666 R 6.94e-05 S 0.208 T 0.0209 V 0.00562 W 6.94e-05 Y 6.94e-05 

MOTIF 1-GAGSAAGNAFAQSMS STREME-1
letter-probability matrix: alength= 20 w= 15 nsites= 48 S= 1.6e-028
 0.027492 0.000006 0.000385 0.000006 0.006311 0.926246 0.000006 0.000006 0.000006 0.005302 0.000511 0.006185 0.000132 0.006058 0.000006 0.018919 0.001897 0.000511 0.000006 0.000006
 0.936583 0.000006 0.000385 0.000006 0.006311 0.017155 0.000006 0.000006 0.000006 0.005302 0.000511 0.006185 0.000132 0.006058 0.000006 0.018919 0.001897 0.000511 0.000006 0.000006
 0.027492 0.000006 0.000385 0.000006 0.006311 0.926246 0.000006 0.000006 0.000006 0.005302 0.000511 0.006185 0.000132 0.006058 0.000006 0.018919 0.001897 0.000511 0.000006 0.000006
 0.027492 0.000006 0.000385 0.000006 0.006311 0.017155 0.000006 0.000006 0.000006 0.005302 0.000511 0.006185 0.000132 0.006058 0.000006 0.928010 0.001897 0.000511 0.000006 0.000006
 0.936583 0.000006 0.000385 0.000006 0.006311 0.017155 0.000006 0.000006 0.000006 0.005302 0.000511 0.006185 0.000132 0.006058 0.000006 0.018919 0.001897 0.000511 0.000006 0.000006
 0.936583 0.000006 0.000385 0.000006 0.006311 0.017155 0.000006 0.000006 0.000006 0.005302 0.000511 0.006185 0.000132 0.006058 0.000006 0.018919 0.001897 0.000511 0.000006 0.000006
 0.027492 0.000006 0.000385 0.000006 0.006311 0.926246 0.000006 0.000006 0.000006 0.005302 0.000511 0.006185 0.000132 0.006058 0.000006 0.018919 0.001897 0.000511 0.000006 0.000006
 0.027492 0.000006 0.000385 0.000006 0.006311 0.017155 0.000006 0.000006 0.000006 0.005302 0.000511 0.915276 0.000132 0.006058 0.000006 0.018919 0.001897 0.000511 0.000006 0.000006
 0.936583 0.000006 0.000385 0.000006 0.006311 0.017155 0.000006 0.000006 0.000006 0.005302 0.000511 0.006185 0.000132 0.006058 0.000006 0.018919 0.001897 0.000511 0.000006 0.000006
 0.027492 0.000006 0.000385 0.000006 0.915402 0.017155 0.000006 0.000006 0.000006 0.005302 0.000511 0.006185 0.000132 0.006058 0.000006 0.018919 0.001897 0.000511 0.000006 0.000006
 0.936583 0.000006 0.000385 0.000006 0.006311 0.017155 0.000006 0.000006 0.000006 0.005302 0.000511 0.006185 0.000132 0.006058 0.000006 0.018919 0.001897 0.000511 0.000006 0.000006
 0.027492 0.000006 0.000385 0.000006 0.006311 0.017155 0.000006 0.000006 0.000006 0.005302 0.000511 0.006185 0.000132 0.915149 0.000006 0.018919 0.001897 0.000511 0.000006 0.000006
 0.027492 0.000006 0.000385 0.000006 0.006311 0.017155 0.000006 0.000006 0.000006 0.005302 0.000511 0.006185 0.000132 0.006058 0.000006 0.928010 0.001897 0.000511 0.000006 0.000006
 0.027492 0.000006 0.000385 0.000006 0.006311 0.017155 0.000006 0.000006 0.000006 0.005302 0.909602 0.006185 0.000132 0.006058 0.000006 0.018919 0.001897 0.000511 0.000006 0.000006
 0.027492 0.000006 0.000385 0.000006 0.006311 0.017155 0.000006 0.000006 0.000006 0.005302 0.000511 0.006185 0.000132 0.006058 0.000006 0.928010 0.001897 0.000511 0.000006 0.000006

MOTIF 2-SGN STREME-2
letter-probability matrix: alength= 20 w= 3 nsites= 1 S= 7.5e-001
 0.027492 0.000006 0.000385 0.000006 0.006311 0.017155 0.000006 0.000006 0.000006 0.005302 0.000511 0.006185 0.000132 0.006058 0.000006 0.928010 0.001897 0.000511 0.000006 0.000006
 0.027492 0.000006 0.000385 0.000006 0.006311 0.926246 0.000006 0.000006 0.000006 0.005302 0.000511 0.006185 0.000132 0.006058 0.000006 0.018919 0.001897 0.000511 0.000006 0.000006
 0.027492 0.000006 0.000385 0.000006 0.006311 0.017155 0.000006 0.000006 0.000006 0.005302 0.000511 0.915276 0.000132 0.006058 0.000006 0.018919 0.001897 0.000511 0.000006 0.000006

********************************************************************************
Stopped because the next motif had no positive sites with scores > 0.
********************************************************************************
COMMAND:	streme --protein --p ./Data/v1_cluster_windows_15mers/cluster_11513.fasta --minw 3 --maxw 15 --thresh 0.05 --oc ./Results/v1_Top500_Run_20250504_162200/streme_out_cluster_11513
********************************************************************************
CPU:		Hirokis-MacBook-Air.local
********************************************************************************
FINALTIME:	0.12 seconds
********************************************************************************
