********************************************************************************
STREME - Sensitive, Thorough, Rapid, Enriched Motif Elicitation
********************************************************************************
MEME version 5.5.7 (Release date: Wed Jun 19 13:59:04 2024 -0700)

For further information on how to interpret these results please access https://meme-suite.org/meme.
To get a copy of the MEME Suite software please access https://meme-suite.org.

********************************************************************************


********************************************************************************
REFERENCE
********************************************************************************
If you use this program in your research, please cite:

Timothy L. Bailey,
"STREME: accurate and versatile sequence motif discovery",
Bioinformatics, Mar. 24, 2021.
********************************************************************************


ALPHABET= ACDEFGHIKLMNPQRSTVWY

strands: +

Background letter frequencies
A 0.33 C 4.33e-05 D 4.33e-05 E 4.33e-05 F 0.000908 G 0.0295 H 4.33e-05 I 4.33e-05 K 4.33e-05 L 0.0684 M 0.00177 N 0.00177 P 0.102 Q 0.0623 R 0.106 S 0.223 T 0.00437 V 0.0701 W 4.33e-05 Y 4.33e-05 

MOTIF 1-PRSQAPVASAAASRL STREME-1
letter-probability matrix: alength= 20 w= 15 nsites= 77 E= 1.2e-003
 0.029965 0.000004 0.000004 0.000004 0.000083 0.002678 0.000004 0.000004 0.000004 0.006217 0.000161 0.000161 0.918373 0.005667 0.009600 0.020292 0.000397 0.006374 0.000004 0.000004
 0.029965 0.000004 0.000004 0.000004 0.000083 0.002678 0.000004 0.000004 0.000004 0.006217 0.000161 0.000161 0.009282 0.005667 0.918691 0.020292 0.000397 0.006374 0.000004 0.000004
 0.029965 0.000004 0.000004 0.000004 0.000083 0.002678 0.000004 0.000004 0.000004 0.006217 0.000161 0.000161 0.009282 0.005667 0.009600 0.929383 0.000397 0.006374 0.000004 0.000004
 0.029965 0.000004 0.000004 0.000004 0.000083 0.002678 0.000004 0.000004 0.000004 0.006217 0.000161 0.000161 0.009282 0.914758 0.009600 0.020292 0.000397 0.006374 0.000004 0.000004
 0.939056 0.000004 0.000004 0.000004 0.000083 0.002678 0.000004 0.000004 0.000004 0.006217 0.000161 0.000161 0.009282 0.005667 0.009600 0.020292 0.000397 0.006374 0.000004 0.000004
 0.029965 0.000004 0.000004 0.000004 0.000083 0.002678 0.000004 0.000004 0.000004 0.006217 0.000161 0.000161 0.918373 0.005667 0.009600 0.020292 0.000397 0.006374 0.000004 0.000004
 0.029965 0.000004 0.000004 0.000004 0.000083 0.002678 0.000004 0.000004 0.000004 0.006217 0.000161 0.000161 0.009282 0.005667 0.009600 0.020292 0.000397 0.915465 0.000004 0.000004
 0.939056 0.000004 0.000004 0.000004 0.000083 0.002678 0.000004 0.000004 0.000004 0.006217 0.000161 0.000161 0.009282 0.005667 0.009600 0.020292 0.000397 0.006374 0.000004 0.000004
 0.029965 0.000004 0.000004 0.000004 0.000083 0.002678 0.000004 0.000004 0.000004 0.006217 0.000161 0.000161 0.009282 0.005667 0.009600 0.929383 0.000397 0.006374 0.000004 0.000004
 0.939056 0.000004 0.000004 0.000004 0.000083 0.002678 0.000004 0.000004 0.000004 0.006217 0.000161 0.000161 0.009282 0.005667 0.009600 0.020292 0.000397 0.006374 0.000004 0.000004
 0.939056 0.000004 0.000004 0.000004 0.000083 0.002678 0.000004 0.000004 0.000004 0.006217 0.000161 0.000161 0.009282 0.005667 0.009600 0.020292 0.000397 0.006374 0.000004 0.000004
 0.939056 0.000004 0.000004 0.000004 0.000083 0.002678 0.000004 0.000004 0.000004 0.006217 0.000161 0.000161 0.009282 0.005667 0.009600 0.020292 0.000397 0.006374 0.000004 0.000004
 0.029965 0.000004 0.000004 0.000004 0.000083 0.002678 0.000004 0.000004 0.000004 0.006217 0.000161 0.000161 0.009282 0.005667 0.009600 0.929383 0.000397 0.006374 0.000004 0.000004
 0.029965 0.000004 0.000004 0.000004 0.000083 0.002678 0.000004 0.000004 0.000004 0.006217 0.000161 0.000161 0.009282 0.005667 0.918691 0.020292 0.000397 0.006374 0.000004 0.000004
 0.029965 0.000004 0.000004 0.000004 0.000083 0.002678 0.000004 0.000004 0.000004 0.915308 0.000161 0.000161 0.009282 0.005667 0.009600 0.020292 0.000397 0.006374 0.000004 0.000004

MOTIF 2-QSPSG STREME-2
letter-probability matrix: alength= 20 w= 5 nsites= 3 E= 4.0e+000
 0.029965 0.000004 0.000004 0.000004 0.000083 0.002678 0.000004 0.000004 0.000004 0.006217 0.000161 0.000161 0.009282 0.914758 0.009600 0.020292 0.000397 0.006374 0.000004 0.000004
 0.029965 0.000004 0.000004 0.000004 0.000083 0.002678 0.000004 0.000004 0.000004 0.006217 0.000161 0.000161 0.009282 0.005667 0.009600 0.929383 0.000397 0.006374 0.000004 0.000004
 0.029965 0.000004 0.000004 0.000004 0.000083 0.002678 0.000004 0.000004 0.000004 0.006217 0.000161 0.000161 0.918373 0.005667 0.009600 0.020292 0.000397 0.006374 0.000004 0.000004
 0.029965 0.000004 0.000004 0.000004 0.000083 0.002678 0.000004 0.000004 0.000004 0.006217 0.000161 0.000161 0.009282 0.005667 0.009600 0.929383 0.000397 0.006374 0.000004 0.000004
 0.029965 0.000004 0.000004 0.000004 0.000083 0.911769 0.000004 0.000004 0.000004 0.006217 0.000161 0.000161 0.009282 0.005667 0.009600 0.020292 0.000397 0.006374 0.000004 0.000004

MOTIF 3-RNLS STREME-3
letter-probability matrix: alength= 20 w= 4 nsites= 2 E= 4.0e+000
 0.029965 0.000004 0.000004 0.000004 0.000083 0.002678 0.000004 0.000004 0.000004 0.006217 0.000161 0.000161 0.009282 0.005667 0.918691 0.020292 0.000397 0.006374 0.000004 0.000004
 0.029965 0.000004 0.000004 0.000004 0.000083 0.002678 0.000004 0.000004 0.000004 0.006217 0.000161 0.909252 0.009282 0.005667 0.009600 0.020292 0.000397 0.006374 0.000004 0.000004
 0.029965 0.000004 0.000004 0.000004 0.000083 0.002678 0.000004 0.000004 0.000004 0.915308 0.000161 0.000161 0.009282 0.005667 0.009600 0.020292 0.000397 0.006374 0.000004 0.000004
 0.029965 0.000004 0.000004 0.000004 0.000083 0.002678 0.000004 0.000004 0.000004 0.006217 0.000161 0.000161 0.009282 0.005667 0.009600 0.929383 0.000397 0.006374 0.000004 0.000004

MOTIF 4-PSS STREME-4
letter-probability matrix: alength= 20 w= 3 nsites= 1 E= 4.0e+000
 0.029965 0.000004 0.000004 0.000004 0.000083 0.002678 0.000004 0.000004 0.000004 0.006217 0.000161 0.000161 0.918373 0.005667 0.009600 0.020292 0.000397 0.006374 0.000004 0.000004
 0.029965 0.000004 0.000004 0.000004 0.000083 0.002678 0.000004 0.000004 0.000004 0.006217 0.000161 0.000161 0.009282 0.005667 0.009600 0.929383 0.000397 0.006374 0.000004 0.000004
 0.029965 0.000004 0.000004 0.000004 0.000083 0.002678 0.000004 0.000004 0.000004 0.006217 0.000161 0.000161 0.009282 0.005667 0.009600 0.929383 0.000397 0.006374 0.000004 0.000004

********************************************************************************
Stopped because 3 consecutive motifs exceeded the p-value threshold (0.05).
********************************************************************************
COMMAND:	streme --protein --p ./Data/v1_cluster_windows_15mers/cluster_12684.fasta --minw 3 --maxw 15 --thresh 0.05 --oc ./Results/v1_Top500_Run_20250504_162200/streme_out_cluster_12684
********************************************************************************
CPU:		Hirokis-MacBook-Air.local
********************************************************************************
FINALTIME:	0.16 seconds
********************************************************************************
