********************************************************************************
STREME - Sensitive, Thorough, Rapid, Enriched Motif Elicitation
********************************************************************************
MEME version 5.5.7 (Release date: Wed Jun 19 13:59:04 2024 -0700)

For further information on how to interpret these results please access https://meme-suite.org/meme.
To get a copy of the MEME Suite software please access https://meme-suite.org.

********************************************************************************


********************************************************************************
REFERENCE
********************************************************************************
If you use this program in your research, please cite:

Timothy L. Bailey,
"STREME: accurate and versatile sequence motif discovery",
Bioinformatics, Mar. 24, 2021.
********************************************************************************


ALPHABET= ACDEFGHIKLMNPQRSTVWY

strands: +

Background letter frequencies
A 0.24 C 8.83e-05 D 0.00516 E 0.00389 F 0.0053 G 0.277 H 5.54e-05 I 0.00879 K 0.000483 L 0.013 M 0.00164 N 0.00608 P 0.0275 Q 0.0474 R 0.0145 S 0.236 T 0.035 V 0.0296 W 0.00011 Y 0.0491 

MOTIF 1-GAGSGAGAGA STREME-1
letter-probability matrix: alength= 20 w= 10 nsites= 1784 E= 8.8e-042
 0.000022 0.000000 0.010641 0.001252 0.000000 0.981784 0.000000 0.000001 0.000000 0.000001 0.000000 0.000626 0.000002 0.001882 0.003131 0.000021 0.000003 0.000629 0.000000 0.000004
 0.429101 0.000000 0.010640 0.001252 0.012519 0.000285 0.000000 0.011893 0.003130 0.015648 0.001878 0.000001 0.061359 0.101718 0.012519 0.031946 0.012521 0.030673 0.001252 0.261667
 0.012964 0.000000 0.000000 0.000000 0.000000 0.897478 0.000000 0.002504 0.000000 0.001253 0.000000 0.000001 0.000002 0.000004 0.013771 0.065126 0.000629 0.006262 0.000000 0.000004
 0.335868 0.000000 0.000000 0.000000 0.000000 0.000025 0.000000 0.006885 0.000000 0.000627 0.000000 0.000001 0.000002 0.107040 0.000001 0.529510 0.020031 0.000003 0.000000 0.000004
 0.131818 0.000000 0.000000 0.006259 0.000000 0.674500 0.000000 0.000001 0.000000 0.000627 0.000000 0.000001 0.000002 0.000004 0.003131 0.170501 0.008141 0.004384 0.000626 0.000004
 0.589404 0.000000 0.006259 0.000000 0.006885 0.002528 0.000000 0.002504 0.000000 0.010641 0.000000 0.000001 0.000002 0.012522 0.000001 0.292884 0.025038 0.026290 0.000000 0.025040
 0.164235 0.000000 0.002504 0.000000 0.000000 0.588287 0.000000 0.000001 0.000000 0.000001 0.000000 0.000626 0.000002 0.000004 0.000001 0.241198 0.000003 0.003132 0.000000 0.000004
 0.509687 0.000626 0.002504 0.003756 0.005007 0.000025 0.000000 0.002504 0.000000 0.001253 0.000000 0.000001 0.000002 0.003760 0.000627 0.420443 0.018154 0.015023 0.000000 0.016627
 0.344670 0.001878 0.002504 0.005633 0.000000 0.571409 0.000000 0.001253 0.000000 0.000001 0.000000 0.000001 0.000002 0.000004 0.003757 0.041331 0.005010 0.010017 0.000000 0.012530
 0.691552 0.000000 0.001878 0.000000 0.008763 0.038779 0.000000 0.005634 0.000000 0.003756 0.000000 0.000001 0.000002 0.005011 0.013778 0.095373 0.050337 0.038183 0.000000 0.046952

MOTIF 2-GYGPG STREME-2
letter-probability matrix: alength= 20 w= 5 nsites= 1080 E= 7.1e-016
 0.061065 0.000000 0.000001 0.006859 0.006057 0.485768 0.000000 0.005489 0.000000 0.007430 0.000000 0.000001 0.182893 0.020939 0.032819 0.187911 0.002750 0.000006 0.000000 0.000010
 0.000047 0.000000 0.000001 0.000001 0.023578 0.000055 0.000000 0.001374 0.000000 0.000003 0.000000 0.009604 0.000005 0.000009 0.000003 0.231422 0.008237 0.000006 0.000000 0.725654
 0.000047 0.000000 0.000001 0.008801 0.000001 0.932267 0.000000 0.000002 0.000000 0.002746 0.000000 0.000001 0.000005 0.002753 0.012350 0.035514 0.000007 0.005493 0.000000 0.000010
 0.000047 0.000000 0.003009 0.006859 0.000001 0.000055 0.000000 0.000002 0.002743 0.026640 0.000000 0.002745 0.592112 0.272715 0.026675 0.006464 0.059916 0.000006 0.000000 0.000010
 0.006192 0.000000 0.000001 0.005488 0.000001 0.605529 0.000000 0.000002 0.000000 0.000003 0.000000 0.002745 0.000005 0.027458 0.010744 0.312430 0.000007 0.028013 0.000000 0.001381

MOTIF 3-SAAASSAS STREME-3
letter-probability matrix: alength= 20 w= 8 nsites= 921 E= 8.8e-005
 0.210248 0.000000 0.000001 0.000001 0.000001 0.011496 0.000000 0.000002 0.000000 0.000003 0.000000 0.000001 0.000006 0.000010 0.000003 0.759445 0.018767 0.000006 0.000000 0.000010
 0.465503 0.000000 0.000001 0.000001 0.000001 0.038491 0.000000 0.002861 0.000000 0.000003 0.000000 0.007151 0.000006 0.000010 0.000003 0.430999 0.040059 0.014902 0.000000 0.000010
 0.735473 0.000000 0.000001 0.000001 0.000001 0.000057 0.000000 0.000002 0.000000 0.000003 0.000000 0.000001 0.000006 0.000010 0.000003 0.227868 0.012247 0.024317 0.000000 0.000010
 0.783120 0.000000 0.000001 0.000001 0.000001 0.000057 0.000000 0.000002 0.000000 0.000003 0.000000 0.000001 0.000006 0.000010 0.000003 0.000049 0.108036 0.108700 0.000000 0.000010
 0.306271 0.000000 0.000001 0.002860 0.001431 0.000057 0.000000 0.000002 0.000000 0.000003 0.000000 0.000001 0.000006 0.000010 0.000003 0.686472 0.002867 0.000006 0.000000 0.000010
 0.345965 0.000000 0.000001 0.000001 0.000001 0.000057 0.000000 0.000002 0.000000 0.000003 0.000000 0.000001 0.000006 0.000010 0.249089 0.367910 0.001437 0.035507 0.000000 0.000010
 0.535943 0.000000 0.000001 0.000001 0.000001 0.122733 0.000000 0.030030 0.000000 0.301189 0.010010 0.000001 0.000006 0.000010 0.000003 0.000049 0.000007 0.000006 0.000000 0.000010
 0.252746 0.000000 0.000001 0.000001 0.000001 0.000057 0.000000 0.000002 0.000000 0.008582 0.000000 0.021451 0.000006 0.018598 0.000003 0.641329 0.021459 0.035755 0.000000 0.000010

MOTIF 4-QGPG STREME-4
letter-probability matrix: alength= 20 w= 4 nsites= 207 E= 1.4e-003
 0.004238 0.000000 0.000007 0.000005 0.009434 0.009803 0.000000 0.000012 0.000001 0.000018 0.000002 0.000008 0.000037 0.931836 0.000020 0.016141 0.028331 0.000040 0.000000 0.000067
 0.000326 0.000000 0.000007 0.000005 0.000007 0.999016 0.000000 0.000012 0.000001 0.000018 0.000002 0.000008 0.000037 0.000064 0.000020 0.000321 0.000048 0.000040 0.000000 0.000067
 0.004238 0.000000 0.000007 0.000005 0.000007 0.076624 0.000000 0.000012 0.000001 0.009444 0.000002 0.000008 0.874417 0.015884 0.018874 0.000321 0.000048 0.000040 0.000000 0.000067
 0.046864 0.000000 0.000007 0.000005 0.009434 0.403249 0.000000 0.000012 0.000001 0.228860 0.000002 0.000008 0.000037 0.002186 0.010566 0.186951 0.000048 0.047185 0.000000 0.064584

MOTIF 5-GYSVSLS STREME-5
letter-probability matrix: alength= 20 w= 7 nsites= 89 E= 8.2e-003
 0.000536 0.000000 0.000012 0.000009 0.000012 0.657569 0.000000 0.000020 0.000001 0.000029 0.000004 0.000014 0.000061 0.309949 0.031004 0.000527 0.000078 0.000066 0.000000 0.000110
 0.000536 0.000000 0.000012 0.000009 0.061963 0.007044 0.000000 0.046480 0.000001 0.000029 0.000004 0.000014 0.000061 0.000106 0.000032 0.201873 0.000078 0.062017 0.000000 0.619741
 0.000536 0.000000 0.000012 0.000009 0.000012 0.000618 0.000000 0.000020 0.000001 0.000029 0.000004 0.000014 0.000061 0.000106 0.000032 0.998293 0.000078 0.000066 0.000000 0.000110
 0.000536 0.000000 0.000012 0.000009 0.000012 0.000618 0.000000 0.000020 0.000001 0.340836 0.030975 0.000014 0.000061 0.000106 0.000032 0.046987 0.000078 0.579594 0.000000 0.000110
 0.046996 0.000000 0.000012 0.000009 0.000012 0.140054 0.000000 0.000020 0.000001 0.000029 0.000004 0.000014 0.000061 0.000106 0.000032 0.812397 0.000078 0.000066 0.000000 0.000110
 0.062487 0.000000 0.000012 0.000009 0.000012 0.000618 0.000000 0.000020 0.000001 0.464727 0.092943 0.000014 0.000061 0.000106 0.000032 0.301260 0.077522 0.000066 0.000000 0.000110
 0.000536 0.000000 0.000012 0.000009 0.000012 0.000618 0.000000 0.000020 0.000001 0.000029 0.000004 0.000014 0.000061 0.000106 0.000032 0.998293 0.000078 0.000066 0.000000 0.000110

MOTIF 6-GPG STREME-6
letter-probability matrix: alength= 20 w= 3 nsites= 239 E= 2.6e-002
 0.021810 0.000008 0.000469 0.000353 0.000482 0.934246 0.000005 0.000799 0.000044 0.001177 0.000149 0.000553 0.002498 0.004306 0.001322 0.021437 0.003184 0.002687 0.000010 0.004460
 0.021810 0.000008 0.000469 0.000353 0.000482 0.025155 0.000005 0.000799 0.000044 0.001177 0.000149 0.000553 0.911589 0.004306 0.001322 0.021437 0.003184 0.002687 0.000010 0.004460
 0.021810 0.000008 0.000469 0.000353 0.000482 0.934246 0.000005 0.000799 0.000044 0.001177 0.000149 0.000553 0.002498 0.004306 0.001322 0.021437 0.003184 0.002687 0.000010 0.004460

MOTIF 7-GASSRVSSTI STREME-7
letter-probability matrix: alength= 20 w= 10 nsites= 109 E= 3.4e-002
 0.231627 0.000000 0.000008 0.094590 0.000008 0.462871 0.000000 0.000013 0.000001 0.000020 0.000002 0.000009 0.000042 0.126192 0.000022 0.063406 0.021070 0.000045 0.000000 0.000074
 0.778155 0.000000 0.000008 0.000006 0.000008 0.000419 0.000000 0.000013 0.000001 0.000020 0.000002 0.000009 0.000042 0.000072 0.000022 0.084429 0.021070 0.115649 0.000000 0.000074
 0.157994 0.000000 0.000008 0.000006 0.000008 0.000419 0.000000 0.000013 0.000001 0.000020 0.000002 0.000009 0.000042 0.000072 0.000022 0.641542 0.000053 0.199715 0.000000 0.000074
 0.147538 0.000000 0.000008 0.000006 0.000008 0.000419 0.000000 0.000013 0.000001 0.000020 0.000002 0.094592 0.000042 0.000072 0.000022 0.757084 0.000053 0.000045 0.000000 0.000074
 0.063421 0.000000 0.000008 0.000006 0.000008 0.000419 0.000000 0.000013 0.000001 0.000020 0.000002 0.000009 0.000042 0.084157 0.472974 0.189576 0.189223 0.000045 0.000000 0.000074
 0.000364 0.000000 0.000008 0.000006 0.000008 0.000419 0.000000 0.000013 0.000001 0.115616 0.000002 0.000009 0.000042 0.000072 0.000022 0.000357 0.000053 0.882932 0.000000 0.000074
 0.000364 0.000000 0.000008 0.000006 0.000008 0.000419 0.000000 0.000013 0.000001 0.000020 0.000002 0.000009 0.000042 0.010580 0.000022 0.946301 0.031578 0.010553 0.000000 0.000074
 0.147545 0.000000 0.000008 0.000006 0.000008 0.000419 0.000000 0.000013 0.000001 0.000020 0.000002 0.084075 0.000042 0.031597 0.000022 0.736069 0.000053 0.000045 0.000000 0.000074
 0.105448 0.000000 0.000008 0.000006 0.000008 0.042453 0.000000 0.000013 0.000001 0.000020 0.000002 0.273293 0.000042 0.000072 0.000022 0.168512 0.283856 0.126170 0.000000 0.000074
 0.200081 0.000000 0.000008 0.010514 0.000008 0.063477 0.000000 0.283809 0.000001 0.000020 0.010510 0.000009 0.000042 0.000072 0.000022 0.063419 0.136681 0.231254 0.000000 0.000074

MOTIF 8-AAAAAAGSGGGGGGG STREME-8
letter-probability matrix: alength= 20 w= 15 nsites= 149 E= 3.6e-002
 0.706261 0.000000 0.000006 0.000004 0.000006 0.180556 0.000000 0.000010 0.000001 0.000014 0.000002 0.000007 0.000030 0.000051 0.000016 0.097893 0.015059 0.000032 0.000000 0.000053
 0.751326 0.000000 0.022537 0.000004 0.000006 0.082916 0.000000 0.000010 0.000001 0.000014 0.000002 0.000007 0.000030 0.000051 0.000016 0.135446 0.000038 0.007543 0.000000 0.000053
 0.796390 0.000000 0.000006 0.000004 0.000006 0.112959 0.000000 0.000010 0.000001 0.000014 0.000002 0.000007 0.000030 0.000051 0.000016 0.090383 0.000038 0.000032 0.000000 0.000053
 0.661197 0.000000 0.000006 0.000004 0.000006 0.180555 0.000000 0.000010 0.000001 0.000014 0.000002 0.000007 0.000030 0.000051 0.000016 0.142958 0.015059 0.000032 0.000000 0.000053
 0.743816 0.000000 0.022537 0.000004 0.000006 0.158023 0.000000 0.000010 0.000001 0.000014 0.000002 0.000007 0.000030 0.000051 0.000016 0.052830 0.000038 0.022564 0.000000 0.000053
 0.510983 0.000000 0.015027 0.000004 0.000006 0.435919 0.000000 0.000010 0.000001 0.000014 0.000002 0.000007 0.000030 0.000051 0.000016 0.037809 0.000038 0.000032 0.000000 0.000053
 0.368282 0.007511 0.000006 0.037558 0.000006 0.458449 0.000000 0.000010 0.000001 0.000014 0.000002 0.000007 0.000030 0.000051 0.000016 0.120426 0.007549 0.000032 0.000000 0.000053
 0.000260 0.000000 0.000006 0.000004 0.000006 0.000300 0.000000 0.000010 0.000001 0.000014 0.000002 0.000007 0.000030 0.000051 0.000016 0.999172 0.000038 0.000032 0.000000 0.000053
 0.225579 0.000000 0.007516 0.015025 0.000006 0.631195 0.000000 0.000010 0.000001 0.000014 0.000002 0.030050 0.000030 0.015073 0.015037 0.037809 0.000038 0.022564 0.000000 0.000053
 0.225578 0.000000 0.045071 0.007515 0.000006 0.541067 0.000000 0.000010 0.000001 0.030056 0.000002 0.007517 0.000030 0.030094 0.015037 0.060340 0.022570 0.015053 0.000000 0.000053
 0.112919 0.000000 0.000006 0.000004 0.007516 0.496002 0.000000 0.000010 0.000001 0.015035 0.000002 0.000007 0.030073 0.067648 0.045079 0.082872 0.007549 0.022564 0.000000 0.112714
 0.052834 0.000000 0.000006 0.022536 0.000006 0.668749 0.000000 0.007520 0.000001 0.045079 0.000002 0.000007 0.000030 0.127732 0.015037 0.015277 0.000038 0.000032 0.000000 0.045117
 0.075366 0.000000 0.000006 0.022536 0.000006 0.608664 0.000000 0.000010 0.000001 0.045078 0.000002 0.000007 0.007540 0.067647 0.052591 0.052830 0.000038 0.000032 0.000000 0.067649
 0.022792 0.000000 0.000006 0.000004 0.015027 0.503513 0.000000 0.045073 0.000001 0.015035 0.000002 0.000007 0.007540 0.037604 0.060101 0.067851 0.000038 0.000032 0.000000 0.225374
 0.067856 0.000000 0.022537 0.015025 0.007516 0.676258 0.000000 0.015031 0.000001 0.000014 0.000002 0.000007 0.000030 0.000051 0.000016 0.000256 0.000038 0.000032 0.000000 0.195330

MOTIF 9-YGP STREME-9
letter-probability matrix: alength= 20 w= 3 nsites= 164 E= 3.6e-002
 0.021810 0.000008 0.000469 0.000353 0.000482 0.025155 0.000005 0.000799 0.000044 0.001177 0.000149 0.000553 0.002498 0.004306 0.001322 0.021437 0.003184 0.002687 0.000010 0.913551
 0.021810 0.000008 0.000469 0.000353 0.000482 0.934246 0.000005 0.000799 0.000044 0.001177 0.000149 0.000553 0.002498 0.004306 0.001322 0.021437 0.003184 0.002687 0.000010 0.004460
 0.021810 0.000008 0.000469 0.000353 0.000482 0.025155 0.000005 0.000799 0.000044 0.001177 0.000149 0.000553 0.911589 0.004306 0.001322 0.021437 0.003184 0.002687 0.000010 0.004460

MOTIF 10-YGQ STREME-10
letter-probability matrix: alength= 20 w= 3 nsites= 188 E= 5.5e-002
 0.021810 0.000008 0.000469 0.000353 0.000482 0.025155 0.000005 0.000799 0.000044 0.001177 0.000149 0.000553 0.002498 0.004306 0.001322 0.021437 0.003184 0.002687 0.000010 0.913551
 0.021810 0.000008 0.000469 0.000353 0.000482 0.934246 0.000005 0.000799 0.000044 0.001177 0.000149 0.000553 0.002498 0.004306 0.001322 0.021437 0.003184 0.002687 0.000010 0.004460
 0.021810 0.000008 0.000469 0.000353 0.000482 0.025155 0.000005 0.000799 0.000044 0.001177 0.000149 0.000553 0.002498 0.913397 0.001322 0.021437 0.003184 0.002687 0.000010 0.004460

MOTIF 11-STVT STREME-11
letter-probability matrix: alength= 20 w= 4 nsites= 45 E= 6.9e-002
 0.001197 0.000000 0.000026 0.000019 0.069208 0.001381 0.000000 0.000044 0.000002 0.000065 0.000008 0.000030 0.000137 0.207837 0.000073 0.608946 0.000175 0.000148 0.000001 0.110703
 0.001197 0.000000 0.000026 0.000019 0.000026 0.001381 0.000000 0.000044 0.000002 0.000065 0.000008 0.000030 0.000137 0.000236 0.000073 0.001177 0.995185 0.000148 0.000001 0.000245
 0.001197 0.000000 0.000026 0.000019 0.000026 0.001381 0.000000 0.000044 0.000002 0.000065 0.000008 0.000030 0.000137 0.000236 0.000073 0.001177 0.000175 0.995157 0.000001 0.000245
 0.001197 0.000000 0.000026 0.000019 0.000026 0.001381 0.000000 0.000044 0.000002 0.000065 0.000008 0.000030 0.000137 0.000236 0.000073 0.001177 0.995185 0.000148 0.000001 0.000245

MOTIF 12-GGQGGYGSQGAGQQ STREME-12
letter-probability matrix: alength= 20 w= 14 nsites= 33 E= 5.6e-001
 0.190802 0.000001 0.000035 0.000027 0.000036 0.380236 0.000000 0.000060 0.000003 0.000088 0.000011 0.000041 0.000187 0.047614 0.047390 0.001609 0.142119 0.189404 0.000001 0.000335
 0.001637 0.000001 0.000035 0.000027 0.000036 0.995065 0.000000 0.000060 0.000003 0.000088 0.000011 0.000041 0.000187 0.000323 0.000099 0.001609 0.000239 0.000202 0.000001 0.000335
 0.048928 0.000001 0.000035 0.000027 0.000036 0.001888 0.000000 0.000060 0.000003 0.000088 0.000011 0.000041 0.000187 0.709741 0.047390 0.001609 0.000239 0.000202 0.000001 0.189512
 0.001637 0.000001 0.000035 0.000027 0.000036 0.995065 0.000000 0.000060 0.000003 0.000088 0.000011 0.000041 0.000187 0.000323 0.000099 0.001609 0.000239 0.000202 0.000001 0.000335
 0.048928 0.000001 0.000035 0.000027 0.000036 0.947774 0.000000 0.000060 0.000003 0.000088 0.000011 0.000041 0.000187 0.000323 0.000099 0.001609 0.000239 0.000202 0.000001 0.000335
 0.001637 0.000001 0.000035 0.000027 0.000036 0.001888 0.000000 0.000060 0.000003 0.283848 0.000011 0.000041 0.000187 0.000323 0.000099 0.001609 0.000239 0.000202 0.000001 0.709752
 0.001637 0.000001 0.000035 0.000027 0.000036 0.522097 0.000000 0.000060 0.000003 0.000088 0.000011 0.000041 0.000187 0.000323 0.000099 0.474577 0.000239 0.000202 0.000001 0.000335
 0.001637 0.000001 0.000035 0.000027 0.000036 0.001888 0.000000 0.000060 0.000003 0.000088 0.000011 0.000041 0.000187 0.000323 0.000099 0.994786 0.000239 0.000202 0.000001 0.000335
 0.001637 0.000001 0.000035 0.000027 0.000036 0.096470 0.000000 0.000060 0.000003 0.000088 0.000011 0.000041 0.000187 0.473260 0.000099 0.001609 0.000239 0.000202 0.000001 0.425993
 0.001637 0.000001 0.000035 0.000027 0.000036 0.758603 0.000000 0.000060 0.000003 0.047380 0.000011 0.000041 0.000187 0.000323 0.000099 0.190780 0.000239 0.000202 0.000001 0.000335
 0.663770 0.000001 0.000035 0.000027 0.000036 0.143768 0.000000 0.000060 0.000003 0.000088 0.000011 0.000041 0.000187 0.000323 0.000099 0.143482 0.000239 0.000202 0.000001 0.047626
 0.001637 0.000001 0.000035 0.000027 0.000036 0.474818 0.000000 0.189262 0.000003 0.000088 0.000011 0.000041 0.000187 0.000323 0.000099 0.143489 0.189404 0.000202 0.000001 0.000335
 0.048928 0.000001 0.000035 0.000027 0.000036 0.143768 0.000000 0.000060 0.000003 0.000088 0.000011 0.000041 0.000187 0.331374 0.094688 0.285393 0.047530 0.000202 0.000001 0.047626
 0.096225 0.000001 0.000035 0.000027 0.000036 0.285647 0.000000 0.000060 0.000003 0.047380 0.000011 0.000041 0.000187 0.425981 0.000099 0.001609 0.000239 0.000202 0.000001 0.142215

MOTIF 13-SSSATSS STREME-13
letter-probability matrix: alength= 20 w= 7 nsites= 25 E= 5.6e-001
 0.021810 0.000008 0.000469 0.000353 0.000482 0.025155 0.000005 0.000799 0.000044 0.001177 0.000149 0.000553 0.002498 0.004306 0.001322 0.930528 0.003184 0.002687 0.000010 0.004460
 0.021810 0.000008 0.000469 0.000353 0.000482 0.025155 0.000005 0.000799 0.000044 0.001177 0.000149 0.000553 0.002498 0.004306 0.001322 0.930528 0.003184 0.002687 0.000010 0.004460
 0.021810 0.000008 0.000469 0.000353 0.000482 0.025155 0.000005 0.000799 0.000044 0.001177 0.000149 0.000553 0.002498 0.004306 0.001322 0.930528 0.003184 0.002687 0.000010 0.004460
 0.930901 0.000008 0.000469 0.000353 0.000482 0.025155 0.000005 0.000799 0.000044 0.001177 0.000149 0.000553 0.002498 0.004306 0.001322 0.021437 0.003184 0.002687 0.000010 0.004460
 0.021810 0.000008 0.000469 0.000353 0.000482 0.025155 0.000005 0.000799 0.000044 0.001177 0.000149 0.000553 0.002498 0.004306 0.001322 0.021437 0.912275 0.002687 0.000010 0.004460
 0.021810 0.000008 0.000469 0.000353 0.000482 0.025155 0.000005 0.000799 0.000044 0.001177 0.000149 0.000553 0.002498 0.004306 0.001322 0.930528 0.003184 0.002687 0.000010 0.004460
 0.021810 0.000008 0.000469 0.000353 0.000482 0.025155 0.000005 0.000799 0.000044 0.001177 0.000149 0.000553 0.002498 0.004306 0.001322 0.930528 0.003184 0.002687 0.000010 0.004460

MOTIF 14-ASSQAS STREME-14
letter-probability matrix: alength= 20 w= 6 nsites= 64 E= 6.2e-001
 0.572403 0.000000 0.000014 0.000011 0.000014 0.041157 0.000000 0.000024 0.000001 0.000035 0.000004 0.000017 0.000075 0.000129 0.000040 0.159381 0.226481 0.000080 0.000000 0.000133
 0.000653 0.000000 0.000014 0.000011 0.000014 0.000753 0.000000 0.000024 0.000001 0.000035 0.000004 0.000017 0.000075 0.000129 0.000040 0.997921 0.000095 0.000080 0.000000 0.000133
 0.000653 0.000000 0.000014 0.000011 0.000014 0.000753 0.000000 0.000024 0.000001 0.000035 0.000004 0.000017 0.000075 0.000129 0.000040 0.997921 0.000095 0.000080 0.000000 0.000133
 0.000653 0.000000 0.000014 0.000011 0.000014 0.000753 0.000000 0.000024 0.000001 0.000035 0.000004 0.000017 0.000075 0.997408 0.000040 0.000642 0.000095 0.000080 0.000000 0.000133
 0.482899 0.000000 0.000014 0.000011 0.000014 0.000753 0.000000 0.075472 0.000001 0.000035 0.000004 0.000017 0.000075 0.000129 0.000040 0.076101 0.232174 0.132127 0.000000 0.000133
 0.000653 0.000000 0.000014 0.000011 0.000014 0.000753 0.000000 0.000024 0.000001 0.000035 0.000004 0.000017 0.000075 0.000129 0.000040 0.997921 0.000095 0.000080 0.000000 0.000133

MOTIF 15-GSSI STREME-15
letter-probability matrix: alength= 20 w= 4 nsites= 38 E= 6.2e-001
 0.021810 0.000008 0.000469 0.000353 0.000482 0.934246 0.000005 0.000799 0.000044 0.001177 0.000149 0.000553 0.002498 0.004306 0.001322 0.021437 0.003184 0.002687 0.000010 0.004460
 0.021810 0.000008 0.000469 0.000353 0.000482 0.025155 0.000005 0.000799 0.000044 0.001177 0.000149 0.000553 0.002498 0.004306 0.001322 0.930528 0.003184 0.002687 0.000010 0.004460
 0.021810 0.000008 0.000469 0.000353 0.000482 0.025155 0.000005 0.000799 0.000044 0.001177 0.000149 0.000553 0.002498 0.004306 0.001322 0.930528 0.003184 0.002687 0.000010 0.004460
 0.021810 0.000008 0.000469 0.000353 0.000482 0.025155 0.000005 0.909890 0.000044 0.001177 0.000149 0.000553 0.002498 0.004306 0.001322 0.021437 0.003184 0.002687 0.000010 0.004460

MOTIF 16-YYQSS STREME-16
letter-probability matrix: alength= 20 w= 5 nsites= 60 E= 1.1e+000
 0.000711 0.000000 0.000015 0.000012 0.000016 0.004779 0.000000 0.000026 0.000001 0.000038 0.000005 0.278428 0.000081 0.000140 0.102840 0.200972 0.000104 0.000088 0.000000 0.411742
 0.000711 0.000000 0.000015 0.000012 0.000016 0.000821 0.000000 0.000026 0.000001 0.000038 0.000005 0.000018 0.000081 0.000140 0.000043 0.000699 0.000104 0.000088 0.000000 0.997180
 0.000711 0.000000 0.000015 0.000012 0.000016 0.000821 0.000000 0.000026 0.000001 0.000038 0.000005 0.000018 0.000081 0.976621 0.020597 0.000699 0.000104 0.000088 0.000000 0.000145
 0.000711 0.000000 0.000015 0.000012 0.000016 0.000821 0.000000 0.000026 0.000001 0.000038 0.000005 0.000018 0.000081 0.000140 0.000043 0.956623 0.041215 0.000088 0.000000 0.000145
 0.000711 0.000000 0.000015 0.000012 0.000016 0.135333 0.000000 0.000026 0.000001 0.000038 0.000005 0.000018 0.000081 0.000140 0.000043 0.822110 0.041215 0.000088 0.000000 0.000145

MOTIF 17-YRSTS STREME-17
letter-probability matrix: alength= 20 w= 5 nsites= 81 E= 4.1e+000
 0.085704 0.000000 0.000016 0.000012 0.000016 0.000848 0.000000 0.000027 0.000001 0.000040 0.000005 0.000019 0.000084 0.000145 0.000045 0.103347 0.000107 0.000091 0.000000 0.809493
 0.000735 0.000000 0.000016 0.000012 0.000016 0.139836 0.000000 0.000027 0.000001 0.000040 0.000005 0.000019 0.000084 0.085114 0.719047 0.054699 0.000107 0.000091 0.000000 0.000150
 0.000735 0.000000 0.000016 0.000012 0.000016 0.000848 0.000000 0.000027 0.000001 0.000040 0.000005 0.000019 0.000084 0.000145 0.000045 0.997659 0.000107 0.000091 0.000000 0.000150
 0.000735 0.000000 0.000016 0.000012 0.000016 0.000848 0.000000 0.000027 0.000001 0.000040 0.000005 0.000019 0.000084 0.000145 0.000045 0.170705 0.827061 0.000091 0.000000 0.000150
 0.000735 0.000000 0.000016 0.000012 0.000016 0.000848 0.000000 0.000027 0.000001 0.000040 0.000005 0.000019 0.000084 0.000145 0.000045 0.997659 0.000107 0.000091 0.000000 0.000150

MOTIF 18-ASAAVSV STREME-18
letter-probability matrix: alength= 20 w= 7 nsites= 33 E= 5.6e+000
 0.804559 0.000000 0.000028 0.000021 0.000029 0.001527 0.000000 0.000048 0.000003 0.000071 0.000009 0.000034 0.000152 0.000261 0.000080 0.192549 0.000193 0.000163 0.000001 0.000271
 0.001324 0.000000 0.000028 0.000021 0.000029 0.001527 0.000000 0.000048 0.000003 0.000071 0.000009 0.000034 0.000152 0.000261 0.000080 0.995784 0.000193 0.000163 0.000001 0.000271
 0.881073 0.000000 0.000028 0.000021 0.000029 0.001527 0.000000 0.000048 0.000003 0.000071 0.000009 0.000034 0.000152 0.000261 0.000080 0.116034 0.000193 0.000163 0.000001 0.000271
 0.842819 0.000000 0.000028 0.000021 0.000029 0.001527 0.000000 0.000048 0.000003 0.000071 0.000009 0.000034 0.000152 0.000261 0.000080 0.154289 0.000193 0.000163 0.000001 0.000271
 0.077807 0.000000 0.000028 0.000021 0.000029 0.001527 0.000000 0.000048 0.000003 0.000071 0.000009 0.000034 0.000152 0.000261 0.000080 0.001301 0.000193 0.918162 0.000001 0.000271
 0.001324 0.000000 0.000028 0.000021 0.000029 0.001527 0.000000 0.000048 0.000003 0.000071 0.000009 0.000034 0.000152 0.000261 0.000080 0.995784 0.000193 0.000163 0.000001 0.000271
 0.001324 0.000000 0.000028 0.000021 0.000029 0.001527 0.000000 0.000048 0.000003 0.000071 0.000009 0.000034 0.000152 0.000261 0.000080 0.039540 0.114927 0.841673 0.000001 0.000271

********************************************************************************
Stopped because 3 consecutive motifs exceeded the p-value threshold (0.05).
********************************************************************************
COMMAND:	streme --protein --p ./Data/v0_cluster_windows_15mers/cluster_18.fasta --minw 3 --maxw 15 --thresh 0.05 --oc ./Results/v0_Parallel_Run_20250503_171149/streme_out_cluster_18
********************************************************************************
CPU:		Hirokis-MacBook-Air.local
********************************************************************************
FINALTIME:	104.72 seconds
********************************************************************************
