********************************************************************************
STREME - Sensitive, Thorough, Rapid, Enriched Motif Elicitation
********************************************************************************
MEME version 5.5.7 (Release date: Wed Jun 19 13:59:04 2024 -0700)

For further information on how to interpret these results please access https://meme-suite.org/meme.
To get a copy of the MEME Suite software please access https://meme-suite.org.

********************************************************************************


********************************************************************************
REFERENCE
********************************************************************************
If you use this program in your research, please cite:

Timothy L. Bailey,
"STREME: accurate and versatile sequence motif discovery",
Bioinformatics, Mar. 24, 2021.
********************************************************************************


ALPHABET= ACDEFGHIKLMNPQRSTVWY

strands: +

Background letter frequencies
A 0.334 C 6.66e-05 D 0.0666 E 6.66e-05 F 6.66e-05 G 0.141 H 6.66e-05 I 0.00939 K 6.66e-05 L 0.00273 M 6.66e-05 N 6.66e-05 P 6.66e-05 Q 0.0626 R 6.66e-05 S 0.145 T 0.00406 V 0.233 W 6.66e-05 Y 6.66e-05 

MOTIF 1-GVAVSVGADAQAAVS STREME-1
letter-probability matrix: alength= 20 w= 15 nsites= 50 E= 4.0e-003
 0.030391 0.000006 0.006058 0.000006 0.000006 0.921927 0.000006 0.000853 0.000006 0.000248 0.000006 0.000006 0.000006 0.005695 0.000006 0.013200 0.000369 0.021191 0.000006 0.000006
 0.030391 0.000006 0.006058 0.000006 0.000006 0.012836 0.000006 0.000853 0.000006 0.000248 0.000006 0.000006 0.000006 0.005695 0.000006 0.013200 0.000369 0.930282 0.000006 0.000006
 0.939482 0.000006 0.006058 0.000006 0.000006 0.012836 0.000006 0.000853 0.000006 0.000248 0.000006 0.000006 0.000006 0.005695 0.000006 0.013200 0.000369 0.021191 0.000006 0.000006
 0.030391 0.000006 0.006058 0.000006 0.000006 0.012836 0.000006 0.000853 0.000006 0.000248 0.000006 0.000006 0.000006 0.005695 0.000006 0.013200 0.000369 0.930282 0.000006 0.000006
 0.030391 0.000006 0.006058 0.000006 0.000006 0.012836 0.000006 0.000853 0.000006 0.000248 0.000006 0.000006 0.000006 0.005695 0.000006 0.922291 0.000369 0.021191 0.000006 0.000006
 0.030391 0.000006 0.006058 0.000006 0.000006 0.012836 0.000006 0.000853 0.000006 0.000248 0.000006 0.000006 0.000006 0.005695 0.000006 0.013200 0.000369 0.930282 0.000006 0.000006
 0.030391 0.000006 0.006058 0.000006 0.000006 0.921927 0.000006 0.000853 0.000006 0.000248 0.000006 0.000006 0.000006 0.005695 0.000006 0.013200 0.000369 0.021191 0.000006 0.000006
 0.939482 0.000006 0.006058 0.000006 0.000006 0.012836 0.000006 0.000853 0.000006 0.000248 0.000006 0.000006 0.000006 0.005695 0.000006 0.013200 0.000369 0.021191 0.000006 0.000006
 0.030391 0.000006 0.915149 0.000006 0.000006 0.012836 0.000006 0.000853 0.000006 0.000248 0.000006 0.000006 0.000006 0.005695 0.000006 0.013200 0.000369 0.021191 0.000006 0.000006
 0.939482 0.000006 0.006058 0.000006 0.000006 0.012836 0.000006 0.000853 0.000006 0.000248 0.000006 0.000006 0.000006 0.005695 0.000006 0.013200 0.000369 0.021191 0.000006 0.000006
 0.030391 0.000006 0.006058 0.000006 0.000006 0.012836 0.000006 0.000853 0.000006 0.000248 0.000006 0.000006 0.000006 0.914786 0.000006 0.013200 0.000369 0.021191 0.000006 0.000006
 0.939482 0.000006 0.006058 0.000006 0.000006 0.012836 0.000006 0.000853 0.000006 0.000248 0.000006 0.000006 0.000006 0.005695 0.000006 0.013200 0.000369 0.021191 0.000006 0.000006
 0.939482 0.000006 0.006058 0.000006 0.000006 0.012836 0.000006 0.000853 0.000006 0.000248 0.000006 0.000006 0.000006 0.005695 0.000006 0.013200 0.000369 0.021191 0.000006 0.000006
 0.030391 0.000006 0.006058 0.000006 0.000006 0.012836 0.000006 0.000853 0.000006 0.000248 0.000006 0.000006 0.000006 0.005695 0.000006 0.013200 0.000369 0.930282 0.000006 0.000006
 0.030391 0.000006 0.006058 0.000006 0.000006 0.012836 0.000006 0.000853 0.000006 0.000248 0.000006 0.000006 0.000006 0.005695 0.000006 0.922291 0.000369 0.021191 0.000006 0.000006

********************************************************************************
Stopped because the next motif had no positive sites with scores > 0.
********************************************************************************
COMMAND:	streme --protein --p ./Data/v1_cluster_windows_15mers/cluster_18206.fasta --minw 3 --maxw 15 --thresh 0.05 --oc ./Results/v1_Top500_Run_20250504_162200/streme_out_cluster_18206
********************************************************************************
CPU:		Hirokis-MacBook-Air.local
********************************************************************************
FINALTIME:	0.14 seconds
********************************************************************************
