********************************************************************************
STREME - Sensitive, Thorough, Rapid, Enriched Motif Elicitation
********************************************************************************
MEME version 5.5.7 (Release date: Wed Jun 19 13:59:04 2024 -0700)

For further information on how to interpret these results please access https://meme-suite.org/meme.
To get a copy of the MEME Suite software please access https://meme-suite.org.

********************************************************************************


********************************************************************************
REFERENCE
********************************************************************************
If you use this program in your research, please cite:

Timothy L. Bailey,
"STREME: accurate and versatile sequence motif discovery",
Bioinformatics, Mar. 24, 2021.
********************************************************************************


ALPHABET= ACDEFGHIKLMNPQRSTVWY

strands: +

Background letter frequencies
A 0.148 C 3.92e-05 D 3.92e-05 E 0.000823 F 0.000823 G 0.107 H 3.92e-05 I 0.0549 K 3.92e-05 L 0.133 M 0.00161 N 0.0808 P 0.000823 Q 0.0659 R 0.000823 S 0.25 T 0.0173 V 0.138 W 3.92e-05 Y 3.92e-05 

MOTIF 1-SGALNSLVSQIS STREME-1
letter-probability matrix: alength= 20 w= 12 nsites= 85 E= 3.9e-004
 0.013472 0.000004 0.000004 0.000075 0.000075 0.009690 0.000004 0.004991 0.000004 0.012118 0.000146 0.007341 0.000075 0.005988 0.000075 0.931817 0.001571 0.012545 0.000004 0.000004
 0.013472 0.000004 0.000004 0.000075 0.000075 0.918781 0.000004 0.004991 0.000004 0.012118 0.000146 0.007341 0.000075 0.005988 0.000075 0.022726 0.001571 0.012545 0.000004 0.000004
 0.922563 0.000004 0.000004 0.000075 0.000075 0.009690 0.000004 0.004991 0.000004 0.012118 0.000146 0.007341 0.000075 0.005988 0.000075 0.022726 0.001571 0.012545 0.000004 0.000004
 0.013472 0.000004 0.000004 0.000075 0.000075 0.009690 0.000004 0.004991 0.000004 0.921209 0.000146 0.007341 0.000075 0.005988 0.000075 0.022726 0.001571 0.012545 0.000004 0.000004
 0.013472 0.000004 0.000004 0.000075 0.000075 0.009690 0.000004 0.004991 0.000004 0.012118 0.000146 0.916432 0.000075 0.005988 0.000075 0.022726 0.001571 0.012545 0.000004 0.000004
 0.013472 0.000004 0.000004 0.000075 0.000075 0.009690 0.000004 0.004991 0.000004 0.012118 0.000146 0.007341 0.000075 0.005988 0.000075 0.931817 0.001571 0.012545 0.000004 0.000004
 0.013472 0.000004 0.000004 0.000075 0.000075 0.009690 0.000004 0.004991 0.000004 0.921209 0.000146 0.007341 0.000075 0.005988 0.000075 0.022726 0.001571 0.012545 0.000004 0.000004
 0.013472 0.000004 0.000004 0.000075 0.000075 0.009690 0.000004 0.004991 0.000004 0.012118 0.000146 0.007341 0.000075 0.005988 0.000075 0.022726 0.001571 0.921636 0.000004 0.000004
 0.013472 0.000004 0.000004 0.000075 0.000075 0.009690 0.000004 0.004991 0.000004 0.012118 0.000146 0.007341 0.000075 0.005988 0.000075 0.931817 0.001571 0.012545 0.000004 0.000004
 0.013472 0.000004 0.000004 0.000075 0.000075 0.009690 0.000004 0.004991 0.000004 0.012118 0.000146 0.007341 0.000075 0.915079 0.000075 0.022726 0.001571 0.012545 0.000004 0.000004
 0.013472 0.000004 0.000004 0.000075 0.000075 0.009690 0.000004 0.914082 0.000004 0.012118 0.000146 0.007341 0.000075 0.005988 0.000075 0.022726 0.001571 0.012545 0.000004 0.000004
 0.013472 0.000004 0.000004 0.000075 0.000075 0.009690 0.000004 0.004991 0.000004 0.012118 0.000146 0.007341 0.000075 0.005988 0.000075 0.931817 0.001571 0.012545 0.000004 0.000004

MOTIF 2-ASV STREME-2
letter-probability matrix: alength= 20 w= 3 nsites= 15 E= 1.9e-001
 0.922563 0.000004 0.000004 0.000075 0.000075 0.009690 0.000004 0.004991 0.000004 0.012118 0.000146 0.007341 0.000075 0.005988 0.000075 0.022726 0.001571 0.012545 0.000004 0.000004
 0.013472 0.000004 0.000004 0.000075 0.000075 0.009690 0.000004 0.004991 0.000004 0.012118 0.000146 0.007341 0.000075 0.005988 0.000075 0.931817 0.001571 0.012545 0.000004 0.000004
 0.013472 0.000004 0.000004 0.000075 0.000075 0.009690 0.000004 0.004991 0.000004 0.012118 0.000146 0.007341 0.000075 0.005988 0.000075 0.022726 0.001571 0.921636 0.000004 0.000004

MOTIF 3-AAV STREME-3
letter-probability matrix: alength= 20 w= 3 nsites= 41 E= 2.5e+000
 0.922563 0.000004 0.000004 0.000075 0.000075 0.009690 0.000004 0.004991 0.000004 0.012118 0.000146 0.007341 0.000075 0.005988 0.000075 0.022726 0.001571 0.012545 0.000004 0.000004
 0.922563 0.000004 0.000004 0.000075 0.000075 0.009690 0.000004 0.004991 0.000004 0.012118 0.000146 0.007341 0.000075 0.005988 0.000075 0.022726 0.001571 0.012545 0.000004 0.000004
 0.013472 0.000004 0.000004 0.000075 0.000075 0.009690 0.000004 0.004991 0.000004 0.012118 0.000146 0.007341 0.000075 0.005988 0.000075 0.022726 0.001571 0.921636 0.000004 0.000004

MOTIF 4-NVV STREME-4
letter-probability matrix: alength= 20 w= 3 nsites= 6 E= 2.5e+000
 0.013472 0.000004 0.000004 0.000075 0.000075 0.009690 0.000004 0.004991 0.000004 0.012118 0.000146 0.916432 0.000075 0.005988 0.000075 0.022726 0.001571 0.012545 0.000004 0.000004
 0.013472 0.000004 0.000004 0.000075 0.000075 0.009690 0.000004 0.004991 0.000004 0.012118 0.000146 0.007341 0.000075 0.005988 0.000075 0.022726 0.001571 0.921636 0.000004 0.000004
 0.013472 0.000004 0.000004 0.000075 0.000075 0.009690 0.000004 0.004991 0.000004 0.012118 0.000146 0.007341 0.000075 0.005988 0.000075 0.022726 0.001571 0.921636 0.000004 0.000004

MOTIF 5-SVV STREME-5
letter-probability matrix: alength= 20 w= 3 nsites= 3 E= 2.5e+000
 0.013472 0.000004 0.000004 0.000075 0.000075 0.009690 0.000004 0.004991 0.000004 0.012118 0.000146 0.007341 0.000075 0.005988 0.000075 0.931817 0.001571 0.012545 0.000004 0.000004
 0.013472 0.000004 0.000004 0.000075 0.000075 0.009690 0.000004 0.004991 0.000004 0.012118 0.000146 0.007341 0.000075 0.005988 0.000075 0.022726 0.001571 0.921636 0.000004 0.000004
 0.013472 0.000004 0.000004 0.000075 0.000075 0.009690 0.000004 0.004991 0.000004 0.012118 0.000146 0.007341 0.000075 0.005988 0.000075 0.022726 0.001571 0.921636 0.000004 0.000004

********************************************************************************
Stopped because 3 consecutive motifs exceeded the p-value threshold (0.05).
********************************************************************************
COMMAND:	streme --protein --p ./Data/v1_cluster_windows_15mers/cluster_14380.fasta --minw 3 --maxw 15 --thresh 0.05 --oc ./Results/v1_Top500_Run_20250504_162200/streme_out_cluster_14380
********************************************************************************
CPU:		Hirokis-MacBook-Air.local
********************************************************************************
FINALTIME:	0.20 seconds
********************************************************************************
