********************************************************************************
STREME - Sensitive, Thorough, Rapid, Enriched Motif Elicitation
********************************************************************************
MEME version 5.5.7 (Release date: Wed Jun 19 13:59:04 2024 -0700)

For further information on how to interpret these results please access https://meme-suite.org/meme.
To get a copy of the MEME Suite software please access https://meme-suite.org.

********************************************************************************


********************************************************************************
REFERENCE
********************************************************************************
If you use this program in your research, please cite:

Timothy L. Bailey,
"STREME: accurate and versatile sequence motif discovery",
Bioinformatics, Mar. 24, 2021.
********************************************************************************


ALPHABET= ACDEFGHIKLMNPQRSTVWY

strands: +

Background letter frequencies
A 0.197 C 5.55e-05 D 5.55e-05 E 5.55e-05 F 5.55e-05 G 0.503 H 5.55e-05 I 5.55e-05 K 5.55e-05 L 5.55e-05 M 5.55e-05 N 5.55e-05 P 5.55e-05 Q 5.55e-05 R 5.55e-05 S 0.112 T 5.55e-05 V 5.55e-05 W 5.55e-05 Y 0.188 

MOTIF 1-GSGYGAGYGAGGAG STREME-1
letter-probability matrix: alength= 20 w= 14 nsites= 60 E= 4.3e-003
 0.017864 0.000005 0.000005 0.000005 0.000005 0.954801 0.000005 0.000005 0.000005 0.000005 0.000005 0.000005 0.000005 0.000005 0.000005 0.010200 0.000005 0.000005 0.000005 0.017055
 0.017864 0.000005 0.000005 0.000005 0.000005 0.045710 0.000005 0.000005 0.000005 0.000005 0.000005 0.000005 0.000005 0.000005 0.000005 0.919291 0.000005 0.000005 0.000005 0.017055
 0.017864 0.000005 0.000005 0.000005 0.000005 0.954801 0.000005 0.000005 0.000005 0.000005 0.000005 0.000005 0.000005 0.000005 0.000005 0.010200 0.000005 0.000005 0.000005 0.017055
 0.017864 0.000005 0.000005 0.000005 0.000005 0.045710 0.000005 0.000005 0.000005 0.000005 0.000005 0.000005 0.000005 0.000005 0.000005 0.010200 0.000005 0.000005 0.000005 0.926146
 0.017864 0.000005 0.000005 0.000005 0.000005 0.954801 0.000005 0.000005 0.000005 0.000005 0.000005 0.000005 0.000005 0.000005 0.000005 0.010200 0.000005 0.000005 0.000005 0.017055
 0.926955 0.000005 0.000005 0.000005 0.000005 0.045710 0.000005 0.000005 0.000005 0.000005 0.000005 0.000005 0.000005 0.000005 0.000005 0.010200 0.000005 0.000005 0.000005 0.017055
 0.017864 0.000005 0.000005 0.000005 0.000005 0.954801 0.000005 0.000005 0.000005 0.000005 0.000005 0.000005 0.000005 0.000005 0.000005 0.010200 0.000005 0.000005 0.000005 0.017055
 0.017864 0.000005 0.000005 0.000005 0.000005 0.045710 0.000005 0.000005 0.000005 0.000005 0.000005 0.000005 0.000005 0.000005 0.000005 0.010200 0.000005 0.000005 0.000005 0.926146
 0.017864 0.000005 0.000005 0.000005 0.000005 0.954801 0.000005 0.000005 0.000005 0.000005 0.000005 0.000005 0.000005 0.000005 0.000005 0.010200 0.000005 0.000005 0.000005 0.017055
 0.926955 0.000005 0.000005 0.000005 0.000005 0.045710 0.000005 0.000005 0.000005 0.000005 0.000005 0.000005 0.000005 0.000005 0.000005 0.010200 0.000005 0.000005 0.000005 0.017055
 0.017864 0.000005 0.000005 0.000005 0.000005 0.954801 0.000005 0.000005 0.000005 0.000005 0.000005 0.000005 0.000005 0.000005 0.000005 0.010200 0.000005 0.000005 0.000005 0.017055
 0.017864 0.000005 0.000005 0.000005 0.000005 0.954801 0.000005 0.000005 0.000005 0.000005 0.000005 0.000005 0.000005 0.000005 0.000005 0.010200 0.000005 0.000005 0.000005 0.017055
 0.926955 0.000005 0.000005 0.000005 0.000005 0.045710 0.000005 0.000005 0.000005 0.000005 0.000005 0.000005 0.000005 0.000005 0.000005 0.010200 0.000005 0.000005 0.000005 0.017055
 0.017864 0.000005 0.000005 0.000005 0.000005 0.954801 0.000005 0.000005 0.000005 0.000005 0.000005 0.000005 0.000005 0.000005 0.000005 0.010200 0.000005 0.000005 0.000005 0.017055

MOTIF 2-YGS STREME-2
letter-probability matrix: alength= 20 w= 3 nsites= 4 E= 2.0e+000
 0.017864 0.000005 0.000005 0.000005 0.000005 0.045710 0.000005 0.000005 0.000005 0.000005 0.000005 0.000005 0.000005 0.000005 0.000005 0.010200 0.000005 0.000005 0.000005 0.926146
 0.017864 0.000005 0.000005 0.000005 0.000005 0.954801 0.000005 0.000005 0.000005 0.000005 0.000005 0.000005 0.000005 0.000005 0.000005 0.010200 0.000005 0.000005 0.000005 0.017055
 0.017864 0.000005 0.000005 0.000005 0.000005 0.045710 0.000005 0.000005 0.000005 0.000005 0.000005 0.000005 0.000005 0.000005 0.000005 0.919291 0.000005 0.000005 0.000005 0.017055

MOTIF 3-YGA STREME-3
letter-probability matrix: alength= 20 w= 3 nsites= 21 E= 2.9e+000
 0.017864 0.000005 0.000005 0.000005 0.000005 0.045710 0.000005 0.000005 0.000005 0.000005 0.000005 0.000005 0.000005 0.000005 0.000005 0.010200 0.000005 0.000005 0.000005 0.926146
 0.017864 0.000005 0.000005 0.000005 0.000005 0.954801 0.000005 0.000005 0.000005 0.000005 0.000005 0.000005 0.000005 0.000005 0.000005 0.010200 0.000005 0.000005 0.000005 0.017055
 0.926955 0.000005 0.000005 0.000005 0.000005 0.045710 0.000005 0.000005 0.000005 0.000005 0.000005 0.000005 0.000005 0.000005 0.000005 0.010200 0.000005 0.000005 0.000005 0.017055

MOTIF 4-SGA STREME-4
letter-probability matrix: alength= 20 w= 3 nsites= 2 E= 4.0e+000
 0.017864 0.000005 0.000005 0.000005 0.000005 0.045710 0.000005 0.000005 0.000005 0.000005 0.000005 0.000005 0.000005 0.000005 0.000005 0.919291 0.000005 0.000005 0.000005 0.017055
 0.017864 0.000005 0.000005 0.000005 0.000005 0.954801 0.000005 0.000005 0.000005 0.000005 0.000005 0.000005 0.000005 0.000005 0.000005 0.010200 0.000005 0.000005 0.000005 0.017055
 0.926955 0.000005 0.000005 0.000005 0.000005 0.045710 0.000005 0.000005 0.000005 0.000005 0.000005 0.000005 0.000005 0.000005 0.000005 0.010200 0.000005 0.000005 0.000005 0.017055

********************************************************************************
Stopped because 3 consecutive motifs exceeded the p-value threshold (0.05).
********************************************************************************
COMMAND:	streme --protein --p ./Data/v1_cluster_windows_15mers/cluster_13761.fasta --minw 3 --maxw 15 --thresh 0.05 --oc ./Results/v1_Top500_Run_20250504_162200/streme_out_cluster_13761
********************************************************************************
CPU:		Hirokis-MacBook-Air.local
********************************************************************************
FINALTIME:	0.14 seconds
********************************************************************************
