********************************************************************************
STREME - Sensitive, Thorough, Rapid, Enriched Motif Elicitation
********************************************************************************
MEME version 5.5.7 (Release date: Wed Jun 19 13:59:04 2024 -0700)

For further information on how to interpret these results please access https://meme-suite.org/meme.
To get a copy of the MEME Suite software please access https://meme-suite.org.

********************************************************************************


********************************************************************************
REFERENCE
********************************************************************************
If you use this program in your research, please cite:

Timothy L. Bailey,
"STREME: accurate and versatile sequence motif discovery",
Bioinformatics, Mar. 24, 2021.
********************************************************************************


ALPHABET= ACDEFGHIKLMNPQRSTVWY

strands: +

Background letter frequencies
A 0.337 C 6.66e-05 D 0.012 E 0.0134 F 6.66e-05 G 0.176 H 0.0014 I 0.0174 K 6.66e-05 L 0.0174 M 6.66e-05 N 6.66e-05 P 0.0653 Q 0.00273 R 0.0014 S 0.194 T 0.0839 V 0.0693 W 0.0014 Y 0.00672 

MOTIF 1-STAAA STREME-1
letter-probability matrix: alength= 20 w= 5 nsites= 39 E= 9.5e-002
 0.001292 0.000000 0.000046 0.000051 0.000000 0.000674 0.000005 0.000067 0.000000 0.000067 0.000000 0.000000 0.000250 0.000010 0.000005 0.830666 0.166568 0.000266 0.000005 0.000026
 0.154709 0.000000 0.000046 0.000051 0.000000 0.000674 0.000005 0.000067 0.000000 0.000067 0.000000 0.000000 0.000250 0.000010 0.000005 0.319643 0.441764 0.082675 0.000005 0.000026
 0.997458 0.000000 0.000046 0.000051 0.000000 0.000674 0.000005 0.000067 0.000000 0.000067 0.000000 0.000000 0.000250 0.000010 0.000005 0.000746 0.000322 0.000266 0.000005 0.000026
 0.997458 0.000000 0.000046 0.000051 0.000000 0.000674 0.000005 0.000067 0.000000 0.000067 0.000000 0.000000 0.000250 0.000010 0.000005 0.000746 0.000322 0.000266 0.000005 0.000026
 0.749969 0.000000 0.000046 0.000051 0.000000 0.000674 0.000005 0.000067 0.000000 0.000067 0.000000 0.000000 0.000250 0.000010 0.000005 0.000746 0.000322 0.247754 0.000005 0.000026

MOTIF 2-ISGP STREME-2
letter-probability matrix: alength= 20 w= 4 nsites= 16 E= 2.0e+000
 0.167971 0.000001 0.000141 0.000157 0.000001 0.002063 0.000016 0.660435 0.000001 0.000204 0.000001 0.000001 0.164783 0.000032 0.000016 0.002282 0.000985 0.000813 0.000016 0.000079
 0.003955 0.000001 0.000141 0.000157 0.000001 0.002063 0.000016 0.000204 0.000001 0.000204 0.000001 0.000001 0.082112 0.000032 0.000016 0.909202 0.000985 0.000813 0.000016 0.000079
 0.085300 0.000001 0.000141 0.000157 0.000001 0.908982 0.000016 0.000204 0.000001 0.000204 0.000001 0.000001 0.000766 0.000032 0.000016 0.002282 0.000985 0.000813 0.000016 0.000079
 0.003955 0.000001 0.000141 0.000157 0.000001 0.002063 0.000016 0.000204 0.000001 0.164221 0.000001 0.000001 0.825014 0.000032 0.000016 0.002282 0.000985 0.000813 0.000016 0.000079

MOTIF 3-TTAA STREME-3
letter-probability matrix: alength= 20 w= 4 nsites= 7 E= 4.0e+000
 0.030635 0.000006 0.001095 0.001216 0.000006 0.015981 0.000127 0.001580 0.000006 0.001580 0.000006 0.000006 0.005937 0.000248 0.000127 0.017681 0.916722 0.006301 0.000127 0.000611
 0.030635 0.000006 0.001095 0.001216 0.000006 0.015981 0.000127 0.001580 0.000006 0.001580 0.000006 0.000006 0.005937 0.000248 0.000127 0.017681 0.916722 0.006301 0.000127 0.000611
 0.939726 0.000006 0.001095 0.001216 0.000006 0.015981 0.000127 0.001580 0.000006 0.001580 0.000006 0.000006 0.005937 0.000248 0.000127 0.017681 0.007632 0.006301 0.000127 0.000611
 0.939726 0.000006 0.001095 0.001216 0.000006 0.015981 0.000127 0.001580 0.000006 0.001580 0.000006 0.000006 0.005937 0.000248 0.000127 0.017681 0.007632 0.006301 0.000127 0.000611

MOTIF 4-GAAD STREME-4
letter-probability matrix: alength= 20 w= 4 nsites= 6 E= 4.0e+000
 0.030635 0.000006 0.001095 0.001216 0.000006 0.925072 0.000127 0.001580 0.000006 0.001580 0.000006 0.000006 0.005937 0.000248 0.000127 0.017681 0.007632 0.006301 0.000127 0.000611
 0.939726 0.000006 0.001095 0.001216 0.000006 0.015981 0.000127 0.001580 0.000006 0.001580 0.000006 0.000006 0.005937 0.000248 0.000127 0.017681 0.007632 0.006301 0.000127 0.000611
 0.939726 0.000006 0.001095 0.001216 0.000006 0.015981 0.000127 0.001580 0.000006 0.001580 0.000006 0.000006 0.005937 0.000248 0.000127 0.017681 0.007632 0.006301 0.000127 0.000611
 0.030635 0.000006 0.910186 0.001216 0.000006 0.015981 0.000127 0.001580 0.000006 0.001580 0.000006 0.000006 0.005937 0.000248 0.000127 0.017681 0.007632 0.006301 0.000127 0.000611

********************************************************************************
Stopped because 3 consecutive motifs exceeded the p-value threshold (0.05).
********************************************************************************
COMMAND:	streme --protein --p ./Data/v1_cluster_windows_15mers/cluster_4337.fasta --minw 3 --maxw 15 --thresh 0.05 --oc ./Results/v1_Top500_Run_20250504_162200/streme_out_cluster_4337
********************************************************************************
CPU:		Hirokis-MacBook-Air.local
********************************************************************************
FINALTIME:	0.21 seconds
********************************************************************************
