********************************************************************************
STREME - Sensitive, Thorough, Rapid, Enriched Motif Elicitation
********************************************************************************
MEME version 5.5.7 (Release date: Wed Jun 19 13:59:04 2024 -0700)

For further information on how to interpret these results please access https://meme-suite.org/meme.
To get a copy of the MEME Suite software please access https://meme-suite.org.

********************************************************************************


********************************************************************************
REFERENCE
********************************************************************************
If you use this program in your research, please cite:

Timothy L. Bailey,
"STREME: accurate and versatile sequence motif discovery",
Bioinformatics, Mar. 24, 2021.
********************************************************************************


ALPHABET= ACDEFGHIKLMNPQRSTVWY

strands: +

Background letter frequencies
A 0.313 C 5.2e-05 D 0.076 E 5.2e-05 F 5.2e-05 G 0.14 H 5.2e-05 I 5.2e-05 K 5.2e-05 L 5.2e-05 M 5.2e-05 N 0.0167 P 5.2e-05 Q 5.2e-05 R 0.00942 S 0.432 T 0.0115 V 5.2e-05 W 5.2e-05 Y 5.2e-05 

MOTIF 1-SSAAAAASSG STREME-1
letter-probability matrix: alength= 20 w= 10 nsites= 62 E= 1.5e-001
 0.000723 0.000000 0.000175 0.000000 0.000000 0.048904 0.000000 0.000000 0.000000 0.000000 0.000000 0.000039 0.000000 0.000000 0.000022 0.950110 0.000027 0.000000 0.000000 0.000000
 0.345236 0.000000 0.000175 0.000000 0.000000 0.065515 0.000000 0.000000 0.000000 0.000000 0.000000 0.000039 0.000000 0.000000 0.000022 0.588985 0.000027 0.000000 0.000000 0.000000
 0.761900 0.000000 0.000175 0.000000 0.000000 0.000324 0.000000 0.000000 0.000000 0.000000 0.000000 0.000039 0.000000 0.000000 0.000022 0.237512 0.000027 0.000000 0.000000 0.000000
 0.949836 0.000000 0.000175 0.000000 0.000000 0.000324 0.000000 0.000000 0.000000 0.000000 0.000000 0.000039 0.000000 0.000000 0.000022 0.049576 0.000027 0.000000 0.000000 0.000000
 0.998416 0.000000 0.000175 0.000000 0.000000 0.000324 0.000000 0.000000 0.000000 0.000000 0.000000 0.000039 0.000000 0.000000 0.000022 0.000996 0.000027 0.000000 0.000000 0.000000
 0.917655 0.000000 0.000175 0.000000 0.000000 0.000324 0.000000 0.000000 0.000000 0.000000 0.000000 0.000039 0.000000 0.000000 0.000022 0.081758 0.000027 0.000000 0.000000 0.000000
 0.787274 0.000000 0.000175 0.000000 0.000000 0.000324 0.000000 0.000000 0.000000 0.000000 0.000000 0.000039 0.000000 0.000000 0.000022 0.212138 0.000027 0.000000 0.000000 0.000000
 0.075645 0.000000 0.000175 0.000000 0.000000 0.032506 0.000000 0.000000 0.000000 0.000000 0.000000 0.000039 0.000000 0.000000 0.000022 0.891585 0.000027 0.000000 0.000000 0.000000
 0.000723 0.000000 0.000175 0.000000 0.000000 0.000324 0.000000 0.000000 0.000000 0.000000 0.000000 0.000039 0.000000 0.000000 0.000022 0.933499 0.065217 0.000000 0.000000 0.000000
 0.000723 0.000000 0.000175 0.000000 0.000000 0.923095 0.000000 0.000000 0.000000 0.000000 0.000000 0.000039 0.000000 0.000000 0.000022 0.075919 0.000027 0.000000 0.000000 0.000000

MOTIF 2-DDN STREME-2
letter-probability matrix: alength= 20 w= 3 nsites= 23 E= 1.5e-001
 0.028482 0.000005 0.916001 0.000005 0.000005 0.012773 0.000005 0.000005 0.000005 0.000005 0.000005 0.001518 0.000005 0.000005 0.000856 0.039264 0.001045 0.000005 0.000005 0.000005
 0.028482 0.000005 0.916001 0.000005 0.000005 0.012773 0.000005 0.000005 0.000005 0.000005 0.000005 0.001518 0.000005 0.000005 0.000856 0.039264 0.001045 0.000005 0.000005 0.000005
 0.028482 0.000005 0.006910 0.000005 0.000005 0.012773 0.000005 0.000005 0.000005 0.000005 0.000005 0.910609 0.000005 0.000005 0.000856 0.039264 0.001045 0.000005 0.000005 0.000005

MOTIF 3-SGR STREME-3
letter-probability matrix: alength= 20 w= 3 nsites= 7 E= 5.0e+000
 0.006226 0.000001 0.001511 0.000001 0.000001 0.421305 0.000001 0.000001 0.000001 0.000001 0.000001 0.000332 0.000001 0.000001 0.000187 0.570197 0.000229 0.000001 0.000001 0.000001
 0.006226 0.000001 0.001511 0.000001 0.000001 0.982919 0.000001 0.000001 0.000001 0.000001 0.000001 0.000332 0.000001 0.000001 0.000187 0.008583 0.000229 0.000001 0.000001 0.000001
 0.006226 0.000001 0.001511 0.000001 0.000001 0.002792 0.000001 0.000001 0.000001 0.000001 0.000001 0.000332 0.000001 0.000001 0.980314 0.008583 0.000229 0.000001 0.000001 0.000001

MOTIF 4-BGT STREME-4
letter-probability matrix: alength= 20 w= 3 nsites= 4 E= 5.0e+000
 0.010841 0.000002 0.485329 0.000002 0.000002 0.004861 0.000002 0.000002 0.000002 0.000002 0.000002 0.483277 0.000002 0.000002 0.000326 0.014944 0.000398 0.000002 0.000002 0.000002
 0.010841 0.000002 0.002630 0.000002 0.000002 0.970260 0.000002 0.000002 0.000002 0.000002 0.000002 0.000578 0.000002 0.000002 0.000326 0.014944 0.000398 0.000002 0.000002 0.000002
 0.010841 0.000002 0.002630 0.000002 0.000002 0.004861 0.000002 0.000002 0.000002 0.000002 0.000002 0.000578 0.000002 0.000002 0.000326 0.014944 0.965797 0.000002 0.000002 0.000002

MOTIF 5-SGGN STREME-5
letter-probability matrix: alength= 20 w= 4 nsites= 2 E= 5.0e+000
 0.028482 0.000005 0.006910 0.000005 0.000005 0.012773 0.000005 0.000005 0.000005 0.000005 0.000005 0.001518 0.000005 0.000005 0.000856 0.948354 0.001045 0.000005 0.000005 0.000005
 0.028482 0.000005 0.006910 0.000005 0.000005 0.921864 0.000005 0.000005 0.000005 0.000005 0.000005 0.001518 0.000005 0.000005 0.000856 0.039264 0.001045 0.000005 0.000005 0.000005
 0.028482 0.000005 0.006910 0.000005 0.000005 0.921864 0.000005 0.000005 0.000005 0.000005 0.000005 0.001518 0.000005 0.000005 0.000856 0.039264 0.001045 0.000005 0.000005 0.000005
 0.028482 0.000005 0.006910 0.000005 0.000005 0.012773 0.000005 0.000005 0.000005 0.000005 0.000005 0.910609 0.000005 0.000005 0.000856 0.039264 0.001045 0.000005 0.000005 0.000005

********************************************************************************
Stopped because 3 consecutive motifs exceeded the p-value threshold (0.05).
********************************************************************************
COMMAND:	streme --protein --p ./Data/v1_cluster_windows_15mers/cluster_6596.fasta --minw 3 --maxw 15 --thresh 0.05 --oc ./Results/v1_Top500_Run_20250504_162200/streme_out_cluster_6596
********************************************************************************
CPU:		Hirokis-MacBook-Air.local
********************************************************************************
FINALTIME:	0.19 seconds
********************************************************************************
