********************************************************************************
STREME - Sensitive, Thorough, Rapid, Enriched Motif Elicitation
********************************************************************************
MEME version 5.5.7 (Release date: Wed Jun 19 13:59:04 2024 -0700)

For further information on how to interpret these results please access https://meme-suite.org/meme.
To get a copy of the MEME Suite software please access https://meme-suite.org.

********************************************************************************


********************************************************************************
REFERENCE
********************************************************************************
If you use this program in your research, please cite:

Timothy L. Bailey,
"STREME: accurate and versatile sequence motif discovery",
Bioinformatics, Mar. 24, 2021.
********************************************************************************


ALPHABET= ACDEFGHIKLMNPQRSTVWY

strands: +

Background letter frequencies
A 0.14 C 8.32e-05 D 8.32e-05 E 8.32e-05 F 8.32e-05 G 0.126 H 8.32e-05 I 0.065 K 8.32e-05 L 0.0683 M 8.32e-05 N 0.0184 P 0.0666 Q 8.32e-05 R 0.00507 S 0.379 T 0.12 V 0.0101 W 8.32e-05 Y 8.32e-05 

MOTIF 1-PTSSVALSS STREME-1
letter-probability matrix: alength= 20 w= 9 nsites= 40 S= 9.3e-024
 0.012717 0.000008 0.000008 0.000008 0.000008 0.011499 0.000008 0.005907 0.000008 0.006209 0.000008 0.001672 0.915149 0.000008 0.000461 0.034497 0.010899 0.000915 0.000008 0.000008
 0.012717 0.000008 0.000008 0.000008 0.000008 0.011499 0.000008 0.005907 0.000008 0.006209 0.000008 0.001672 0.006058 0.000008 0.000461 0.034497 0.919990 0.000915 0.000008 0.000008
 0.012717 0.000008 0.000008 0.000008 0.000008 0.011499 0.000008 0.005907 0.000008 0.006209 0.000008 0.001672 0.006058 0.000008 0.000461 0.943588 0.010899 0.000915 0.000008 0.000008
 0.012717 0.000008 0.000008 0.000008 0.000008 0.011499 0.000008 0.005907 0.000008 0.006209 0.000008 0.001672 0.006058 0.000008 0.000461 0.943588 0.010899 0.000915 0.000008 0.000008
 0.012717 0.000008 0.000008 0.000008 0.000008 0.011499 0.000008 0.005907 0.000008 0.006209 0.000008 0.001672 0.006058 0.000008 0.000461 0.034497 0.010899 0.910006 0.000008 0.000008
 0.921808 0.000008 0.000008 0.000008 0.000008 0.011499 0.000008 0.005907 0.000008 0.006209 0.000008 0.001672 0.006058 0.000008 0.000461 0.034497 0.010899 0.000915 0.000008 0.000008
 0.012717 0.000008 0.000008 0.000008 0.000008 0.011499 0.000008 0.005907 0.000008 0.915299 0.000008 0.001672 0.006058 0.000008 0.000461 0.034497 0.010899 0.000915 0.000008 0.000008
 0.012717 0.000008 0.000008 0.000008 0.000008 0.011499 0.000008 0.005907 0.000008 0.006209 0.000008 0.001672 0.006058 0.000008 0.000461 0.943588 0.010899 0.000915 0.000008 0.000008
 0.012717 0.000008 0.000008 0.000008 0.000008 0.011499 0.000008 0.005907 0.000008 0.006209 0.000008 0.001672 0.006058 0.000008 0.000461 0.943588 0.010899 0.000915 0.000008 0.000008

MOTIF 2-SSGG STREME-2
letter-probability matrix: alength= 20 w= 4 nsites= 34 S= 8.7e-017
 0.000447 0.000000 0.000000 0.000000 0.000000 0.000404 0.000000 0.000207 0.000000 0.000218 0.000000 0.000059 0.000213 0.000000 0.000016 0.975885 0.022517 0.000032 0.000000 0.000000
 0.000447 0.000000 0.000000 0.000000 0.000000 0.022538 0.000000 0.000207 0.000000 0.000218 0.000000 0.113233 0.000213 0.000000 0.000016 0.862710 0.000383 0.000032 0.000000 0.000000
 0.000447 0.000000 0.000000 0.000000 0.000000 0.997211 0.000000 0.000207 0.000000 0.000218 0.000000 0.000059 0.000213 0.000000 0.000016 0.001212 0.000383 0.000032 0.000000 0.000000
 0.000447 0.000000 0.000000 0.000000 0.000000 0.997211 0.000000 0.000207 0.000000 0.000218 0.000000 0.000059 0.000213 0.000000 0.000016 0.001212 0.000383 0.000032 0.000000 0.000000

MOTIF 3-NTI STREME-3
letter-probability matrix: alength= 20 w= 3 nsites= 6 S= 1.3e-002
 0.012717 0.000008 0.000008 0.000008 0.000008 0.011499 0.000008 0.005907 0.000008 0.006209 0.000008 0.910763 0.006058 0.000008 0.000461 0.034497 0.010899 0.000915 0.000008 0.000008
 0.012717 0.000008 0.000008 0.000008 0.000008 0.011499 0.000008 0.005907 0.000008 0.006209 0.000008 0.001672 0.006058 0.000008 0.000461 0.034497 0.919990 0.000915 0.000008 0.000008
 0.012717 0.000008 0.000008 0.000008 0.000008 0.011499 0.000008 0.914998 0.000008 0.006209 0.000008 0.001672 0.006058 0.000008 0.000461 0.034497 0.010899 0.000915 0.000008 0.000008

MOTIF 4-GTI STREME-4
letter-probability matrix: alength= 20 w= 3 nsites= 2 S= 2.5e-001
 0.012717 0.000008 0.000008 0.000008 0.000008 0.920590 0.000008 0.005907 0.000008 0.006209 0.000008 0.001672 0.006058 0.000008 0.000461 0.034497 0.010899 0.000915 0.000008 0.000008
 0.012717 0.000008 0.000008 0.000008 0.000008 0.011499 0.000008 0.005907 0.000008 0.006209 0.000008 0.001672 0.006058 0.000008 0.000461 0.034497 0.919990 0.000915 0.000008 0.000008
 0.012717 0.000008 0.000008 0.000008 0.000008 0.011499 0.000008 0.914998 0.000008 0.006209 0.000008 0.001672 0.006058 0.000008 0.000461 0.034497 0.010899 0.000915 0.000008 0.000008

MOTIF 5-SSGA STREME-5
letter-probability matrix: alength= 20 w= 4 nsites= 2 S= 5.0e-001
 0.012717 0.000008 0.000008 0.000008 0.000008 0.011499 0.000008 0.005907 0.000008 0.006209 0.000008 0.001672 0.006058 0.000008 0.000461 0.943588 0.010899 0.000915 0.000008 0.000008
 0.012717 0.000008 0.000008 0.000008 0.000008 0.011499 0.000008 0.005907 0.000008 0.006209 0.000008 0.001672 0.006058 0.000008 0.000461 0.943588 0.010899 0.000915 0.000008 0.000008
 0.012717 0.000008 0.000008 0.000008 0.000008 0.920590 0.000008 0.005907 0.000008 0.006209 0.000008 0.001672 0.006058 0.000008 0.000461 0.034497 0.010899 0.000915 0.000008 0.000008
 0.921808 0.000008 0.000008 0.000008 0.000008 0.011499 0.000008 0.005907 0.000008 0.006209 0.000008 0.001672 0.006058 0.000008 0.000461 0.034497 0.010899 0.000915 0.000008 0.000008

********************************************************************************
Stopped because maximum number of motifs (5) reached.
********************************************************************************
COMMAND:	streme --protein --p ./Data/v1_cluster_windows_15mers/cluster_5310.fasta --minw 3 --maxw 15 --thresh 0.05 --oc ./Results/v1_Top500_Run_20250504_162200/streme_out_cluster_5310
********************************************************************************
CPU:		Hirokis-MacBook-Air.local
********************************************************************************
FINALTIME:	0.13 seconds
********************************************************************************
