********************************************************************************
STREME - Sensitive, Thorough, Rapid, Enriched Motif Elicitation
********************************************************************************
MEME version 5.5.7 (Release date: Wed Jun 19 13:59:04 2024 -0700)

For further information on how to interpret these results please access https://meme-suite.org/meme.
To get a copy of the MEME Suite software please access https://meme-suite.org.

********************************************************************************


********************************************************************************
REFERENCE
********************************************************************************
If you use this program in your research, please cite:

Timothy L. Bailey,
"STREME: accurate and versatile sequence motif discovery",
Bioinformatics, Mar. 24, 2021.
********************************************************************************


ALPHABET= ACDEFGHIKLMNPQRSTVWY

strands: +

Background letter frequencies
A 0.0704 C 6.17e-05 D 0.0667 E 6.17e-05 F 0.00623 G 0.122 H 6.17e-05 I 0.0864 K 0.0013 L 0.0728 M 0.00869 N 0.118 P 0.0284 Q 0.0136 R 0.00253 S 0.282 T 0.026 V 0.0901 W 6.17e-05 Y 0.00376 

MOTIF 1-SSGGVSVDSLSNVIS STREME-1
letter-probability matrix: alength= 20 w= 15 nsites= 54 E= 7.9e-003
 0.073177 0.000000 0.000233 0.000000 0.048402 0.048806 0.000000 0.000301 0.000005 0.000254 0.000030 0.073345 0.000099 0.048789 0.000009 0.681942 0.000091 0.024504 0.000000 0.000013
 0.048625 0.000000 0.000233 0.000000 0.000022 0.073357 0.000000 0.000301 0.024194 0.000254 0.000030 0.121363 0.000099 0.000048 0.000009 0.584448 0.073022 0.000314 0.000000 0.073679
 0.000246 0.000000 0.000233 0.000000 0.000022 0.972746 0.000000 0.000301 0.000005 0.000254 0.000030 0.000413 0.000099 0.000048 0.000009 0.000986 0.024281 0.000314 0.000000 0.000013
 0.024435 0.000000 0.000233 0.000000 0.000022 0.704838 0.000000 0.000301 0.000005 0.000254 0.000030 0.074079 0.072669 0.024237 0.000009 0.049727 0.000091 0.049056 0.000000 0.000013
 0.195584 0.000000 0.000233 0.000000 0.024212 0.000426 0.000000 0.000301 0.000005 0.024444 0.000030 0.024603 0.268008 0.000048 0.000009 0.025176 0.048470 0.388438 0.000000 0.000013
 0.000246 0.000000 0.000233 0.000000 0.000022 0.000426 0.000000 0.000301 0.000005 0.000254 0.000030 0.436928 0.000099 0.000048 0.000009 0.488050 0.073022 0.000314 0.000000 0.000013
 0.170671 0.000000 0.000233 0.000000 0.000022 0.000426 0.000000 0.097061 0.000005 0.000254 0.145893 0.000413 0.000099 0.024237 0.000009 0.122297 0.121402 0.316964 0.000000 0.000013
 0.000246 0.000000 0.996743 0.000000 0.000022 0.000426 0.000000 0.000301 0.000005 0.000254 0.000030 0.000413 0.000099 0.000048 0.000009 0.000986 0.000091 0.000314 0.000000 0.000013
 0.267792 0.000000 0.000233 0.000000 0.000022 0.000426 0.000000 0.000301 0.000005 0.000254 0.000030 0.024603 0.000099 0.000048 0.000009 0.705759 0.000091 0.000314 0.000000 0.000013
 0.000246 0.000000 0.000233 0.000000 0.000022 0.000426 0.000000 0.024491 0.000005 0.972574 0.000030 0.000413 0.000099 0.000048 0.000009 0.000986 0.000091 0.000314 0.000000 0.000013
 0.073177 0.000000 0.000233 0.000000 0.000022 0.000426 0.000000 0.000301 0.000005 0.000254 0.000030 0.000413 0.000099 0.000048 0.000009 0.924564 0.000091 0.000314 0.000000 0.000013
 0.000246 0.000000 0.000233 0.000000 0.000022 0.073357 0.000000 0.000301 0.000005 0.000254 0.000030 0.875612 0.000099 0.000048 0.000009 0.049365 0.000091 0.000314 0.000000 0.000013
 0.145747 0.000000 0.000233 0.000000 0.000022 0.000426 0.000000 0.122347 0.000005 0.024444 0.000030 0.000413 0.000099 0.000048 0.000009 0.049727 0.024281 0.632156 0.000000 0.000013
 0.000246 0.000000 0.000233 0.000000 0.000022 0.000426 0.000000 0.948070 0.000005 0.048996 0.000030 0.000413 0.000099 0.000048 0.000009 0.000986 0.000091 0.000314 0.000000 0.000013
 0.121557 0.000000 0.000233 0.000000 0.000022 0.048806 0.000000 0.000301 0.000005 0.000254 0.000030 0.000413 0.000099 0.000048 0.000009 0.827805 0.000091 0.000314 0.000000 0.000013

MOTIF 2-GSL STREME-2
letter-probability matrix: alength= 20 w= 3 nsites= 2 E= 2.0e+000
 0.006396 0.000006 0.006060 0.000006 0.000566 0.920192 0.000006 0.007853 0.000118 0.006620 0.000790 0.010765 0.002584 0.001239 0.000230 0.025675 0.002360 0.008189 0.000006 0.000342
 0.006396 0.000006 0.006060 0.000006 0.000566 0.011101 0.000006 0.007853 0.000118 0.006620 0.000790 0.010765 0.002584 0.001239 0.000230 0.934766 0.002360 0.008189 0.000006 0.000342
 0.006396 0.000006 0.006060 0.000006 0.000566 0.011101 0.000006 0.007853 0.000118 0.915711 0.000790 0.010765 0.002584 0.001239 0.000230 0.025675 0.002360 0.008189 0.000006 0.000342

********************************************************************************
Stopped because the next motif had no positive sites with scores > 0.
********************************************************************************
COMMAND:	streme --protein --p ./Data/v1_cluster_windows_15mers/cluster_6117.fasta --minw 3 --maxw 15 --thresh 0.05 --oc ./Results/v1_Top500_Run_20250504_162200/streme_out_cluster_6117
********************************************************************************
CPU:		Hirokis-MacBook-Air.local
********************************************************************************
FINALTIME:	0.27 seconds
********************************************************************************
