********************************************************************************
STREME - Sensitive, Thorough, Rapid, Enriched Motif Elicitation
********************************************************************************
MEME version 5.5.7 (Release date: Wed Jun 19 13:59:04 2024 -0700)

For further information on how to interpret these results please access https://meme-suite.org/meme.
To get a copy of the MEME Suite software please access https://meme-suite.org.

********************************************************************************


********************************************************************************
REFERENCE
********************************************************************************
If you use this program in your research, please cite:

Timothy L. Bailey,
"STREME: accurate and versatile sequence motif discovery",
Bioinformatics, Mar. 24, 2021.
********************************************************************************


ALPHABET= ACDEFGHIKLMNPQRSTVWY

strands: +

Background letter frequencies
A 0.0365 C 7.92e-05 D 0.00325 E 0.00166 F 7.92e-05 G 0.0872 H 7.92e-05 I 0.0239 K 7.92e-05 L 0.154 M 0.008 N 0.187 P 0.125 Q 0.0556 R 0.00166 S 0.163 T 0.00166 V 0.151 W 7.92e-05 Y 7.92e-05 

MOTIF 1-SLVQNGVPNISSLPN STREME-1
letter-probability matrix: alength= 20 w= 15 nsites= 42 S= 6.0e-025
 0.003321 0.000007 0.000295 0.000151 0.000007 0.007931 0.000007 0.002168 0.000007 0.013982 0.000728 0.017009 0.011391 0.005050 0.000151 0.923937 0.000151 0.013691 0.000007 0.000007
 0.003321 0.000007 0.000295 0.000151 0.000007 0.007931 0.000007 0.002168 0.000007 0.923073 0.000728 0.017009 0.011391 0.005050 0.000151 0.014846 0.000151 0.013691 0.000007 0.000007
 0.003321 0.000007 0.000295 0.000151 0.000007 0.007931 0.000007 0.002168 0.000007 0.013982 0.000728 0.017009 0.011391 0.005050 0.000151 0.014846 0.000151 0.922782 0.000007 0.000007
 0.003321 0.000007 0.000295 0.000151 0.000007 0.007931 0.000007 0.002168 0.000007 0.013982 0.000728 0.017009 0.011391 0.914141 0.000151 0.014846 0.000151 0.013691 0.000007 0.000007
 0.003321 0.000007 0.000295 0.000151 0.000007 0.007931 0.000007 0.002168 0.000007 0.013982 0.000728 0.926100 0.011391 0.005050 0.000151 0.014846 0.000151 0.013691 0.000007 0.000007
 0.003321 0.000007 0.000295 0.000151 0.000007 0.917022 0.000007 0.002168 0.000007 0.013982 0.000728 0.017009 0.011391 0.005050 0.000151 0.014846 0.000151 0.013691 0.000007 0.000007
 0.003321 0.000007 0.000295 0.000151 0.000007 0.007931 0.000007 0.002168 0.000007 0.013982 0.000728 0.017009 0.011391 0.005050 0.000151 0.014846 0.000151 0.922782 0.000007 0.000007
 0.003321 0.000007 0.000295 0.000151 0.000007 0.007931 0.000007 0.002168 0.000007 0.013982 0.000728 0.017009 0.920482 0.005050 0.000151 0.014846 0.000151 0.013691 0.000007 0.000007
 0.003321 0.000007 0.000295 0.000151 0.000007 0.007931 0.000007 0.002168 0.000007 0.013982 0.000728 0.926100 0.011391 0.005050 0.000151 0.014846 0.000151 0.013691 0.000007 0.000007
 0.003321 0.000007 0.000295 0.000151 0.000007 0.007931 0.000007 0.911259 0.000007 0.013982 0.000728 0.017009 0.011391 0.005050 0.000151 0.014846 0.000151 0.013691 0.000007 0.000007
 0.003321 0.000007 0.000295 0.000151 0.000007 0.007931 0.000007 0.002168 0.000007 0.013982 0.000728 0.017009 0.011391 0.005050 0.000151 0.923937 0.000151 0.013691 0.000007 0.000007
 0.003321 0.000007 0.000295 0.000151 0.000007 0.007931 0.000007 0.002168 0.000007 0.013982 0.000728 0.017009 0.011391 0.005050 0.000151 0.923937 0.000151 0.013691 0.000007 0.000007
 0.003321 0.000007 0.000295 0.000151 0.000007 0.007931 0.000007 0.002168 0.000007 0.923073 0.000728 0.017009 0.011391 0.005050 0.000151 0.014846 0.000151 0.013691 0.000007 0.000007
 0.003321 0.000007 0.000295 0.000151 0.000007 0.007931 0.000007 0.002168 0.000007 0.013982 0.000728 0.017009 0.920482 0.005050 0.000151 0.014846 0.000151 0.013691 0.000007 0.000007
 0.003321 0.000007 0.000295 0.000151 0.000007 0.007931 0.000007 0.002168 0.000007 0.013982 0.000728 0.926100 0.011391 0.005050 0.000151 0.014846 0.000151 0.013691 0.000007 0.000007

********************************************************************************
Stopped because the next motif had no positive sites with scores > 0.
********************************************************************************
COMMAND:	streme --protein --p ./Data/v1_cluster_windows_15mers/cluster_8636.fasta --minw 3 --maxw 15 --thresh 0.05 --oc ./Results/v1_Top500_Run_20250504_162200/streme_out_cluster_8636
********************************************************************************
CPU:		Hirokis-MacBook-Air.local
********************************************************************************
FINALTIME:	0.21 seconds
********************************************************************************
