********************************************************************************
STREME - Sensitive, Thorough, Rapid, Enriched Motif Elicitation
********************************************************************************
MEME version 5.5.7 (Release date: Wed Jun 19 13:59:04 2024 -0700)

For further information on how to interpret these results please access https://meme-suite.org/meme.
To get a copy of the MEME Suite software please access https://meme-suite.org.

********************************************************************************


********************************************************************************
REFERENCE
********************************************************************************
If you use this program in your research, please cite:

Timothy L. Bailey,
"STREME: accurate and versatile sequence motif discovery",
Bioinformatics, Mar. 24, 2021.
********************************************************************************


ALPHABET= ACDEFGHIKLMNPQRSTVWY

strands: +

Background letter frequencies
A 0.0394 C 7.56e-05 D 0.0818 E 0.00915 F 0.0031 G 0.566 H 7.56e-05 I 7.56e-05 K 7.56e-05 L 0.0878 M 7.56e-05 N 0.00461 P 0.00613 Q 0.0303 R 0.0334 S 0.0591 T 7.56e-05 V 7.56e-05 W 7.56e-05 Y 0.0787 

MOTIF 1-GLGGAG STREME-1
letter-probability matrix: alength= 20 w= 6 nsites= 44 S= 3.9e-023
 0.000121 0.000000 0.000252 0.000028 0.000010 0.998662 0.000000 0.000000 0.000000 0.000271 0.000000 0.000014 0.000019 0.000093 0.000103 0.000182 0.000000 0.000000 0.000000 0.000243
 0.000121 0.000000 0.000252 0.087664 0.000010 0.001744 0.000000 0.000000 0.000000 0.909553 0.000000 0.000014 0.000019 0.000093 0.000103 0.000182 0.000000 0.000000 0.000000 0.000243
 0.000121 0.000000 0.000252 0.000028 0.000010 0.998662 0.000000 0.000000 0.000000 0.000271 0.000000 0.000014 0.000019 0.000093 0.000103 0.000182 0.000000 0.000000 0.000000 0.000243
 0.000121 0.000000 0.000252 0.000028 0.000010 0.998662 0.000000 0.000000 0.000000 0.000271 0.000000 0.000014 0.000019 0.000093 0.000103 0.000182 0.000000 0.000000 0.000000 0.000243
 0.539849 0.000000 0.021614 0.000028 0.000010 0.001744 0.000000 0.000000 0.000000 0.283298 0.000000 0.000014 0.087654 0.000093 0.000103 0.065348 0.000000 0.000000 0.000000 0.000243
 0.000121 0.000000 0.000252 0.000028 0.000010 0.998662 0.000000 0.000000 0.000000 0.000271 0.000000 0.000014 0.000019 0.000093 0.000103 0.000182 0.000000 0.000000 0.000000 0.000243

MOTIF 2-DYG STREME-2
letter-probability matrix: alength= 20 w= 3 nsites= 44 S= 7.0e-011
 0.000265 0.000001 0.811747 0.000062 0.000021 0.185883 0.000001 0.000001 0.000001 0.000591 0.000001 0.000031 0.000041 0.000204 0.000224 0.000397 0.000001 0.000001 0.000001 0.000530
 0.000265 0.000001 0.000550 0.000062 0.000021 0.003807 0.000001 0.000001 0.000001 0.000591 0.000001 0.000031 0.000041 0.000204 0.000224 0.000397 0.000001 0.000001 0.000001 0.993803
 0.000265 0.000001 0.000550 0.000062 0.000021 0.997080 0.000001 0.000001 0.000001 0.000591 0.000001 0.000031 0.000041 0.000204 0.000224 0.000397 0.000001 0.000001 0.000001 0.000530

MOTIF 3-GDS STREME-3
letter-probability matrix: alength= 20 w= 3 nsites= 19 S= 1.4e-005
 0.003583 0.000007 0.007434 0.000832 0.000282 0.960536 0.000007 0.000007 0.000007 0.007984 0.000007 0.000419 0.000557 0.002757 0.003033 0.005371 0.000007 0.000007 0.000007 0.007158
 0.003583 0.000007 0.916524 0.000832 0.000282 0.051445 0.000007 0.000007 0.000007 0.007984 0.000007 0.000419 0.000557 0.002757 0.003033 0.005371 0.000007 0.000007 0.000007 0.007158
 0.003583 0.000007 0.007434 0.000832 0.000282 0.051445 0.000007 0.000007 0.000007 0.007984 0.000007 0.000419 0.000557 0.002757 0.003033 0.914462 0.000007 0.000007 0.000007 0.007158

MOTIF 4-QGG STREME-4
letter-probability matrix: alength= 20 w= 3 nsites= 14 S= 2.9e-003
 0.003583 0.000007 0.007434 0.000832 0.000282 0.051445 0.000007 0.000007 0.000007 0.007984 0.000007 0.000419 0.000557 0.911848 0.003033 0.005371 0.000007 0.000007 0.000007 0.007158
 0.003583 0.000007 0.007434 0.000832 0.000282 0.960536 0.000007 0.000007 0.000007 0.007984 0.000007 0.000419 0.000557 0.002757 0.003033 0.005371 0.000007 0.000007 0.000007 0.007158
 0.003583 0.000007 0.007434 0.000832 0.000282 0.960536 0.000007 0.000007 0.000007 0.007984 0.000007 0.000419 0.000557 0.002757 0.003033 0.005371 0.000007 0.000007 0.000007 0.007158

MOTIF 5-YGGG STREME-5
letter-probability matrix: alength= 20 w= 4 nsites= 7 S= 3.8e-001
 0.003583 0.000007 0.007434 0.000832 0.000282 0.051445 0.000007 0.000007 0.000007 0.007984 0.000007 0.000419 0.000557 0.002757 0.003033 0.005371 0.000007 0.000007 0.000007 0.916249
 0.003583 0.000007 0.007434 0.000832 0.000282 0.960536 0.000007 0.000007 0.000007 0.007984 0.000007 0.000419 0.000557 0.002757 0.003033 0.005371 0.000007 0.000007 0.000007 0.007158
 0.003583 0.000007 0.007434 0.000832 0.000282 0.960536 0.000007 0.000007 0.000007 0.007984 0.000007 0.000419 0.000557 0.002757 0.003033 0.005371 0.000007 0.000007 0.000007 0.007158
 0.003583 0.000007 0.007434 0.000832 0.000282 0.960536 0.000007 0.000007 0.000007 0.007984 0.000007 0.000419 0.000557 0.002757 0.003033 0.005371 0.000007 0.000007 0.000007 0.007158

********************************************************************************
Stopped because maximum number of motifs (5) reached.
********************************************************************************
COMMAND:	streme --protein --p ./Data/v1_cluster_windows_15mers/cluster_7447.fasta --minw 3 --maxw 15 --thresh 0.05 --oc ./Results/v1_Top500_Run_20250504_162200/streme_out_cluster_7447
********************************************************************************
CPU:		Hirokis-MacBook-Air.local
********************************************************************************
FINALTIME:	0.17 seconds
********************************************************************************
