********************************************************************************
STREME - Sensitive, Thorough, Rapid, Enriched Motif Elicitation
********************************************************************************
MEME version 5.5.7 (Release date: Wed Jun 19 13:59:04 2024 -0700)

For further information on how to interpret these results please access https://meme-suite.org/meme.
To get a copy of the MEME Suite software please access https://meme-suite.org.

********************************************************************************


********************************************************************************
REFERENCE
********************************************************************************
If you use this program in your research, please cite:

Timothy L. Bailey,
"STREME: accurate and versatile sequence motif discovery",
Bioinformatics, Mar. 24, 2021.
********************************************************************************


ALPHABET= ACDEFGHIKLMNPQRSTVWY

strands: +

Background letter frequencies
A 0.186 C 8.53e-05 D 8.53e-05 E 8.53e-05 F 0.0052 G 0.0922 H 8.53e-05 I 8.53e-05 K 0.00179 L 0.0052 M 0.00179 N 0.00179 P 0.0206 Q 0.271 R 0.00179 S 0.237 T 0.0274 V 0.0154 W 8.53e-05 Y 0.131 

MOTIF 1-QQYYQSS STREME-1
letter-probability matrix: alength= 20 w= 7 nsites= 39 S= 3.7e-023
 0.000615 0.000000 0.000000 0.000000 0.000017 0.000305 0.000000 0.000000 0.000006 0.000017 0.000006 0.000006 0.000068 0.718543 0.000006 0.279834 0.000091 0.000051 0.000000 0.000435
 0.000615 0.000000 0.000000 0.000000 0.000017 0.000305 0.000000 0.000000 0.000006 0.000017 0.000006 0.000006 0.000068 0.997592 0.000006 0.000784 0.000091 0.000051 0.000000 0.000435
 0.000615 0.000000 0.000000 0.000000 0.000017 0.000305 0.000000 0.000000 0.000006 0.000017 0.000006 0.000006 0.000068 0.000897 0.000006 0.000784 0.000091 0.000051 0.000000 0.997129
 0.023525 0.000000 0.000000 0.000000 0.000017 0.000305 0.000000 0.000000 0.000006 0.000017 0.000006 0.000006 0.000068 0.000897 0.000006 0.047036 0.000091 0.000051 0.000000 0.927967
 0.023525 0.000000 0.000000 0.000000 0.000017 0.000305 0.000000 0.000000 0.000006 0.022927 0.000006 0.000006 0.000068 0.951772 0.000006 0.000784 0.000091 0.000051 0.000000 0.000435
 0.000615 0.000000 0.000000 0.000000 0.000017 0.000305 0.000000 0.000000 0.000006 0.000017 0.000006 0.000006 0.000068 0.023807 0.000006 0.881616 0.093044 0.000051 0.000000 0.000435
 0.093119 0.000000 0.000000 0.000000 0.000017 0.000305 0.000000 0.000000 0.022916 0.000017 0.000006 0.000006 0.000068 0.023807 0.000006 0.859155 0.000091 0.000051 0.000000 0.000435

MOTIF 2-GAA STREME-2
letter-probability matrix: alength= 20 w= 3 nsites= 27 S= 1.4e-009
 0.001013 0.000000 0.000000 0.000000 0.000028 0.995059 0.000000 0.000000 0.000010 0.000028 0.000010 0.000010 0.000112 0.001477 0.000010 0.001292 0.000149 0.000084 0.000000 0.000716
 0.715612 0.000000 0.000000 0.000000 0.000028 0.000502 0.000000 0.000000 0.000010 0.076200 0.000010 0.000010 0.037842 0.001477 0.000010 0.012042 0.000149 0.155390 0.000000 0.000716
 0.556719 0.000000 0.000000 0.000000 0.000028 0.000502 0.000000 0.000000 0.000010 0.000028 0.000010 0.000010 0.000112 0.001477 0.000010 0.440142 0.000149 0.000084 0.000000 0.000716

MOTIF 3-QAPA STREME-3
letter-probability matrix: alength= 20 w= 4 nsites= 21 S= 1.1e-008
 0.001129 0.000001 0.000001 0.000001 0.000032 0.000559 0.000001 0.000001 0.000011 0.000032 0.000011 0.000011 0.000125 0.995581 0.000011 0.001439 0.000166 0.000094 0.000001 0.000798
 0.734562 0.000001 0.000001 0.000001 0.000032 0.000559 0.000001 0.000001 0.000011 0.000032 0.000011 0.000011 0.000125 0.001646 0.000011 0.219900 0.000166 0.042134 0.000001 0.000798
 0.174178 0.000001 0.000001 0.000001 0.000032 0.085434 0.000001 0.000001 0.000011 0.000032 0.000011 0.000011 0.431199 0.088123 0.000011 0.219900 0.000166 0.000094 0.000001 0.000798
 0.648071 0.000001 0.000001 0.000001 0.000032 0.000559 0.000001 0.000001 0.000011 0.000032 0.000011 0.000011 0.000125 0.001646 0.000011 0.348432 0.000166 0.000094 0.000001 0.000798

MOTIF 4-QTQGS STREME-4
letter-probability matrix: alength= 20 w= 5 nsites= 5 S= 2.7e-002
 0.016918 0.000008 0.000008 0.000008 0.000473 0.008385 0.000008 0.000008 0.000163 0.000473 0.000163 0.000163 0.001869 0.933763 0.000163 0.021572 0.002490 0.001404 0.000008 0.011954
 0.016918 0.000008 0.000008 0.000008 0.000473 0.008385 0.000008 0.000008 0.000163 0.000473 0.000163 0.000163 0.001869 0.024672 0.000163 0.021572 0.911581 0.001404 0.000008 0.011954
 0.016918 0.000008 0.000008 0.000008 0.000473 0.008385 0.000008 0.000008 0.000163 0.000473 0.000163 0.000163 0.001869 0.933763 0.000163 0.021572 0.002490 0.001404 0.000008 0.011954
 0.016918 0.000008 0.000008 0.000008 0.000473 0.917476 0.000008 0.000008 0.000163 0.000473 0.000163 0.000163 0.001869 0.024672 0.000163 0.021572 0.002490 0.001404 0.000008 0.011954
 0.016918 0.000008 0.000008 0.000008 0.000473 0.008385 0.000008 0.000008 0.000163 0.000473 0.000163 0.000163 0.001869 0.024672 0.000163 0.930663 0.002490 0.001404 0.000008 0.011954

MOTIF 5-QAQAS STREME-5
letter-probability matrix: alength= 20 w= 5 nsites= 6 S= 5.4e-002
 0.016918 0.000008 0.000008 0.000008 0.000473 0.008385 0.000008 0.000008 0.000163 0.000473 0.000163 0.000163 0.001869 0.933763 0.000163 0.021572 0.002490 0.001404 0.000008 0.011954
 0.926009 0.000008 0.000008 0.000008 0.000473 0.008385 0.000008 0.000008 0.000163 0.000473 0.000163 0.000163 0.001869 0.024672 0.000163 0.021572 0.002490 0.001404 0.000008 0.011954
 0.016918 0.000008 0.000008 0.000008 0.000473 0.008385 0.000008 0.000008 0.000163 0.000473 0.000163 0.000163 0.001869 0.933763 0.000163 0.021572 0.002490 0.001404 0.000008 0.011954
 0.926009 0.000008 0.000008 0.000008 0.000473 0.008385 0.000008 0.000008 0.000163 0.000473 0.000163 0.000163 0.001869 0.024672 0.000163 0.021572 0.002490 0.001404 0.000008 0.011954
 0.016918 0.000008 0.000008 0.000008 0.000473 0.008385 0.000008 0.000008 0.000163 0.000473 0.000163 0.000163 0.001869 0.024672 0.000163 0.930663 0.002490 0.001404 0.000008 0.011954

********************************************************************************
Stopped because maximum number of motifs (5) reached.
********************************************************************************
COMMAND:	streme --protein --p ./Data/v1_cluster_windows_15mers/cluster_1588.fasta --minw 3 --maxw 15 --thresh 0.05 --oc ./Results/v1_Top500_Run_20250504_162200/streme_out_cluster_1588
********************************************************************************
CPU:		Hirokis-MacBook-Air.local
********************************************************************************
FINALTIME:	0.16 seconds
********************************************************************************
