********************************************************************************
STREME - Sensitive, Thorough, Rapid, Enriched Motif Elicitation
********************************************************************************
MEME version 5.5.7 (Release date: Wed Jun 19 13:59:04 2024 -0700)

For further information on how to interpret these results please access https://meme-suite.org/meme.
To get a copy of the MEME Suite software please access https://meme-suite.org.

********************************************************************************


********************************************************************************
REFERENCE
********************************************************************************
If you use this program in your research, please cite:

Timothy L. Bailey,
"STREME: accurate and versatile sequence motif discovery",
Bioinformatics, Mar. 24, 2021.
********************************************************************************


ALPHABET= ACDEFGHIKLMNPQRSTVWY

strands: +

Background letter frequencies
A 0.248 C 0.00341 D 0.00175 E 0.118 F 8.32e-05 G 0.0666 H 8.32e-05 I 0.065 K 8.32e-05 L 0.128 M 8.32e-05 N 0.0683 P 8.32e-05 Q 0.0134 R 8.32e-05 S 0.145 T 0.065 V 0.0101 W 8.32e-05 Y 0.0666 

MOTIF 1-SAAGASYNEILTQAL STREME-1
letter-probability matrix: alength= 20 w= 15 nsites= 40 S= 9.3e-024
 0.022547 0.000310 0.000159 0.010746 0.000008 0.006059 0.000008 0.005908 0.000008 0.011655 0.000008 0.006209 0.000008 0.001217 0.000008 0.922255 0.005908 0.000916 0.000008 0.006059
 0.931638 0.000310 0.000159 0.010746 0.000008 0.006059 0.000008 0.005908 0.000008 0.011655 0.000008 0.006209 0.000008 0.001217 0.000008 0.013164 0.005908 0.000916 0.000008 0.006059
 0.931638 0.000310 0.000159 0.010746 0.000008 0.006059 0.000008 0.005908 0.000008 0.011655 0.000008 0.006209 0.000008 0.001217 0.000008 0.013164 0.005908 0.000916 0.000008 0.006059
 0.022547 0.000310 0.000159 0.010746 0.000008 0.915149 0.000008 0.005908 0.000008 0.011655 0.000008 0.006209 0.000008 0.001217 0.000008 0.013164 0.005908 0.000916 0.000008 0.006059
 0.931638 0.000310 0.000159 0.010746 0.000008 0.006059 0.000008 0.005908 0.000008 0.011655 0.000008 0.006209 0.000008 0.001217 0.000008 0.013164 0.005908 0.000916 0.000008 0.006059
 0.022547 0.000310 0.000159 0.010746 0.000008 0.006059 0.000008 0.005908 0.000008 0.011655 0.000008 0.006209 0.000008 0.001217 0.000008 0.922255 0.005908 0.000916 0.000008 0.006059
 0.022547 0.000310 0.000159 0.010746 0.000008 0.006059 0.000008 0.005908 0.000008 0.011655 0.000008 0.006209 0.000008 0.001217 0.000008 0.013164 0.005908 0.000916 0.000008 0.915149
 0.022547 0.000310 0.000159 0.010746 0.000008 0.006059 0.000008 0.005908 0.000008 0.011655 0.000008 0.915300 0.000008 0.001217 0.000008 0.013164 0.005908 0.000916 0.000008 0.006059
 0.022547 0.000310 0.000159 0.919837 0.000008 0.006059 0.000008 0.005908 0.000008 0.011655 0.000008 0.006209 0.000008 0.001217 0.000008 0.013164 0.005908 0.000916 0.000008 0.006059
 0.022547 0.000310 0.000159 0.010746 0.000008 0.006059 0.000008 0.914999 0.000008 0.011655 0.000008 0.006209 0.000008 0.001217 0.000008 0.013164 0.005908 0.000916 0.000008 0.006059
 0.022547 0.000310 0.000159 0.010746 0.000008 0.006059 0.000008 0.005908 0.000008 0.920746 0.000008 0.006209 0.000008 0.001217 0.000008 0.013164 0.005908 0.000916 0.000008 0.006059
 0.022547 0.000310 0.000159 0.010746 0.000008 0.006059 0.000008 0.005908 0.000008 0.011655 0.000008 0.006209 0.000008 0.001217 0.000008 0.013164 0.914999 0.000916 0.000008 0.006059
 0.022547 0.000310 0.000159 0.010746 0.000008 0.006059 0.000008 0.005908 0.000008 0.011655 0.000008 0.006209 0.000008 0.910308 0.000008 0.013164 0.005908 0.000916 0.000008 0.006059
 0.931638 0.000310 0.000159 0.010746 0.000008 0.006059 0.000008 0.005908 0.000008 0.011655 0.000008 0.006209 0.000008 0.001217 0.000008 0.013164 0.005908 0.000916 0.000008 0.006059
 0.022547 0.000310 0.000159 0.010746 0.000008 0.006059 0.000008 0.005908 0.000008 0.920746 0.000008 0.006209 0.000008 0.001217 0.000008 0.013164 0.005908 0.000916 0.000008 0.006059

MOTIF 2-VNE STREME-2
letter-probability matrix: alength= 20 w= 3 nsites= 1 S= 5.0e-001
 0.031270 0.000430 0.000220 0.014904 0.000010 0.008402 0.000010 0.008193 0.000010 0.016164 0.000010 0.008612 0.000010 0.001688 0.000010 0.018257 0.008193 0.875190 0.000010 0.008402
 0.031270 0.000430 0.000220 0.014904 0.000010 0.008402 0.000010 0.008193 0.000010 0.016164 0.000010 0.882532 0.000010 0.001688 0.000010 0.018257 0.008193 0.001270 0.000010 0.008402
 0.031270 0.000430 0.000220 0.888824 0.000010 0.008402 0.000010 0.008193 0.000010 0.016164 0.000010 0.008612 0.000010 0.001688 0.000010 0.018257 0.008193 0.001270 0.000010 0.008402

********************************************************************************
Stopped because the next motif had no positive sites with scores > 0.
********************************************************************************
COMMAND:	streme --protein --p ./Data/v1_cluster_windows_15mers/cluster_8488.fasta --minw 3 --maxw 15 --thresh 0.05 --oc ./Results/v1_Top500_Run_20250504_162200/streme_out_cluster_8488
********************************************************************************
CPU:		Hirokis-MacBook-Air.local
********************************************************************************
FINALTIME:	0.19 seconds
********************************************************************************
