********************************************************************************
STREME - Sensitive, Thorough, Rapid, Enriched Motif Elicitation
********************************************************************************
MEME version 5.5.7 (Release date: Wed Jun 19 13:59:04 2024 -0700)

For further information on how to interpret these results please access https://meme-suite.org/meme.
To get a copy of the MEME Suite software please access https://meme-suite.org.

********************************************************************************


********************************************************************************
REFERENCE
********************************************************************************
If you use this program in your research, please cite:

Timothy L. Bailey,
"STREME: accurate and versatile sequence motif discovery",
Bioinformatics, Mar. 24, 2021.
********************************************************************************


ALPHABET= ACDEFGHIKLMNPQRSTVWY

strands: +

Background letter frequencies
A 0.0125 C 7.74e-05 D 0.0171 E 7.74e-05 F 7.74e-05 G 0.505 H 7.74e-05 I 0.00472 K 7.74e-05 L 0.194 M 0.00627 N 7.74e-05 P 7.74e-05 Q 0.0635 R 0.0125 S 0.0666 T 0.0419 V 0.00627 W 7.74e-05 Y 0.0697 

MOTIF 1-GTGGLGGLGLYGQGS STREME-1
letter-probability matrix: alength= 20 w= 15 nsites= 43 S= 1.5e-025
 0.001133 0.000007 0.001555 0.000007 0.000007 0.954973 0.000007 0.000429 0.000007 0.017600 0.000570 0.000007 0.000007 0.005776 0.001133 0.006058 0.003806 0.000570 0.000007 0.006340
 0.001133 0.000007 0.001555 0.000007 0.000007 0.045882 0.000007 0.000429 0.000007 0.017600 0.000570 0.000007 0.000007 0.005776 0.001133 0.006058 0.912897 0.000570 0.000007 0.006340
 0.001133 0.000007 0.001555 0.000007 0.000007 0.954973 0.000007 0.000429 0.000007 0.017600 0.000570 0.000007 0.000007 0.005776 0.001133 0.006058 0.003806 0.000570 0.000007 0.006340
 0.001133 0.000007 0.001555 0.000007 0.000007 0.954973 0.000007 0.000429 0.000007 0.017600 0.000570 0.000007 0.000007 0.005776 0.001133 0.006058 0.003806 0.000570 0.000007 0.006340
 0.001133 0.000007 0.001555 0.000007 0.000007 0.045882 0.000007 0.000429 0.000007 0.926691 0.000570 0.000007 0.000007 0.005776 0.001133 0.006058 0.003806 0.000570 0.000007 0.006340
 0.001133 0.000007 0.001555 0.000007 0.000007 0.954973 0.000007 0.000429 0.000007 0.017600 0.000570 0.000007 0.000007 0.005776 0.001133 0.006058 0.003806 0.000570 0.000007 0.006340
 0.001133 0.000007 0.001555 0.000007 0.000007 0.954973 0.000007 0.000429 0.000007 0.017600 0.000570 0.000007 0.000007 0.005776 0.001133 0.006058 0.003806 0.000570 0.000007 0.006340
 0.001133 0.000007 0.001555 0.000007 0.000007 0.045882 0.000007 0.000429 0.000007 0.926691 0.000570 0.000007 0.000007 0.005776 0.001133 0.006058 0.003806 0.000570 0.000007 0.006340
 0.001133 0.000007 0.001555 0.000007 0.000007 0.954973 0.000007 0.000429 0.000007 0.017600 0.000570 0.000007 0.000007 0.005776 0.001133 0.006058 0.003806 0.000570 0.000007 0.006340
 0.001133 0.000007 0.001555 0.000007 0.000007 0.045882 0.000007 0.000429 0.000007 0.926691 0.000570 0.000007 0.000007 0.005776 0.001133 0.006058 0.003806 0.000570 0.000007 0.006340
 0.001133 0.000007 0.001555 0.000007 0.000007 0.045882 0.000007 0.000429 0.000007 0.017600 0.000570 0.000007 0.000007 0.005776 0.001133 0.006058 0.003806 0.000570 0.000007 0.915431
 0.001133 0.000007 0.001555 0.000007 0.000007 0.954973 0.000007 0.000429 0.000007 0.017600 0.000570 0.000007 0.000007 0.005776 0.001133 0.006058 0.003806 0.000570 0.000007 0.006340
 0.001133 0.000007 0.001555 0.000007 0.000007 0.045882 0.000007 0.000429 0.000007 0.017600 0.000570 0.000007 0.000007 0.914867 0.001133 0.006058 0.003806 0.000570 0.000007 0.006340
 0.001133 0.000007 0.001555 0.000007 0.000007 0.954973 0.000007 0.000429 0.000007 0.017600 0.000570 0.000007 0.000007 0.005776 0.001133 0.006058 0.003806 0.000570 0.000007 0.006340
 0.001133 0.000007 0.001555 0.000007 0.000007 0.045882 0.000007 0.000429 0.000007 0.017600 0.000570 0.000007 0.000007 0.005776 0.001133 0.915149 0.003806 0.000570 0.000007 0.006340

MOTIF 2-DSY STREME-2
letter-probability matrix: alength= 20 w= 3 nsites= 2 S= 2.5e-001
 0.001133 0.000007 0.910646 0.000007 0.000007 0.045882 0.000007 0.000429 0.000007 0.017600 0.000570 0.000007 0.000007 0.005776 0.001133 0.006058 0.003806 0.000570 0.000007 0.006340
 0.001133 0.000007 0.001555 0.000007 0.000007 0.045882 0.000007 0.000429 0.000007 0.017600 0.000570 0.000007 0.000007 0.005776 0.001133 0.915149 0.003806 0.000570 0.000007 0.006340
 0.001133 0.000007 0.001555 0.000007 0.000007 0.045882 0.000007 0.000429 0.000007 0.017600 0.000570 0.000007 0.000007 0.005776 0.001133 0.006058 0.003806 0.000570 0.000007 0.915431

********************************************************************************
Stopped because the next motif had no positive sites with scores > 0.
********************************************************************************
COMMAND:	streme --protein --p ./Data/v1_cluster_windows_15mers/cluster_12003.fasta --minw 3 --maxw 15 --thresh 0.05 --oc ./Results/v1_Top500_Run_20250504_162200/streme_out_cluster_12003
********************************************************************************
CPU:		Hirokis-MacBook-Air.local
********************************************************************************
FINALTIME:	0.21 seconds
********************************************************************************
