********************************************************************************
STREME - Sensitive, Thorough, Rapid, Enriched Motif Elicitation
********************************************************************************
MEME version 5.5.7 (Release date: Wed Jun 19 13:59:04 2024 -0700)

For further information on how to interpret these results please access https://meme-suite.org/meme.
To get a copy of the MEME Suite software please access https://meme-suite.org.

********************************************************************************


********************************************************************************
REFERENCE
********************************************************************************
If you use this program in your research, please cite:

Timothy L. Bailey,
"STREME: accurate and versatile sequence motif discovery",
Bioinformatics, Mar. 24, 2021.
********************************************************************************


ALPHABET= ACDEFGHIKLMNPQRSTVWY

strands: +

Background letter frequencies
A 0.397 C 3.78e-05 D 0.0666 E 0.000795 F 3.78e-05 G 0.148 H 3.78e-05 I 0.00685 K 3.78e-05 L 0.00155 M 3.78e-05 N 3.78e-05 P 3.78e-05 Q 0.0417 R 0.0235 S 0.0689 T 0.0121 V 0.232 W 3.78e-05 Y 3.78e-05 

MOTIF 1-AVGADAQAAV STREME-1
letter-probability matrix: alength= 20 w= 10 nsites= 87 E= 3.9e-004
 0.529804 0.000000 0.000119 0.000001 0.000000 0.000264 0.000000 0.000012 0.000000 0.000003 0.000000 0.000000 0.000000 0.000074 0.000042 0.469243 0.000022 0.000415 0.000000 0.000000
 0.037961 0.000000 0.000119 0.000001 0.000000 0.000264 0.000000 0.049643 0.000000 0.000003 0.000000 0.000000 0.000000 0.000074 0.000042 0.000123 0.000022 0.911747 0.000000 0.000000
 0.000710 0.000000 0.000119 0.000001 0.000000 0.998478 0.000000 0.000012 0.000000 0.000003 0.000000 0.000000 0.000000 0.000074 0.000042 0.000123 0.000022 0.000415 0.000000 0.000000
 0.911118 0.000000 0.000119 0.000001 0.000000 0.000264 0.000000 0.000012 0.000000 0.000003 0.000000 0.000000 0.000000 0.000074 0.000042 0.063170 0.024781 0.000415 0.000000 0.000000
 0.000710 0.000000 0.985953 0.012381 0.000000 0.000264 0.000000 0.000012 0.000000 0.000003 0.000000 0.000000 0.000000 0.000074 0.000042 0.000123 0.000022 0.000415 0.000000 0.000000
 0.986544 0.000000 0.000119 0.000001 0.000000 0.000264 0.000000 0.000012 0.000000 0.000003 0.000000 0.000000 0.000000 0.000074 0.000042 0.000123 0.000022 0.012795 0.000000 0.000000
 0.000710 0.000000 0.000119 0.000001 0.000000 0.000264 0.000000 0.000012 0.000000 0.000003 0.000000 0.000000 0.000000 0.651964 0.309115 0.037374 0.000022 0.000415 0.000000 0.000000
 0.720953 0.000000 0.000119 0.000001 0.000000 0.000264 0.000000 0.000012 0.000000 0.000003 0.000000 0.000000 0.000000 0.000074 0.000042 0.253222 0.024894 0.000415 0.000000 0.000000
 0.974165 0.000000 0.000119 0.000001 0.000000 0.000264 0.000000 0.000012 0.000000 0.000003 0.000000 0.000000 0.000000 0.000074 0.000042 0.000123 0.000022 0.025174 0.000000 0.000000
 0.000710 0.000000 0.000119 0.000001 0.000000 0.000264 0.000000 0.049643 0.000000 0.012382 0.000000 0.000000 0.000000 0.000074 0.000042 0.000123 0.000022 0.936619 0.000000 0.000000

MOTIF 2-GVAV STREME-2
letter-probability matrix: alength= 20 w= 4 nsites= 79 E= 1.0e-001
 0.014450 0.000000 0.000296 0.000004 0.000000 0.983529 0.000000 0.000030 0.000000 0.000007 0.000000 0.000000 0.000000 0.000185 0.000104 0.000306 0.000054 0.001032 0.000000 0.000000
 0.053769 0.000000 0.000296 0.000004 0.000000 0.000656 0.000000 0.000030 0.000000 0.000007 0.000000 0.000000 0.000000 0.000185 0.000104 0.000306 0.061909 0.882732 0.000000 0.000000
 0.418255 0.000000 0.000296 0.000004 0.000000 0.215089 0.000000 0.000030 0.000000 0.030794 0.000000 0.000000 0.000000 0.000185 0.000104 0.321470 0.000054 0.013717 0.000000 0.000000
 0.001766 0.000000 0.000296 0.000004 0.000000 0.000656 0.000000 0.000030 0.000000 0.000007 0.000000 0.000000 0.000000 0.000185 0.000104 0.000306 0.000054 0.996591 0.000000 0.000000

MOTIF 3-AGATV STREME-3
letter-probability matrix: alength= 20 w= 5 nsites= 2 E= 5.0e+000
 0.945226 0.000003 0.006059 0.000072 0.000003 0.013427 0.000003 0.000623 0.000003 0.000141 0.000003 0.000003 0.000003 0.003788 0.002136 0.006266 0.001105 0.021126 0.000003 0.000003
 0.036135 0.000003 0.006059 0.000072 0.000003 0.922518 0.000003 0.000623 0.000003 0.000141 0.000003 0.000003 0.000003 0.003788 0.002136 0.006266 0.001105 0.021126 0.000003 0.000003
 0.945226 0.000003 0.006059 0.000072 0.000003 0.013427 0.000003 0.000623 0.000003 0.000141 0.000003 0.000003 0.000003 0.003788 0.002136 0.006266 0.001105 0.021126 0.000003 0.000003
 0.036135 0.000003 0.006059 0.000072 0.000003 0.013427 0.000003 0.000623 0.000003 0.000141 0.000003 0.000003 0.000003 0.003788 0.002136 0.006266 0.910195 0.021126 0.000003 0.000003
 0.036135 0.000003 0.006059 0.000072 0.000003 0.013427 0.000003 0.000623 0.000003 0.000141 0.000003 0.000003 0.000003 0.003788 0.002136 0.006266 0.001105 0.930217 0.000003 0.000003

MOTIF 4-AAAVGVDTRSTI STREME-4
letter-probability matrix: alength= 20 w= 12 nsites= 1 E= 5.0e+000
 0.945226 0.000003 0.006059 0.000072 0.000003 0.013427 0.000003 0.000623 0.000003 0.000141 0.000003 0.000003 0.000003 0.003788 0.002136 0.006266 0.001105 0.021126 0.000003 0.000003
 0.945226 0.000003 0.006059 0.000072 0.000003 0.013427 0.000003 0.000623 0.000003 0.000141 0.000003 0.000003 0.000003 0.003788 0.002136 0.006266 0.001105 0.021126 0.000003 0.000003
 0.945226 0.000003 0.006059 0.000072 0.000003 0.013427 0.000003 0.000623 0.000003 0.000141 0.000003 0.000003 0.000003 0.003788 0.002136 0.006266 0.001105 0.021126 0.000003 0.000003
 0.036135 0.000003 0.006059 0.000072 0.000003 0.013427 0.000003 0.000623 0.000003 0.000141 0.000003 0.000003 0.000003 0.003788 0.002136 0.006266 0.001105 0.930217 0.000003 0.000003
 0.036135 0.000003 0.006059 0.000072 0.000003 0.922518 0.000003 0.000623 0.000003 0.000141 0.000003 0.000003 0.000003 0.003788 0.002136 0.006266 0.001105 0.021126 0.000003 0.000003
 0.036135 0.000003 0.006059 0.000072 0.000003 0.013427 0.000003 0.000623 0.000003 0.000141 0.000003 0.000003 0.000003 0.003788 0.002136 0.006266 0.001105 0.930217 0.000003 0.000003
 0.036135 0.000003 0.915150 0.000072 0.000003 0.013427 0.000003 0.000623 0.000003 0.000141 0.000003 0.000003 0.000003 0.003788 0.002136 0.006266 0.001105 0.021126 0.000003 0.000003
 0.036135 0.000003 0.006059 0.000072 0.000003 0.013427 0.000003 0.000623 0.000003 0.000141 0.000003 0.000003 0.000003 0.003788 0.002136 0.006266 0.910195 0.021126 0.000003 0.000003
 0.036135 0.000003 0.006059 0.000072 0.000003 0.013427 0.000003 0.000623 0.000003 0.000141 0.000003 0.000003 0.000003 0.003788 0.911227 0.006266 0.001105 0.021126 0.000003 0.000003
 0.036135 0.000003 0.006059 0.000072 0.000003 0.013427 0.000003 0.000623 0.000003 0.000141 0.000003 0.000003 0.000003 0.003788 0.002136 0.915357 0.001105 0.021126 0.000003 0.000003
 0.036135 0.000003 0.006059 0.000072 0.000003 0.013427 0.000003 0.000623 0.000003 0.000141 0.000003 0.000003 0.000003 0.003788 0.002136 0.006266 0.910195 0.021126 0.000003 0.000003
 0.036135 0.000003 0.006059 0.000072 0.000003 0.013427 0.000003 0.909714 0.000003 0.000141 0.000003 0.000003 0.000003 0.003788 0.002136 0.006266 0.001105 0.021126 0.000003 0.000003

MOTIF 5-SGAAA STREME-5
letter-probability matrix: alength= 20 w= 5 nsites= 2 E= 5.0e+000
 0.036135 0.000003 0.006059 0.000072 0.000003 0.013427 0.000003 0.000623 0.000003 0.000141 0.000003 0.000003 0.000003 0.003788 0.002136 0.915357 0.001105 0.021126 0.000003 0.000003
 0.036135 0.000003 0.006059 0.000072 0.000003 0.922518 0.000003 0.000623 0.000003 0.000141 0.000003 0.000003 0.000003 0.003788 0.002136 0.006266 0.001105 0.021126 0.000003 0.000003
 0.945226 0.000003 0.006059 0.000072 0.000003 0.013427 0.000003 0.000623 0.000003 0.000141 0.000003 0.000003 0.000003 0.003788 0.002136 0.006266 0.001105 0.021126 0.000003 0.000003
 0.945226 0.000003 0.006059 0.000072 0.000003 0.013427 0.000003 0.000623 0.000003 0.000141 0.000003 0.000003 0.000003 0.003788 0.002136 0.006266 0.001105 0.021126 0.000003 0.000003
 0.945226 0.000003 0.006059 0.000072 0.000003 0.013427 0.000003 0.000623 0.000003 0.000141 0.000003 0.000003 0.000003 0.003788 0.002136 0.006266 0.001105 0.021126 0.000003 0.000003

********************************************************************************
Stopped because 3 consecutive motifs exceeded the p-value threshold (0.05).
********************************************************************************
COMMAND:	streme --protein --p ./Data/v1_cluster_windows_15mers/cluster_9436.fasta --minw 3 --maxw 15 --thresh 0.05 --oc ./Results/v1_Top500_Run_20250504_162200/streme_out_cluster_9436
********************************************************************************
CPU:		Hirokis-MacBook-Air.local
********************************************************************************
FINALTIME:	0.24 seconds
********************************************************************************
