********************************************************************************
STREME - Sensitive, Thorough, Rapid, Enriched Motif Elicitation
********************************************************************************
MEME version 5.5.7 (Release date: Wed Jun 19 13:59:04 2024 -0700)

For further information on how to interpret these results please access https://meme-suite.org/meme.
To get a copy of the MEME Suite software please access https://meme-suite.org.

********************************************************************************


********************************************************************************
REFERENCE
********************************************************************************
If you use this program in your research, please cite:

Timothy L. Bailey,
"STREME: accurate and versatile sequence motif discovery",
Bioinformatics, Mar. 24, 2021.
********************************************************************************


ALPHABET= ACDEFGHIKLMNPQRSTVWY

strands: +

Background letter frequencies
A 0.00657 C 8.12e-05 D 0.0163 E 8.12e-05 F 0.0131 G 0.388 H 8.12e-05 I 0.0082 K 8.12e-05 L 0.00333 M 8.12e-05 N 0.0196 P 0.294 Q 0.0358 R 8.12e-05 S 0.0683 T 8.12e-05 V 0.0277 W 8.12e-05 Y 0.119 

MOTIF 1-PIGPGYPSGPG STREME-1
letter-probability matrix: alength= 20 w= 11 nsites= 41 S= 2.4e-024
 0.000598 0.000007 0.001483 0.000007 0.001188 0.035281 0.000007 0.000745 0.000007 0.000303 0.000007 0.001778 0.935808 0.003254 0.000007 0.006205 0.000007 0.002516 0.000007 0.010781
 0.000598 0.000007 0.001483 0.000007 0.001188 0.035281 0.000007 0.909836 0.000007 0.000303 0.000007 0.001778 0.026717 0.003254 0.000007 0.006205 0.000007 0.002516 0.000007 0.010781
 0.000598 0.000007 0.001483 0.000007 0.001188 0.944372 0.000007 0.000745 0.000007 0.000303 0.000007 0.001778 0.026717 0.003254 0.000007 0.006205 0.000007 0.002516 0.000007 0.010781
 0.000598 0.000007 0.001483 0.000007 0.001188 0.035281 0.000007 0.000745 0.000007 0.000303 0.000007 0.001778 0.935808 0.003254 0.000007 0.006205 0.000007 0.002516 0.000007 0.010781
 0.000598 0.000007 0.001483 0.000007 0.001188 0.944372 0.000007 0.000745 0.000007 0.000303 0.000007 0.001778 0.026717 0.003254 0.000007 0.006205 0.000007 0.002516 0.000007 0.010781
 0.000598 0.000007 0.001483 0.000007 0.001188 0.035281 0.000007 0.000745 0.000007 0.000303 0.000007 0.001778 0.026717 0.003254 0.000007 0.006205 0.000007 0.002516 0.000007 0.919872
 0.000598 0.000007 0.001483 0.000007 0.001188 0.035281 0.000007 0.000745 0.000007 0.000303 0.000007 0.001778 0.935808 0.003254 0.000007 0.006205 0.000007 0.002516 0.000007 0.010781
 0.000598 0.000007 0.001483 0.000007 0.001188 0.035281 0.000007 0.000745 0.000007 0.000303 0.000007 0.001778 0.026717 0.003254 0.000007 0.915296 0.000007 0.002516 0.000007 0.010781
 0.000598 0.000007 0.001483 0.000007 0.001188 0.944372 0.000007 0.000745 0.000007 0.000303 0.000007 0.001778 0.026717 0.003254 0.000007 0.006205 0.000007 0.002516 0.000007 0.010781
 0.000598 0.000007 0.001483 0.000007 0.001188 0.035281 0.000007 0.000745 0.000007 0.000303 0.000007 0.001778 0.935808 0.003254 0.000007 0.006205 0.000007 0.002516 0.000007 0.010781
 0.000598 0.000007 0.001483 0.000007 0.001188 0.944372 0.000007 0.000745 0.000007 0.000303 0.000007 0.001778 0.026717 0.003254 0.000007 0.006205 0.000007 0.002516 0.000007 0.010781

MOTIF 2-DQG STREME-2
letter-probability matrix: alength= 20 w= 3 nsites= 10 S= 5.2e-004
 0.000598 0.000007 0.910574 0.000007 0.001188 0.035281 0.000007 0.000745 0.000007 0.000303 0.000007 0.001778 0.026717 0.003254 0.000007 0.006205 0.000007 0.002516 0.000007 0.010781
 0.000598 0.000007 0.001483 0.000007 0.001188 0.035281 0.000007 0.000745 0.000007 0.000303 0.000007 0.001778 0.026717 0.912345 0.000007 0.006205 0.000007 0.002516 0.000007 0.010781
 0.000598 0.000007 0.001483 0.000007 0.001188 0.944372 0.000007 0.000745 0.000007 0.000303 0.000007 0.001778 0.026717 0.003254 0.000007 0.006205 0.000007 0.002516 0.000007 0.010781

MOTIF 3-NQG STREME-3
letter-probability matrix: alength= 20 w= 3 nsites= 12 S= 7.7e-004
 0.000598 0.000007 0.001483 0.000007 0.001188 0.035281 0.000007 0.000745 0.000007 0.000303 0.000007 0.910869 0.026717 0.003254 0.000007 0.006205 0.000007 0.002516 0.000007 0.010781
 0.000598 0.000007 0.001483 0.000007 0.001188 0.035281 0.000007 0.000745 0.000007 0.000303 0.000007 0.001778 0.026717 0.912345 0.000007 0.006205 0.000007 0.002516 0.000007 0.010781
 0.000598 0.000007 0.001483 0.000007 0.001188 0.944372 0.000007 0.000745 0.000007 0.000303 0.000007 0.001778 0.026717 0.003254 0.000007 0.006205 0.000007 0.002516 0.000007 0.010781

MOTIF 4-PGY STREME-4
letter-probability matrix: alength= 20 w= 3 nsites= 15 S= 2.1e-002
 0.000598 0.000007 0.001483 0.000007 0.001188 0.035281 0.000007 0.000745 0.000007 0.000303 0.000007 0.001778 0.935808 0.003254 0.000007 0.006205 0.000007 0.002516 0.000007 0.010781
 0.000598 0.000007 0.001483 0.000007 0.001188 0.944372 0.000007 0.000745 0.000007 0.000303 0.000007 0.001778 0.026717 0.003254 0.000007 0.006205 0.000007 0.002516 0.000007 0.010781
 0.000598 0.000007 0.001483 0.000007 0.001188 0.035281 0.000007 0.000745 0.000007 0.000303 0.000007 0.001778 0.026717 0.003254 0.000007 0.006205 0.000007 0.002516 0.000007 0.919872

MOTIF 5-PGF STREME-5
letter-probability matrix: alength= 20 w= 3 nsites= 4 S= 5.0e-001
 0.000598 0.000007 0.001483 0.000007 0.001188 0.035281 0.000007 0.000745 0.000007 0.000303 0.000007 0.001778 0.935808 0.003254 0.000007 0.006205 0.000007 0.002516 0.000007 0.010781
 0.000598 0.000007 0.001483 0.000007 0.001188 0.944372 0.000007 0.000745 0.000007 0.000303 0.000007 0.001778 0.026717 0.003254 0.000007 0.006205 0.000007 0.002516 0.000007 0.010781
 0.000598 0.000007 0.001483 0.000007 0.910279 0.035281 0.000007 0.000745 0.000007 0.000303 0.000007 0.001778 0.026717 0.003254 0.000007 0.006205 0.000007 0.002516 0.000007 0.010781

********************************************************************************
Stopped because maximum number of motifs (5) reached.
********************************************************************************
COMMAND:	streme --protein --p ./Data/v1_cluster_windows_15mers/cluster_3200.fasta --minw 3 --maxw 15 --thresh 0.05 --oc ./Results/v1_Top500_Run_20250504_162200/streme_out_cluster_3200
********************************************************************************
CPU:		Hirokis-MacBook-Air.local
********************************************************************************
FINALTIME:	0.16 seconds
********************************************************************************
