********************************************************************************
STREME - Sensitive, Thorough, Rapid, Enriched Motif Elicitation
********************************************************************************
MEME version 5.5.7 (Release date: Wed Jun 19 13:59:04 2024 -0700)

For further information on how to interpret these results please access https://meme-suite.org/meme.
To get a copy of the MEME Suite software please access https://meme-suite.org.

********************************************************************************


********************************************************************************
REFERENCE
********************************************************************************
If you use this program in your research, please cite:

Timothy L. Bailey,
"STREME: accurate and versatile sequence motif discovery",
Bioinformatics, Mar. 24, 2021.
********************************************************************************


ALPHABET= ACDEFGHIKLMNPQRSTVWY

strands: +

Background letter frequencies
A 0.327 C 7.24e-05 D 7.24e-05 E 0.00152 F 0.00152 G 0.136 H 7.24e-05 I 0.00731 K 7.24e-05 L 7.24e-05 M 7.24e-05 N 7.24e-05 P 0.132 Q 7.24e-05 R 7.24e-05 S 0.269 T 0.00731 V 0.0522 W 7.24e-05 Y 0.0652 

MOTIF 1-GAYGPSPSASASV STREME-1
letter-probability matrix: alength= 20 w= 13 nsites= 46 S= 2.4e-027
 0.029738 0.000007 0.000007 0.000138 0.000138 0.921464 0.000007 0.000664 0.000007 0.000007 0.000007 0.000007 0.011982 0.000007 0.000007 0.024474 0.000664 0.004743 0.000007 0.005928
 0.938829 0.000007 0.000007 0.000138 0.000138 0.012373 0.000007 0.000664 0.000007 0.000007 0.000007 0.000007 0.011982 0.000007 0.000007 0.024474 0.000664 0.004743 0.000007 0.005928
 0.029738 0.000007 0.000007 0.000138 0.000138 0.012373 0.000007 0.000664 0.000007 0.000007 0.000007 0.000007 0.011982 0.000007 0.000007 0.024474 0.000664 0.004743 0.000007 0.915018
 0.029738 0.000007 0.000007 0.000138 0.000138 0.921464 0.000007 0.000664 0.000007 0.000007 0.000007 0.000007 0.011982 0.000007 0.000007 0.024474 0.000664 0.004743 0.000007 0.005928
 0.029738 0.000007 0.000007 0.000138 0.000138 0.012373 0.000007 0.000664 0.000007 0.000007 0.000007 0.000007 0.921073 0.000007 0.000007 0.024474 0.000664 0.004743 0.000007 0.005928
 0.029738 0.000007 0.000007 0.000138 0.000138 0.012373 0.000007 0.000664 0.000007 0.000007 0.000007 0.000007 0.011982 0.000007 0.000007 0.933565 0.000664 0.004743 0.000007 0.005928
 0.029738 0.000007 0.000007 0.000138 0.000138 0.012373 0.000007 0.000664 0.000007 0.000007 0.000007 0.000007 0.921073 0.000007 0.000007 0.024474 0.000664 0.004743 0.000007 0.005928
 0.029738 0.000007 0.000007 0.000138 0.000138 0.012373 0.000007 0.000664 0.000007 0.000007 0.000007 0.000007 0.011982 0.000007 0.000007 0.933565 0.000664 0.004743 0.000007 0.005928
 0.938829 0.000007 0.000007 0.000138 0.000138 0.012373 0.000007 0.000664 0.000007 0.000007 0.000007 0.000007 0.011982 0.000007 0.000007 0.024474 0.000664 0.004743 0.000007 0.005928
 0.029738 0.000007 0.000007 0.000138 0.000138 0.012373 0.000007 0.000664 0.000007 0.000007 0.000007 0.000007 0.011982 0.000007 0.000007 0.933565 0.000664 0.004743 0.000007 0.005928
 0.938829 0.000007 0.000007 0.000138 0.000138 0.012373 0.000007 0.000664 0.000007 0.000007 0.000007 0.000007 0.011982 0.000007 0.000007 0.024474 0.000664 0.004743 0.000007 0.005928
 0.029738 0.000007 0.000007 0.000138 0.000138 0.012373 0.000007 0.000664 0.000007 0.000007 0.000007 0.000007 0.011982 0.000007 0.000007 0.933565 0.000664 0.004743 0.000007 0.005928
 0.029738 0.000007 0.000007 0.000138 0.000138 0.012373 0.000007 0.000664 0.000007 0.000007 0.000007 0.000007 0.011982 0.000007 0.000007 0.024474 0.000664 0.913834 0.000007 0.005928

MOTIF 2-IAA STREME-2
letter-probability matrix: alength= 20 w= 3 nsites= 5 S= 2.2e-001
 0.029738 0.000007 0.000007 0.000138 0.000138 0.012373 0.000007 0.909755 0.000007 0.000007 0.000007 0.000007 0.011982 0.000007 0.000007 0.024474 0.000664 0.004743 0.000007 0.005928
 0.938829 0.000007 0.000007 0.000138 0.000138 0.012373 0.000007 0.000664 0.000007 0.000007 0.000007 0.000007 0.011982 0.000007 0.000007 0.024474 0.000664 0.004743 0.000007 0.005928
 0.938829 0.000007 0.000007 0.000138 0.000138 0.012373 0.000007 0.000664 0.000007 0.000007 0.000007 0.000007 0.011982 0.000007 0.000007 0.024474 0.000664 0.004743 0.000007 0.005928

MOTIF 3-AAA STREME-3
letter-probability matrix: alength= 20 w= 3 nsites= 5 S= 7.4e-001
 0.938829 0.000007 0.000007 0.000138 0.000138 0.012373 0.000007 0.000664 0.000007 0.000007 0.000007 0.000007 0.011982 0.000007 0.000007 0.024474 0.000664 0.004743 0.000007 0.005928
 0.938829 0.000007 0.000007 0.000138 0.000138 0.012373 0.000007 0.000664 0.000007 0.000007 0.000007 0.000007 0.011982 0.000007 0.000007 0.024474 0.000664 0.004743 0.000007 0.005928
 0.938829 0.000007 0.000007 0.000138 0.000138 0.012373 0.000007 0.000664 0.000007 0.000007 0.000007 0.000007 0.011982 0.000007 0.000007 0.024474 0.000664 0.004743 0.000007 0.005928

MOTIF 4-GAA STREME-4
letter-probability matrix: alength= 20 w= 3 nsites= 1 S= 1.0e+000
 0.029738 0.000007 0.000007 0.000138 0.000138 0.921464 0.000007 0.000664 0.000007 0.000007 0.000007 0.000007 0.011982 0.000007 0.000007 0.024474 0.000664 0.004743 0.000007 0.005928
 0.938829 0.000007 0.000007 0.000138 0.000138 0.012373 0.000007 0.000664 0.000007 0.000007 0.000007 0.000007 0.011982 0.000007 0.000007 0.024474 0.000664 0.004743 0.000007 0.005928
 0.938829 0.000007 0.000007 0.000138 0.000138 0.012373 0.000007 0.000664 0.000007 0.000007 0.000007 0.000007 0.011982 0.000007 0.000007 0.024474 0.000664 0.004743 0.000007 0.005928

********************************************************************************
Stopped because the next motif had no positive sites with scores > 0.
********************************************************************************
COMMAND:	streme --protein --p ./Data/v1_cluster_windows_15mers/cluster_8431.fasta --minw 3 --maxw 15 --thresh 0.05 --oc ./Results/v1_Top500_Run_20250504_162200/streme_out_cluster_8431
********************************************************************************
CPU:		Hirokis-MacBook-Air.local
********************************************************************************
FINALTIME:	0.24 seconds
********************************************************************************
