********************************************************************************
STREME - Sensitive, Thorough, Rapid, Enriched Motif Elicitation
********************************************************************************
MEME version 5.5.7 (Release date: Wed Jun 19 13:59:04 2024 -0700)

For further information on how to interpret these results please access https://meme-suite.org/meme.
To get a copy of the MEME Suite software please access https://meme-suite.org.

********************************************************************************


********************************************************************************
REFERENCE
********************************************************************************
If you use this program in your research, please cite:

Timothy L. Bailey,
"STREME: accurate and versatile sequence motif discovery",
Bioinformatics, Mar. 24, 2021.
********************************************************************************


ALPHABET= ACDEFGHIKLMNPQRSTVWY

strands: +

Background letter frequencies
A 0.0847 C 6.93e-05 D 0.0112 E 0.00423 F 0.0139 G 0.275 H 6.93e-05 I 0.00423 K 0.00146 L 0.0292 M 6.93e-05 N 6.93e-05 P 0.107 Q 0.171 R 0.00423 S 0.165 T 0.0167 V 0.0223 W 6.93e-05 Y 0.0902 

MOTIF 1-SSSQGYGPGQ STREME-1
letter-probability matrix: alength= 20 w= 10 nsites= 48 S= 1.6e-028
 0.007697 0.000006 0.001015 0.000385 0.001267 0.024971 0.000006 0.000385 0.000132 0.002654 0.000006 0.000006 0.009718 0.015517 0.000385 0.924099 0.001519 0.002024 0.000006 0.008201
 0.007697 0.000006 0.001015 0.000385 0.001267 0.024971 0.000006 0.000385 0.000132 0.002654 0.000006 0.000006 0.009718 0.015517 0.000385 0.924099 0.001519 0.002024 0.000006 0.008201
 0.007697 0.000006 0.001015 0.000385 0.001267 0.024971 0.000006 0.000385 0.000132 0.002654 0.000006 0.000006 0.009718 0.015517 0.000385 0.924099 0.001519 0.002024 0.000006 0.008201
 0.007697 0.000006 0.001015 0.000385 0.001267 0.024971 0.000006 0.000385 0.000132 0.002654 0.000006 0.000006 0.009718 0.924608 0.000385 0.015008 0.001519 0.002024 0.000006 0.008201
 0.007697 0.000006 0.001015 0.000385 0.001267 0.934062 0.000006 0.000385 0.000132 0.002654 0.000006 0.000006 0.009718 0.015517 0.000385 0.015008 0.001519 0.002024 0.000006 0.008201
 0.007697 0.000006 0.001015 0.000385 0.001267 0.024971 0.000006 0.000385 0.000132 0.002654 0.000006 0.000006 0.009718 0.015517 0.000385 0.015008 0.001519 0.002024 0.000006 0.917292
 0.007697 0.000006 0.001015 0.000385 0.001267 0.934062 0.000006 0.000385 0.000132 0.002654 0.000006 0.000006 0.009718 0.015517 0.000385 0.015008 0.001519 0.002024 0.000006 0.008201
 0.007697 0.000006 0.001015 0.000385 0.001267 0.024971 0.000006 0.000385 0.000132 0.002654 0.000006 0.000006 0.918808 0.015517 0.000385 0.015008 0.001519 0.002024 0.000006 0.008201
 0.007697 0.000006 0.001015 0.000385 0.001267 0.934062 0.000006 0.000385 0.000132 0.002654 0.000006 0.000006 0.009718 0.015517 0.000385 0.015008 0.001519 0.002024 0.000006 0.008201
 0.007697 0.000006 0.001015 0.000385 0.001267 0.024971 0.000006 0.000385 0.000132 0.002654 0.000006 0.000006 0.009718 0.924608 0.000385 0.015008 0.001519 0.002024 0.000006 0.008201

MOTIF 2-GQLGA STREME-2
letter-probability matrix: alength= 20 w= 5 nsites= 21 S= 2.9e-008
 0.000557 0.000000 0.000074 0.000028 0.000092 0.668563 0.000000 0.000028 0.045647 0.000192 0.000000 0.000000 0.000704 0.282148 0.000028 0.001087 0.000110 0.000147 0.000000 0.000594
 0.000557 0.000000 0.000074 0.000028 0.000092 0.001809 0.000000 0.000028 0.000010 0.000192 0.000000 0.000000 0.000704 0.994540 0.000028 0.001087 0.000110 0.000147 0.000000 0.000594
 0.000557 0.000000 0.000074 0.000028 0.000092 0.001809 0.000000 0.000028 0.000010 0.666946 0.000000 0.000000 0.281728 0.001124 0.045665 0.001087 0.000110 0.000147 0.000000 0.000594
 0.000557 0.000000 0.000074 0.045665 0.000092 0.858312 0.000000 0.045665 0.000010 0.045830 0.000000 0.000000 0.000704 0.001124 0.000028 0.001087 0.000110 0.000147 0.000000 0.000594
 0.529702 0.000000 0.000074 0.000028 0.000092 0.047446 0.000000 0.000028 0.000010 0.000192 0.000000 0.000000 0.000704 0.001124 0.000028 0.001087 0.418744 0.000147 0.000000 0.000594

MOTIF 3-SSYAV STREME-3
letter-probability matrix: alength= 20 w= 5 nsites= 16 S= 2.0e-004
 0.000920 0.000001 0.000121 0.000046 0.000152 0.002986 0.000001 0.075401 0.000016 0.000317 0.000001 0.000001 0.001162 0.001856 0.000046 0.915569 0.000182 0.000242 0.000001 0.000981
 0.000920 0.000001 0.000121 0.000046 0.000152 0.002986 0.000001 0.000046 0.000016 0.000317 0.000001 0.000001 0.001162 0.001856 0.000046 0.990923 0.000182 0.000242 0.000001 0.000981
 0.000920 0.000001 0.000121 0.000046 0.000152 0.002986 0.000001 0.000046 0.000016 0.000317 0.000001 0.000001 0.001162 0.001856 0.000046 0.001795 0.000182 0.000242 0.000001 0.990109
 0.685142 0.000001 0.000121 0.000046 0.000152 0.002986 0.000001 0.000046 0.000016 0.000317 0.000001 0.000001 0.306069 0.001856 0.000046 0.001795 0.000182 0.000242 0.000001 0.000981
 0.000920 0.000001 0.000121 0.000046 0.000152 0.002986 0.000001 0.000046 0.000016 0.229870 0.000001 0.000001 0.001162 0.001856 0.000046 0.001795 0.000182 0.759818 0.000001 0.000981

MOTIF 4-SGYPG STREME-4
letter-probability matrix: alength= 20 w= 5 nsites= 7 S= 6.2e-003
 0.007697 0.000006 0.001015 0.000385 0.001267 0.024971 0.000006 0.000385 0.000132 0.002654 0.000006 0.000006 0.009718 0.015517 0.000385 0.924099 0.001519 0.002024 0.000006 0.008201
 0.007697 0.000006 0.001015 0.000385 0.001267 0.934062 0.000006 0.000385 0.000132 0.002654 0.000006 0.000006 0.009718 0.015517 0.000385 0.015008 0.001519 0.002024 0.000006 0.008201
 0.007697 0.000006 0.001015 0.000385 0.001267 0.024971 0.000006 0.000385 0.000132 0.002654 0.000006 0.000006 0.009718 0.015517 0.000385 0.015008 0.001519 0.002024 0.000006 0.917292
 0.007697 0.000006 0.001015 0.000385 0.001267 0.024971 0.000006 0.000385 0.000132 0.002654 0.000006 0.000006 0.918808 0.015517 0.000385 0.015008 0.001519 0.002024 0.000006 0.008201
 0.007697 0.000006 0.001015 0.000385 0.001267 0.934062 0.000006 0.000385 0.000132 0.002654 0.000006 0.000006 0.009718 0.015517 0.000385 0.015008 0.001519 0.002024 0.000006 0.008201

MOTIF 5-GQQTG STREME-5
letter-probability matrix: alength= 20 w= 5 nsites= 2 S= 2.5e-001
 0.007697 0.000006 0.001015 0.000385 0.001267 0.934062 0.000006 0.000385 0.000132 0.002654 0.000006 0.000006 0.009718 0.015517 0.000385 0.015008 0.001519 0.002024 0.000006 0.008201
 0.007697 0.000006 0.001015 0.000385 0.001267 0.024971 0.000006 0.000385 0.000132 0.002654 0.000006 0.000006 0.009718 0.924608 0.000385 0.015008 0.001519 0.002024 0.000006 0.008201
 0.007697 0.000006 0.001015 0.000385 0.001267 0.024971 0.000006 0.000385 0.000132 0.002654 0.000006 0.000006 0.009718 0.924608 0.000385 0.015008 0.001519 0.002024 0.000006 0.008201
 0.007697 0.000006 0.001015 0.000385 0.001267 0.024971 0.000006 0.000385 0.000132 0.002654 0.000006 0.000006 0.009718 0.015517 0.000385 0.015008 0.910610 0.002024 0.000006 0.008201
 0.007697 0.000006 0.001015 0.000385 0.001267 0.934062 0.000006 0.000385 0.000132 0.002654 0.000006 0.000006 0.009718 0.015517 0.000385 0.015008 0.001519 0.002024 0.000006 0.008201

********************************************************************************
Stopped because maximum number of motifs (5) reached.
********************************************************************************
COMMAND:	streme --protein --p ./Data/v1_cluster_windows_15mers/cluster_13202.fasta --minw 3 --maxw 15 --thresh 0.05 --oc ./Results/v1_Top500_Run_20250504_162200/streme_out_cluster_13202
********************************************************************************
CPU:		Hirokis-MacBook-Air.local
********************************************************************************
FINALTIME:	0.16 seconds
********************************************************************************
