********************************************************************************
STREME - Sensitive, Thorough, Rapid, Enriched Motif Elicitation
********************************************************************************
MEME version 5.5.7 (Release date: Wed Jun 19 13:59:04 2024 -0700)

For further information on how to interpret these results please access https://meme-suite.org/meme.
To get a copy of the MEME Suite software please access https://meme-suite.org.

********************************************************************************


********************************************************************************
REFERENCE
********************************************************************************
If you use this program in your research, please cite:

Timothy L. Bailey,
"STREME: accurate and versatile sequence motif discovery",
Bioinformatics, Mar. 24, 2021.
********************************************************************************


ALPHABET= ACDEFGHIKLMNPQRSTVWY

strands: +

Background letter frequencies
A 0.291 C 6.16e-05 D 0.0839 E 0.0136 F 6.16e-05 G 0.0839 H 0.00129 I 6.16e-05 K 0.00499 L 0.134 M 0.00499 N 0.0642 P 6.16e-05 Q 0.0469 R 0.0223 S 0.115 T 0.113 V 0.0198 W 6.16e-05 Y 6.16e-05 

MOTIF 1-ATQAARSLGLDANTA STREME-1
letter-probability matrix: alength= 20 w= 15 nsites= 54 E= 1.6e-002
 0.935553 0.000006 0.007628 0.001239 0.000006 0.007628 0.000118 0.000006 0.000454 0.012227 0.000454 0.005834 0.000006 0.004265 0.002024 0.010427 0.010318 0.001799 0.000006 0.000006
 0.026462 0.000006 0.007628 0.001239 0.000006 0.007628 0.000118 0.000006 0.000454 0.012227 0.000454 0.005834 0.000006 0.004265 0.002024 0.010427 0.919409 0.001799 0.000006 0.000006
 0.026462 0.000006 0.007628 0.001239 0.000006 0.007628 0.000118 0.000006 0.000454 0.012227 0.000454 0.005834 0.000006 0.913356 0.002024 0.010427 0.010318 0.001799 0.000006 0.000006
 0.935553 0.000006 0.007628 0.001239 0.000006 0.007628 0.000118 0.000006 0.000454 0.012227 0.000454 0.005834 0.000006 0.004265 0.002024 0.010427 0.010318 0.001799 0.000006 0.000006
 0.935553 0.000006 0.007628 0.001239 0.000006 0.007628 0.000118 0.000006 0.000454 0.012227 0.000454 0.005834 0.000006 0.004265 0.002024 0.010427 0.010318 0.001799 0.000006 0.000006
 0.026462 0.000006 0.007628 0.001239 0.000006 0.007628 0.000118 0.000006 0.000454 0.012227 0.000454 0.005834 0.000006 0.004265 0.911114 0.010427 0.010318 0.001799 0.000006 0.000006
 0.026462 0.000006 0.007628 0.001239 0.000006 0.007628 0.000118 0.000006 0.000454 0.012227 0.000454 0.005834 0.000006 0.004265 0.002024 0.919518 0.010318 0.001799 0.000006 0.000006
 0.026462 0.000006 0.007628 0.001239 0.000006 0.007628 0.000118 0.000006 0.000454 0.921318 0.000454 0.005834 0.000006 0.004265 0.002024 0.010427 0.010318 0.001799 0.000006 0.000006
 0.026462 0.000006 0.007628 0.001239 0.000006 0.916719 0.000118 0.000006 0.000454 0.012227 0.000454 0.005834 0.000006 0.004265 0.002024 0.010427 0.010318 0.001799 0.000006 0.000006
 0.026462 0.000006 0.007628 0.001239 0.000006 0.007628 0.000118 0.000006 0.000454 0.921318 0.000454 0.005834 0.000006 0.004265 0.002024 0.010427 0.010318 0.001799 0.000006 0.000006
 0.026462 0.000006 0.916719 0.001239 0.000006 0.007628 0.000118 0.000006 0.000454 0.012227 0.000454 0.005834 0.000006 0.004265 0.002024 0.010427 0.010318 0.001799 0.000006 0.000006
 0.935553 0.000006 0.007628 0.001239 0.000006 0.007628 0.000118 0.000006 0.000454 0.012227 0.000454 0.005834 0.000006 0.004265 0.002024 0.010427 0.010318 0.001799 0.000006 0.000006
 0.026462 0.000006 0.007628 0.001239 0.000006 0.007628 0.000118 0.000006 0.000454 0.012227 0.000454 0.914925 0.000006 0.004265 0.002024 0.010427 0.010318 0.001799 0.000006 0.000006
 0.026462 0.000006 0.007628 0.001239 0.000006 0.007628 0.000118 0.000006 0.000454 0.012227 0.000454 0.005834 0.000006 0.004265 0.002024 0.010427 0.919409 0.001799 0.000006 0.000006
 0.935553 0.000006 0.007628 0.001239 0.000006 0.007628 0.000118 0.000006 0.000454 0.012227 0.000454 0.005834 0.000006 0.004265 0.002024 0.010427 0.010318 0.001799 0.000006 0.000006

MOTIF 2-VST STREME-2
letter-probability matrix: alength= 20 w= 3 nsites= 3 E= 4.0e+000
 0.026462 0.000006 0.007628 0.001239 0.000006 0.007628 0.000118 0.000006 0.000454 0.012227 0.000454 0.005834 0.000006 0.004265 0.002024 0.010427 0.010318 0.910890 0.000006 0.000006
 0.026462 0.000006 0.007628 0.001239 0.000006 0.007628 0.000118 0.000006 0.000454 0.012227 0.000454 0.005834 0.000006 0.004265 0.002024 0.919518 0.010318 0.001799 0.000006 0.000006
 0.026462 0.000006 0.007628 0.001239 0.000006 0.007628 0.000118 0.000006 0.000454 0.012227 0.000454 0.005834 0.000006 0.004265 0.002024 0.010427 0.919409 0.001799 0.000006 0.000006

MOTIF 3-SGL STREME-3
letter-probability matrix: alength= 20 w= 3 nsites= 1 E= 4.0e+000
 0.026462 0.000006 0.007628 0.001239 0.000006 0.007628 0.000118 0.000006 0.000454 0.012227 0.000454 0.005834 0.000006 0.004265 0.002024 0.919518 0.010318 0.001799 0.000006 0.000006
 0.026462 0.000006 0.007628 0.001239 0.000006 0.916719 0.000118 0.000006 0.000454 0.012227 0.000454 0.005834 0.000006 0.004265 0.002024 0.010427 0.010318 0.001799 0.000006 0.000006
 0.026462 0.000006 0.007628 0.001239 0.000006 0.007628 0.000118 0.000006 0.000454 0.921318 0.000454 0.005834 0.000006 0.004265 0.002024 0.010427 0.010318 0.001799 0.000006 0.000006

MOTIF 4-DSA STREME-4
letter-probability matrix: alength= 20 w= 3 nsites= 1 E= 4.0e+000
 0.026462 0.000006 0.916719 0.001239 0.000006 0.007628 0.000118 0.000006 0.000454 0.012227 0.000454 0.005834 0.000006 0.004265 0.002024 0.010427 0.010318 0.001799 0.000006 0.000006
 0.026462 0.000006 0.007628 0.001239 0.000006 0.007628 0.000118 0.000006 0.000454 0.012227 0.000454 0.005834 0.000006 0.004265 0.002024 0.919518 0.010318 0.001799 0.000006 0.000006
 0.935553 0.000006 0.007628 0.001239 0.000006 0.007628 0.000118 0.000006 0.000454 0.012227 0.000454 0.005834 0.000006 0.004265 0.002024 0.010427 0.010318 0.001799 0.000006 0.000006

********************************************************************************
Stopped because 3 consecutive motifs exceeded the p-value threshold (0.05).
********************************************************************************
COMMAND:	streme --protein --p ./Data/v1_cluster_windows_15mers/cluster_19343.fasta --minw 3 --maxw 15 --thresh 0.05 --oc ./Results/v1_Top500_Run_20250504_162200/streme_out_cluster_19343
********************************************************************************
CPU:		Hirokis-MacBook-Air.local
********************************************************************************
FINALTIME:	0.15 seconds
********************************************************************************
