********************************************************************************
STREME - Sensitive, Thorough, Rapid, Enriched Motif Elicitation
********************************************************************************
MEME version 5.5.7 (Release date: Wed Jun 19 13:59:04 2024 -0700)

For further information on how to interpret these results please access https://meme-suite.org/meme.
To get a copy of the MEME Suite software please access https://meme-suite.org.

********************************************************************************


********************************************************************************
REFERENCE
********************************************************************************
If you use this program in your research, please cite:

Timothy L. Bailey,
"STREME: accurate and versatile sequence motif discovery",
Bioinformatics, Mar. 24, 2021.
********************************************************************************


ALPHABET= ACDEFGHIKLMNPQRSTVWY

strands: +

Background letter frequencies
A 0.144 C 1.64e-05 D 0.00732 E 0.0042 F 0.00261 G 0.477 H 9.66e-05 I 0.00475 K 0.000465 L 0.0137 M 0.00089 N 0.00682 P 0.0558 Q 0.0836 R 0.0132 S 0.0737 T 0.011 V 0.00946 W 4.85e-05 Y 0.0912 

MOTIF 1-QGGYGPG STREME-1
letter-probability matrix: alength= 20 w= 7 nsites= 7406 E= 6.3e-228
 0.183331 0.000000 0.008190 0.003548 0.002506 0.156155 0.000507 0.005068 0.000169 0.041669 0.001183 0.015280 0.211620 0.257506 0.029895 0.049946 0.010987 0.008204 0.000000 0.014236
 0.073685 0.000000 0.010852 0.002872 0.001183 0.745223 0.000000 0.004562 0.000169 0.015790 0.000169 0.016785 0.000001 0.040907 0.023265 0.042227 0.010631 0.010664 0.000000 0.001016
 0.015117 0.000000 0.002703 0.003717 0.001689 0.833945 0.000000 0.001014 0.000000 0.008111 0.000000 0.000000 0.068388 0.027231 0.009869 0.019865 0.000845 0.007166 0.000338 0.000002
 0.000004 0.000000 0.000000 0.000000 0.008731 0.000012 0.000000 0.000000 0.000000 0.000000 0.000000 0.001760 0.000001 0.000002 0.000000 0.000002 0.000000 0.000000 0.000000 0.989488
 0.000004 0.000000 0.005307 0.010141 0.000000 0.963977 0.000000 0.000000 0.000000 0.000000 0.000000 0.001014 0.000001 0.000002 0.002496 0.013000 0.000000 0.004055 0.000000 0.000002
 0.075088 0.000000 0.007061 0.011831 0.000000 0.068564 0.000000 0.000000 0.001858 0.006194 0.000000 0.000000 0.352590 0.305116 0.038993 0.101124 0.026103 0.005477 0.000000 0.000002
 0.013010 0.000000 0.011997 0.003717 0.000000 0.800133 0.000000 0.009297 0.001014 0.020509 0.000000 0.008961 0.000001 0.034924 0.011122 0.071797 0.003041 0.010476 0.000000 0.000002

MOTIF 2-SQGP STREME-2
letter-probability matrix: alength= 20 w= 4 nsites= 582 E= 1.1e-013
 0.000581 0.002578 0.023938 0.002580 0.000001 0.000177 0.000000 0.006228 0.000000 0.000502 0.000000 0.023714 0.003455 0.317336 0.000005 0.603394 0.007739 0.007738 0.000000 0.000034
 0.000054 0.000000 0.000003 0.000002 0.000001 0.000758 0.000000 0.000002 0.000000 0.000005 0.000000 0.000003 0.000021 0.998009 0.000005 0.000027 0.000004 0.000004 0.000000 0.001104
 0.000054 0.000000 0.000003 0.000002 0.000001 0.999805 0.000000 0.000002 0.000000 0.000005 0.000000 0.000003 0.000021 0.000031 0.000005 0.000027 0.000004 0.000004 0.000000 0.000034
 0.000826 0.000000 0.000003 0.000002 0.000001 0.001523 0.000000 0.000002 0.000000 0.000005 0.000000 0.000003 0.987676 0.005187 0.001075 0.003656 0.000004 0.000004 0.000000 0.000034

MOTIF 3-AGA STREME-3
letter-probability matrix: alength= 20 w= 3 nsites= 2960 E= 1.7e-011
 0.999629 0.000000 0.000003 0.000002 0.000001 0.000207 0.000000 0.000002 0.000000 0.000006 0.000000 0.000003 0.000024 0.000036 0.000006 0.000032 0.000005 0.000004 0.000000 0.000040
 0.323769 0.003009 0.000423 0.001830 0.000018 0.544232 0.000000 0.030863 0.000000 0.000006 0.000000 0.000379 0.000024 0.000036 0.000006 0.094563 0.000573 0.000229 0.000000 0.000040
 0.999629 0.000000 0.000003 0.000002 0.000001 0.000207 0.000000 0.000002 0.000000 0.000006 0.000000 0.000003 0.000024 0.000036 0.000006 0.000032 0.000005 0.000004 0.000000 0.000040

MOTIF 4-GQGGYG STREME-4
letter-probability matrix: alength= 20 w= 6 nsites= 152 E= 9.4e-004
 0.002727 0.000000 0.000012 0.000007 0.000004 0.597192 0.000000 0.000008 0.000001 0.000022 0.000001 0.366219 0.000089 0.000134 0.000021 0.011207 0.011107 0.011104 0.000000 0.000146
 0.000231 0.000000 0.000012 0.000007 0.000004 0.000763 0.000000 0.000008 0.000001 0.000022 0.000001 0.000011 0.000089 0.998534 0.000021 0.000118 0.000018 0.000015 0.000000 0.000146
 0.088966 0.000000 0.000012 0.000007 0.000004 0.899339 0.000000 0.000008 0.000001 0.011111 0.000001 0.000011 0.000089 0.000134 0.000021 0.000118 0.000018 0.000015 0.000000 0.000146
 0.000231 0.000000 0.000012 0.000007 0.000004 0.999163 0.000000 0.000008 0.000001 0.000022 0.000001 0.000011 0.000089 0.000134 0.000021 0.000118 0.000018 0.000015 0.000000 0.000146
 0.011320 0.000000 0.000012 0.000007 0.000004 0.000763 0.000000 0.000008 0.000001 0.000022 0.000001 0.000011 0.000089 0.000134 0.000021 0.000118 0.000018 0.000015 0.000000 0.987457
 0.000231 0.000000 0.000012 0.000007 0.000004 0.976985 0.000000 0.000008 0.000001 0.000022 0.000001 0.000011 0.000089 0.000134 0.000021 0.022296 0.000018 0.000015 0.000000 0.000146

MOTIF 5-SGAG STREME-5
letter-probability matrix: alength= 20 w= 4 nsites= 233 E= 1.9e-003
 0.013136 0.000001 0.000665 0.000382 0.000238 0.043336 0.000009 0.000431 0.000042 0.001242 0.000081 0.000620 0.005070 0.007600 0.001198 0.915795 0.001000 0.000860 0.000004 0.008289
 0.013136 0.000001 0.000665 0.000382 0.000238 0.952426 0.000009 0.000431 0.000042 0.001242 0.000081 0.000620 0.005070 0.007600 0.001198 0.006704 0.001000 0.000860 0.000004 0.008289
 0.922227 0.000001 0.000665 0.000382 0.000238 0.043336 0.000009 0.000431 0.000042 0.001242 0.000081 0.000620 0.005070 0.007600 0.001198 0.006704 0.001000 0.000860 0.000004 0.008289
 0.013136 0.000001 0.000665 0.000382 0.000238 0.952426 0.000009 0.000431 0.000042 0.001242 0.000081 0.000620 0.005070 0.007600 0.001198 0.006704 0.001000 0.000860 0.000004 0.008289

MOTIF 6-AASG STREME-6
letter-probability matrix: alength= 20 w= 4 nsites= 162 E= 7.1e-003
 0.922227 0.000001 0.000665 0.000382 0.000238 0.043336 0.000009 0.000431 0.000042 0.001242 0.000081 0.000620 0.005070 0.007600 0.001198 0.006704 0.001000 0.000860 0.000004 0.008289
 0.922227 0.000001 0.000665 0.000382 0.000238 0.043336 0.000009 0.000431 0.000042 0.001242 0.000081 0.000620 0.005070 0.007600 0.001198 0.006704 0.001000 0.000860 0.000004 0.008289
 0.013136 0.000001 0.000665 0.000382 0.000238 0.043336 0.000009 0.000431 0.000042 0.001242 0.000081 0.000620 0.005070 0.007600 0.001198 0.915795 0.001000 0.000860 0.000004 0.008289
 0.013136 0.000001 0.000665 0.000382 0.000238 0.952426 0.000009 0.000431 0.000042 0.001242 0.000081 0.000620 0.005070 0.007600 0.001198 0.006704 0.001000 0.000860 0.000004 0.008289

MOTIF 7-GYGN STREME-7
letter-probability matrix: alength= 20 w= 4 nsites= 67 E= 1.5e-002
 0.013136 0.000001 0.000665 0.000382 0.000238 0.952426 0.000009 0.000431 0.000042 0.001242 0.000081 0.000620 0.005070 0.007600 0.001198 0.006704 0.001000 0.000860 0.000004 0.008289
 0.013136 0.000001 0.000665 0.000382 0.000238 0.043336 0.000009 0.000431 0.000042 0.001242 0.000081 0.000620 0.005070 0.007600 0.001198 0.006704 0.001000 0.000860 0.000004 0.917380
 0.013136 0.000001 0.000665 0.000382 0.000238 0.952426 0.000009 0.000431 0.000042 0.001242 0.000081 0.000620 0.005070 0.007600 0.001198 0.006704 0.001000 0.000860 0.000004 0.008289
 0.013136 0.000001 0.000665 0.000382 0.000238 0.043336 0.000009 0.000431 0.000042 0.001242 0.000081 0.909711 0.005070 0.007600 0.001198 0.006704 0.001000 0.000860 0.000004 0.008289

MOTIF 8-SSA STREME-8
letter-probability matrix: alength= 20 w= 3 nsites= 156 E= 7.5e-002
 0.013136 0.000001 0.000665 0.000382 0.000238 0.043336 0.000009 0.000431 0.000042 0.001242 0.000081 0.000620 0.005070 0.007600 0.001198 0.915795 0.001000 0.000860 0.000004 0.008289
 0.013136 0.000001 0.000665 0.000382 0.000238 0.043336 0.000009 0.000431 0.000042 0.001242 0.000081 0.000620 0.005070 0.007600 0.001198 0.915795 0.001000 0.000860 0.000004 0.008289
 0.922227 0.000001 0.000665 0.000382 0.000238 0.043336 0.000009 0.000431 0.000042 0.001242 0.000081 0.000620 0.005070 0.007600 0.001198 0.006704 0.001000 0.000860 0.000004 0.008289

MOTIF 9-GYGP STREME-9
letter-probability matrix: alength= 20 w= 4 nsites= 140 E= 1.0e-001
 0.013136 0.000001 0.000665 0.000382 0.000238 0.952426 0.000009 0.000431 0.000042 0.001242 0.000081 0.000620 0.005070 0.007600 0.001198 0.006704 0.001000 0.000860 0.000004 0.008289
 0.013136 0.000001 0.000665 0.000382 0.000238 0.043336 0.000009 0.000431 0.000042 0.001242 0.000081 0.000620 0.005070 0.007600 0.001198 0.006704 0.001000 0.000860 0.000004 0.917380
 0.013136 0.000001 0.000665 0.000382 0.000238 0.952426 0.000009 0.000431 0.000042 0.001242 0.000081 0.000620 0.005070 0.007600 0.001198 0.006704 0.001000 0.000860 0.000004 0.008289
 0.013136 0.000001 0.000665 0.000382 0.000238 0.043336 0.000009 0.000431 0.000042 0.001242 0.000081 0.000620 0.914161 0.007600 0.001198 0.006704 0.001000 0.000860 0.000004 0.008289

MOTIF 10-AGSG STREME-10
letter-probability matrix: alength= 20 w= 4 nsites= 311 E= 1.5e-001
 0.922227 0.000001 0.000665 0.000382 0.000238 0.043336 0.000009 0.000431 0.000042 0.001242 0.000081 0.000620 0.005070 0.007600 0.001198 0.006704 0.001000 0.000860 0.000004 0.008289
 0.013136 0.000001 0.000665 0.000382 0.000238 0.952426 0.000009 0.000431 0.000042 0.001242 0.000081 0.000620 0.005070 0.007600 0.001198 0.006704 0.001000 0.000860 0.000004 0.008289
 0.013136 0.000001 0.000665 0.000382 0.000238 0.043336 0.000009 0.000431 0.000042 0.001242 0.000081 0.000620 0.005070 0.007600 0.001198 0.915795 0.001000 0.000860 0.000004 0.008289
 0.013136 0.000001 0.000665 0.000382 0.000238 0.952426 0.000009 0.000431 0.000042 0.001242 0.000081 0.000620 0.005070 0.007600 0.001198 0.006704 0.001000 0.000860 0.000004 0.008289

MOTIF 11-SGP STREME-11
letter-probability matrix: alength= 20 w= 3 nsites= 380 E= 2.0e-001
 0.013136 0.000001 0.000665 0.000382 0.000238 0.043336 0.000009 0.000431 0.000042 0.001242 0.000081 0.000620 0.005070 0.007600 0.001198 0.915795 0.001000 0.000860 0.000004 0.008289
 0.013136 0.000001 0.000665 0.000382 0.000238 0.952426 0.000009 0.000431 0.000042 0.001242 0.000081 0.000620 0.005070 0.007600 0.001198 0.006704 0.001000 0.000860 0.000004 0.008289
 0.013136 0.000001 0.000665 0.000382 0.000238 0.043336 0.000009 0.000431 0.000042 0.001242 0.000081 0.000620 0.914161 0.007600 0.001198 0.006704 0.001000 0.000860 0.000004 0.008289

MOTIF 12-ISSG STREME-12
letter-probability matrix: alength= 20 w= 4 nsites= 69 E= 2.6e-001
 0.000504 0.000000 0.000026 0.000015 0.000009 0.001663 0.000000 0.996528 0.000002 0.000048 0.000003 0.000024 0.000195 0.000292 0.000046 0.000257 0.000038 0.000033 0.000000 0.000318
 0.073056 0.000000 0.000026 0.000015 0.000009 0.001663 0.000000 0.000017 0.000002 0.000048 0.000003 0.000024 0.000195 0.000292 0.000046 0.924217 0.000038 0.000033 0.000000 0.000318
 0.000504 0.000000 0.000026 0.000015 0.000009 0.001663 0.000000 0.000017 0.000002 0.000048 0.000003 0.000024 0.000195 0.000292 0.000046 0.972587 0.024220 0.000033 0.000000 0.000318
 0.058912 0.000000 0.000026 0.000015 0.000009 0.750409 0.000000 0.000017 0.000002 0.000048 0.000003 0.000024 0.000195 0.000292 0.000046 0.058665 0.000038 0.120948 0.000000 0.010354

MOTIF 13-GYPGQPGYS STREME-13
letter-probability matrix: alength= 20 w= 9 nsites= 63 E= 5.3e-001
 0.051930 0.000000 0.000018 0.120365 0.000006 0.826777 0.000000 0.000012 0.000001 0.000034 0.000002 0.000017 0.000138 0.000207 0.000033 0.000183 0.000027 0.000023 0.000000 0.000226
 0.000358 0.000000 0.000018 0.000010 0.000006 0.001182 0.000000 0.000012 0.000001 0.000034 0.000002 0.000017 0.000138 0.000207 0.000033 0.000183 0.000027 0.000023 0.000000 0.997746
 0.069128 0.000000 0.034400 0.000010 0.000006 0.069952 0.000000 0.000012 0.000001 0.000034 0.000002 0.000017 0.774166 0.000207 0.000033 0.051754 0.000027 0.000023 0.000000 0.000226
 0.000358 0.000000 0.000018 0.000010 0.000006 0.998702 0.000000 0.000012 0.000001 0.000034 0.000002 0.000017 0.000138 0.000207 0.000033 0.000183 0.000027 0.000023 0.000000 0.000226
 0.000358 0.000000 0.000018 0.000010 0.000006 0.001182 0.000000 0.000012 0.000001 0.000034 0.000002 0.000017 0.000138 0.997727 0.000033 0.000183 0.000027 0.000023 0.000000 0.000226
 0.000358 0.000000 0.000018 0.000010 0.000006 0.001182 0.000000 0.000012 0.000001 0.000034 0.000002 0.000017 0.688194 0.309672 0.000033 0.000183 0.000027 0.000023 0.000000 0.000226
 0.000358 0.000000 0.000018 0.000010 0.000006 0.964321 0.000000 0.000012 0.000001 0.034415 0.000002 0.000017 0.000138 0.000207 0.000033 0.000183 0.000027 0.000023 0.000000 0.000226
 0.000358 0.000000 0.000018 0.000010 0.000006 0.001182 0.000000 0.000012 0.000001 0.000034 0.000002 0.000017 0.000138 0.000207 0.000033 0.172103 0.000027 0.000023 0.000000 0.825826
 0.000358 0.000000 0.000018 0.000010 0.000006 0.001182 0.000000 0.000012 0.000001 0.000034 0.000002 0.000017 0.000138 0.000207 0.000033 0.997703 0.000027 0.000023 0.000000 0.000226

MOTIF 14-YAPGQS STREME-14
letter-probability matrix: alength= 20 w= 6 nsites= 39 E= 5.3e-001
 0.013136 0.000001 0.000665 0.000382 0.000238 0.043336 0.000009 0.000431 0.000042 0.001242 0.000081 0.000620 0.005070 0.007600 0.001198 0.006704 0.001000 0.000860 0.000004 0.917380
 0.922227 0.000001 0.000665 0.000382 0.000238 0.043336 0.000009 0.000431 0.000042 0.001242 0.000081 0.000620 0.005070 0.007600 0.001198 0.006704 0.001000 0.000860 0.000004 0.008289
 0.013136 0.000001 0.000665 0.000382 0.000238 0.043336 0.000009 0.000431 0.000042 0.001242 0.000081 0.000620 0.914161 0.007600 0.001198 0.006704 0.001000 0.000860 0.000004 0.008289
 0.013136 0.000001 0.000665 0.000382 0.000238 0.952426 0.000009 0.000431 0.000042 0.001242 0.000081 0.000620 0.005070 0.007600 0.001198 0.006704 0.001000 0.000860 0.000004 0.008289
 0.013136 0.000001 0.000665 0.000382 0.000238 0.043336 0.000009 0.000431 0.000042 0.001242 0.000081 0.000620 0.005070 0.916691 0.001198 0.006704 0.001000 0.000860 0.000004 0.008289
 0.013136 0.000001 0.000665 0.000382 0.000238 0.043336 0.000009 0.000431 0.000042 0.001242 0.000081 0.000620 0.005070 0.007600 0.001198 0.915795 0.001000 0.000860 0.000004 0.008289

MOTIF 15-SGQQ STREME-15
letter-probability matrix: alength= 20 w= 4 nsites= 75 E= 1.5e+000
 0.013136 0.000001 0.000665 0.000382 0.000238 0.043336 0.000009 0.000431 0.000042 0.001242 0.000081 0.000620 0.005070 0.007600 0.001198 0.915795 0.001000 0.000860 0.000004 0.008289
 0.013136 0.000001 0.000665 0.000382 0.000238 0.952426 0.000009 0.000431 0.000042 0.001242 0.000081 0.000620 0.005070 0.007600 0.001198 0.006704 0.001000 0.000860 0.000004 0.008289
 0.013136 0.000001 0.000665 0.000382 0.000238 0.043336 0.000009 0.000431 0.000042 0.001242 0.000081 0.000620 0.005070 0.916691 0.001198 0.006704 0.001000 0.000860 0.000004 0.008289
 0.013136 0.000001 0.000665 0.000382 0.000238 0.043336 0.000009 0.000431 0.000042 0.001242 0.000081 0.000620 0.005070 0.916691 0.001198 0.006704 0.001000 0.000860 0.000004 0.008289

MOTIF 16-GSQG STREME-16
letter-probability matrix: alength= 20 w= 4 nsites= 236 E= 3.4e+000
 0.013136 0.000001 0.000665 0.000382 0.000238 0.952426 0.000009 0.000431 0.000042 0.001242 0.000081 0.000620 0.005070 0.007600 0.001198 0.006704 0.001000 0.000860 0.000004 0.008289
 0.013136 0.000001 0.000665 0.000382 0.000238 0.043336 0.000009 0.000431 0.000042 0.001242 0.000081 0.000620 0.005070 0.007600 0.001198 0.915795 0.001000 0.000860 0.000004 0.008289
 0.013136 0.000001 0.000665 0.000382 0.000238 0.043336 0.000009 0.000431 0.000042 0.001242 0.000081 0.000620 0.005070 0.916691 0.001198 0.006704 0.001000 0.000860 0.000004 0.008289
 0.013136 0.000001 0.000665 0.000382 0.000238 0.952426 0.000009 0.000431 0.000042 0.001242 0.000081 0.000620 0.005070 0.007600 0.001198 0.006704 0.001000 0.000860 0.000004 0.008289

MOTIF 17-YGYGLGAG STREME-17
letter-probability matrix: alength= 20 w= 8 nsites= 37 E= 4.2e+000
 0.039271 0.000000 0.000029 0.000017 0.000010 0.001881 0.000000 0.000019 0.000002 0.000054 0.000004 0.000027 0.000220 0.000330 0.000052 0.000291 0.027394 0.000037 0.000000 0.930363
 0.000570 0.000000 0.000029 0.054719 0.000010 0.943232 0.000000 0.000019 0.000002 0.000054 0.000004 0.000027 0.000220 0.000330 0.000052 0.000291 0.000043 0.000037 0.000000 0.000360
 0.027920 0.000000 0.000029 0.000017 0.000010 0.001881 0.000000 0.082072 0.000002 0.000054 0.136780 0.000027 0.000220 0.000330 0.000052 0.000291 0.027394 0.000037 0.000000 0.722884
 0.000570 0.000000 0.000029 0.000017 0.000010 0.997935 0.000000 0.000019 0.000002 0.000054 0.000004 0.000027 0.000220 0.000330 0.000052 0.000291 0.000043 0.000037 0.000000 0.000360
 0.000570 0.000000 0.054732 0.000017 0.000010 0.001881 0.000000 0.000019 0.000002 0.667891 0.000004 0.000027 0.000220 0.191791 0.027402 0.000291 0.000043 0.054740 0.000000 0.000360
 0.027920 0.000000 0.000029 0.000017 0.000010 0.970585 0.000000 0.000019 0.000002 0.000054 0.000004 0.000027 0.000220 0.000330 0.000052 0.000291 0.000043 0.000037 0.000000 0.000360
 0.367498 0.000000 0.000029 0.000017 0.000010 0.001881 0.000000 0.000019 0.000002 0.000054 0.000004 0.000027 0.000220 0.000330 0.000052 0.355890 0.082094 0.000037 0.000000 0.191837
 0.000570 0.000000 0.000029 0.000017 0.000010 0.997935 0.000000 0.000019 0.000002 0.000054 0.000004 0.000027 0.000220 0.000330 0.000052 0.000291 0.000043 0.000037 0.000000 0.000360

********************************************************************************
Stopped because 3 consecutive motifs exceeded the p-value threshold (0.05).
********************************************************************************
COMMAND:	streme --protein --p ./Data/v0_cluster_windows_15mers/cluster_9.fasta --minw 3 --maxw 15 --thresh 0.05 --oc ./Results/v0_Parallel_Run_20250503_171149/streme_out_cluster_9
********************************************************************************
CPU:		Hirokis-MacBook-Air.local
********************************************************************************
FINALTIME:	83.79 seconds
********************************************************************************
