********************************************************************************
STREME - Sensitive, Thorough, Rapid, Enriched Motif Elicitation
********************************************************************************
MEME version 5.5.7 (Release date: Wed Jun 19 13:59:04 2024 -0700)

For further information on how to interpret these results please access https://meme-suite.org/meme.
To get a copy of the MEME Suite software please access https://meme-suite.org.

********************************************************************************


********************************************************************************
REFERENCE
********************************************************************************
If you use this program in your research, please cite:

Timothy L. Bailey,
"STREME: accurate and versatile sequence motif discovery",
Bioinformatics, Mar. 24, 2021.
********************************************************************************


ALPHABET= ACDEFGHIKLMNPQRSTVWY

strands: +

Background letter frequencies
A 0.184 C 5.37e-05 D 5.37e-05 E 0.0269 F 5.37e-05 G 0.0269 H 5.37e-05 I 0.0656 K 0.0022 L 5.37e-05 M 5.37e-05 N 0.0022 P 5.37e-05 Q 0.0441 R 0.057 S 0.331 T 0.19 V 0.0699 W 5.37e-05 Y 5.37e-05 

MOTIF 1-SAASSASSSVTQTIR STREME-1
letter-probability matrix: alength= 20 w= 15 nsites= 62 E= 1.1e-003
 0.016700 0.000005 0.000005 0.002446 0.000005 0.002446 0.000005 0.005961 0.000200 0.000005 0.000005 0.000200 0.000005 0.004008 0.005180 0.939172 0.017291 0.006352 0.000005 0.000005
 0.925791 0.000005 0.000005 0.002446 0.000005 0.002446 0.000005 0.005961 0.000200 0.000005 0.000005 0.000200 0.000005 0.004008 0.005180 0.030081 0.017291 0.006352 0.000005 0.000005
 0.925791 0.000005 0.000005 0.002446 0.000005 0.002446 0.000005 0.005961 0.000200 0.000005 0.000005 0.000200 0.000005 0.004008 0.005180 0.030081 0.017291 0.006352 0.000005 0.000005
 0.016700 0.000005 0.000005 0.002446 0.000005 0.002446 0.000005 0.005961 0.000200 0.000005 0.000005 0.000200 0.000005 0.004008 0.005180 0.939172 0.017291 0.006352 0.000005 0.000005
 0.016700 0.000005 0.000005 0.002446 0.000005 0.002446 0.000005 0.005961 0.000200 0.000005 0.000005 0.000200 0.000005 0.004008 0.005180 0.939172 0.017291 0.006352 0.000005 0.000005
 0.925791 0.000005 0.000005 0.002446 0.000005 0.002446 0.000005 0.005961 0.000200 0.000005 0.000005 0.000200 0.000005 0.004008 0.005180 0.030081 0.017291 0.006352 0.000005 0.000005
 0.016700 0.000005 0.000005 0.002446 0.000005 0.002446 0.000005 0.005961 0.000200 0.000005 0.000005 0.000200 0.000005 0.004008 0.005180 0.939172 0.017291 0.006352 0.000005 0.000005
 0.016700 0.000005 0.000005 0.002446 0.000005 0.002446 0.000005 0.005961 0.000200 0.000005 0.000005 0.000200 0.000005 0.004008 0.005180 0.939172 0.017291 0.006352 0.000005 0.000005
 0.016700 0.000005 0.000005 0.002446 0.000005 0.002446 0.000005 0.005961 0.000200 0.000005 0.000005 0.000200 0.000005 0.004008 0.005180 0.939172 0.017291 0.006352 0.000005 0.000005
 0.016700 0.000005 0.000005 0.002446 0.000005 0.002446 0.000005 0.005961 0.000200 0.000005 0.000005 0.000200 0.000005 0.004008 0.005180 0.030081 0.017291 0.915443 0.000005 0.000005
 0.016700 0.000005 0.000005 0.002446 0.000005 0.002446 0.000005 0.005961 0.000200 0.000005 0.000005 0.000200 0.000005 0.004008 0.005180 0.030081 0.926382 0.006352 0.000005 0.000005
 0.016700 0.000005 0.000005 0.002446 0.000005 0.002446 0.000005 0.005961 0.000200 0.000005 0.000005 0.000200 0.000005 0.913099 0.005180 0.030081 0.017291 0.006352 0.000005 0.000005
 0.016700 0.000005 0.000005 0.002446 0.000005 0.002446 0.000005 0.005961 0.000200 0.000005 0.000005 0.000200 0.000005 0.004008 0.005180 0.030081 0.926382 0.006352 0.000005 0.000005
 0.016700 0.000005 0.000005 0.002446 0.000005 0.002446 0.000005 0.915052 0.000200 0.000005 0.000005 0.000200 0.000005 0.004008 0.005180 0.030081 0.017291 0.006352 0.000005 0.000005
 0.016700 0.000005 0.000005 0.002446 0.000005 0.002446 0.000005 0.005961 0.000200 0.000005 0.000005 0.000200 0.000005 0.004008 0.914271 0.030081 0.017291 0.006352 0.000005 0.000005

********************************************************************************
Stopped because the next motif had no positive sites with scores > 0.
********************************************************************************
COMMAND:	streme --protein --p ./Data/v1_cluster_windows_15mers/cluster_11544.fasta --minw 3 --maxw 15 --thresh 0.05 --oc ./Results/v1_Top500_Run_20250504_162200/streme_out_cluster_11544
********************************************************************************
CPU:		Hirokis-MacBook-Air.local
********************************************************************************
FINALTIME:	0.18 seconds
********************************************************************************
