********************************************************************************
STREME - Sensitive, Thorough, Rapid, Enriched Motif Elicitation
********************************************************************************
MEME version 5.5.7 (Release date: Wed Jun 19 13:59:04 2024 -0700)

For further information on how to interpret these results please access https://meme-suite.org/meme.
To get a copy of the MEME Suite software please access https://meme-suite.org.

********************************************************************************


********************************************************************************
REFERENCE
********************************************************************************
If you use this program in your research, please cite:

Timothy L. Bailey,
"STREME: accurate and versatile sequence motif discovery",
Bioinformatics, Mar. 24, 2021.
********************************************************************************


ALPHABET= ACDEFGHIKLMNPQRSTVWY

strands: +

Background letter frequencies
A 0.167 C 8.12e-05 D 0.0228 E 8.12e-05 F 8.12e-05 G 0.0699 H 8.12e-05 I 0.0228 K 8.12e-05 L 0.091 M 8.12e-05 N 0.00495 P 8.12e-05 Q 0.0942 R 8.12e-05 S 0.248 T 0.141 V 0.136 W 8.12e-05 Y 8.12e-05 

MOTIF 1-ASSVASQVGQTLAST STREME-1
letter-probability matrix: alength= 20 w= 15 nsites= 41 S= 2.4e-024
 0.501599 0.000000 0.000116 0.000000 0.000000 0.000355 0.000000 0.000116 0.000000 0.000462 0.000000 0.000025 0.000000 0.000478 0.000000 0.389317 0.071674 0.035855 0.000000 0.000000
 0.359661 0.000000 0.000116 0.000000 0.000000 0.000355 0.000000 0.107520 0.000000 0.035625 0.000000 0.000025 0.000000 0.000478 0.000000 0.424481 0.000717 0.071019 0.000000 0.000000
 0.353742 0.000000 0.000116 0.000000 0.000000 0.000355 0.000000 0.000116 0.000000 0.000462 0.000000 0.000025 0.000000 0.000478 0.000000 0.608131 0.035880 0.000692 0.000000 0.000000
 0.142762 0.000000 0.000116 0.000000 0.000000 0.035518 0.000000 0.070442 0.000000 0.213356 0.000000 0.000025 0.000000 0.000478 0.000000 0.001261 0.000717 0.535321 0.000000 0.000000
 0.606435 0.000000 0.142684 0.000000 0.000000 0.000355 0.000000 0.000116 0.000000 0.000462 0.000000 0.000025 0.000000 0.000478 0.000000 0.036424 0.035880 0.177139 0.000000 0.000000
 0.071806 0.000000 0.000116 0.000000 0.000000 0.035518 0.000000 0.000116 0.000000 0.000462 0.000000 0.035188 0.000000 0.000478 0.000000 0.819741 0.035880 0.000692 0.000000 0.000000
 0.000849 0.000000 0.000116 0.000000 0.000000 0.000355 0.000000 0.000116 0.000000 0.000462 0.000000 0.000025 0.000000 0.924448 0.000000 0.072217 0.000717 0.000692 0.000000 0.000000
 0.000849 0.000000 0.000116 0.000000 0.000000 0.000355 0.000000 0.000116 0.000000 0.000462 0.000000 0.000025 0.000000 0.000478 0.000000 0.001261 0.000717 0.995619 0.000000 0.000000
 0.000849 0.000000 0.000116 0.000000 0.000000 0.960118 0.000000 0.000116 0.000000 0.000462 0.000000 0.000025 0.000000 0.000478 0.000000 0.036424 0.000717 0.000692 0.000000 0.000000
 0.000849 0.000000 0.000116 0.000000 0.000000 0.000355 0.000000 0.000116 0.000000 0.000462 0.000000 0.000025 0.000000 0.641227 0.000000 0.355439 0.000717 0.000692 0.000000 0.000000
 0.036012 0.000000 0.000116 0.000000 0.000000 0.000355 0.000000 0.000116 0.000000 0.000462 0.000000 0.000025 0.000000 0.000478 0.000000 0.001261 0.960481 0.000692 0.000000 0.000000
 0.000849 0.000000 0.000116 0.000000 0.000000 0.000355 0.000000 0.000116 0.000000 0.889268 0.000000 0.000025 0.000000 0.000478 0.000000 0.001261 0.000717 0.106812 0.000000 0.000000
 0.890286 0.000000 0.000116 0.000000 0.000000 0.000355 0.000000 0.000116 0.000000 0.000462 0.000000 0.000025 0.000000 0.000478 0.000000 0.001261 0.071043 0.035855 0.000000 0.000000
 0.000849 0.000000 0.000116 0.000000 0.000000 0.000355 0.000000 0.000116 0.000000 0.000462 0.000000 0.000025 0.000000 0.000478 0.000000 0.996188 0.000717 0.000692 0.000000 0.000000
 0.000849 0.000000 0.000116 0.000000 0.000000 0.000355 0.000000 0.000116 0.000000 0.000462 0.000000 0.000025 0.000000 0.000478 0.000000 0.036424 0.960481 0.000692 0.000000 0.000000

********************************************************************************
Stopped because the next motif had no positive sites with scores > 0.
********************************************************************************
COMMAND:	streme --protein --p ./Data/v1_cluster_windows_15mers/cluster_8882.fasta --minw 3 --maxw 15 --thresh 0.05 --oc ./Results/v1_Top500_Run_20250504_162200/streme_out_cluster_8882
********************************************************************************
CPU:		Hirokis-MacBook-Air.local
********************************************************************************
FINALTIME:	0.15 seconds
********************************************************************************
