********************************************************************************
STREME - Sensitive, Thorough, Rapid, Enriched Motif Elicitation
********************************************************************************
MEME version 5.5.7 (Release date: Wed Jun 19 13:59:04 2024 -0700)

For further information on how to interpret these results please access https://meme-suite.org/meme.
To get a copy of the MEME Suite software please access https://meme-suite.org.

********************************************************************************


********************************************************************************
REFERENCE
********************************************************************************
If you use this program in your research, please cite:

Timothy L. Bailey,
"STREME: accurate and versatile sequence motif discovery",
Bioinformatics, Mar. 24, 2021.
********************************************************************************


ALPHABET= ACDEFGHIKLMNPQRSTVWY

strands: +

Background letter frequencies
A 0.0693 C 0.000564 D 0.0247 E 0.0113 F 0.0011 G 0.0328 H 0.000564 I 0.00809 K 0.0011 L 0.0516 M 0.0167 N 0.0903 P 0.0097 Q 0.00809 R 0.0629 S 0.267 T 0.132 V 0.144 W 2.69e-05 Y 0.0683 

MOTIF 1-TVYNSVSR STREME-1
letter-probability matrix: alength= 20 w= 8 nsites= 123 E= 1.5e-006
 0.170089 0.000001 0.000031 0.026347 0.000001 0.008762 0.000001 0.000010 0.000001 0.000065 0.000021 0.017555 0.000012 0.000010 0.000079 0.009057 0.732694 0.035177 0.000000 0.000086
 0.043747 0.000001 0.000031 0.000014 0.000001 0.000041 0.000001 0.026343 0.000001 0.026284 0.000021 0.000114 0.000012 0.000010 0.000079 0.000336 0.000166 0.902712 0.000000 0.000086
 0.000087 0.000001 0.000031 0.000014 0.000001 0.000041 0.000001 0.000010 0.000001 0.000065 0.000021 0.000114 0.000012 0.000010 0.000079 0.000336 0.000166 0.000181 0.000000 0.998828
 0.000087 0.000001 0.000031 0.000014 0.000001 0.008762 0.000001 0.000010 0.000001 0.000065 0.000021 0.981414 0.000012 0.000010 0.000079 0.000336 0.008886 0.000181 0.000000 0.000086
 0.008808 0.008721 0.000031 0.000014 0.000001 0.000041 0.000001 0.000010 0.000001 0.000065 0.000021 0.000114 0.000012 0.000010 0.000079 0.548597 0.433205 0.000181 0.000000 0.000086
 0.026306 0.000001 0.000031 0.000014 0.000001 0.000041 0.000001 0.017508 0.000001 0.026284 0.008742 0.000114 0.000012 0.000010 0.000079 0.000336 0.000166 0.920267 0.000000 0.000086
 0.000087 0.000001 0.000031 0.000014 0.000001 0.000041 0.000001 0.000010 0.000001 0.000065 0.000021 0.087547 0.000012 0.000010 0.000079 0.902924 0.008886 0.000181 0.000000 0.000086
 0.000087 0.000001 0.000031 0.000014 0.000001 0.034981 0.000001 0.000010 0.000001 0.008786 0.000021 0.035167 0.000012 0.000010 0.885168 0.017834 0.017607 0.000181 0.000000 0.000086

MOTIF 2-DTN STREME-2
letter-probability matrix: alength= 20 w= 3 nsites= 36 E= 1.2e+000
 0.000877 0.000007 0.987671 0.000143 0.000014 0.000415 0.000007 0.000102 0.000014 0.000652 0.000211 0.001142 0.000123 0.000102 0.000795 0.003377 0.001665 0.001820 0.000000 0.000863
 0.176702 0.000007 0.000313 0.000143 0.000014 0.000415 0.000007 0.000102 0.000014 0.000652 0.000211 0.001142 0.000123 0.000102 0.000795 0.267974 0.548600 0.001820 0.000000 0.000863
 0.088505 0.000007 0.000313 0.000143 0.000014 0.000415 0.000007 0.000102 0.000014 0.000652 0.000211 0.725046 0.000123 0.000102 0.000795 0.179202 0.001665 0.001820 0.000000 0.000863

MOTIF 3-ESTT STREME-3
letter-probability matrix: alength= 20 w= 4 nsites= 13 E= 2.0e+000
 0.000814 0.000007 0.000290 0.988394 0.000013 0.000385 0.000007 0.000095 0.000013 0.000606 0.000196 0.001060 0.000114 0.000095 0.000738 0.003135 0.001546 0.001690 0.000000 0.000801
 0.000814 0.000007 0.000290 0.000133 0.000013 0.000385 0.000007 0.081461 0.000013 0.000606 0.000196 0.001060 0.000114 0.000095 0.000738 0.747297 0.164279 0.001690 0.000000 0.000801
 0.000814 0.000007 0.000290 0.000133 0.000013 0.000385 0.000007 0.000095 0.000013 0.000606 0.000196 0.001060 0.000114 0.000095 0.245366 0.003135 0.745180 0.001690 0.000000 0.000801
 0.000814 0.000007 0.000290 0.000133 0.000013 0.000385 0.000007 0.000095 0.000013 0.000606 0.000196 0.001060 0.000114 0.000095 0.000738 0.003135 0.989807 0.001690 0.000000 0.000801

MOTIF 4-AGAG STREME-4
letter-probability matrix: alength= 20 w= 4 nsites= 14 E= 4.0e+000
 0.778666 0.000006 0.000250 0.000115 0.000011 0.000332 0.000006 0.000082 0.000011 0.000523 0.000169 0.000914 0.000098 0.000082 0.000637 0.214616 0.001333 0.001458 0.000000 0.000691
 0.000702 0.000006 0.000250 0.000115 0.000011 0.990207 0.000006 0.000082 0.000011 0.000523 0.000169 0.000914 0.000098 0.000082 0.000637 0.002704 0.001333 0.001458 0.000000 0.000691
 0.564884 0.000006 0.000250 0.000115 0.000011 0.000332 0.000006 0.000082 0.000011 0.000523 0.000169 0.000914 0.000098 0.000082 0.000637 0.072884 0.001333 0.356971 0.000000 0.000691
 0.070882 0.000006 0.000250 0.000115 0.000011 0.494335 0.000006 0.000082 0.000011 0.000523 0.000169 0.000914 0.000098 0.000082 0.000637 0.428397 0.001333 0.001458 0.000000 0.000691

********************************************************************************
Stopped because 3 consecutive motifs exceeded the p-value threshold (0.05).
********************************************************************************
COMMAND:	streme --protein --p ./Data/v1_cluster_windows_15mers/cluster_2650.fasta --minw 3 --maxw 15 --thresh 0.05 --oc ./Results/v1_Top500_Run_20250504_162200/streme_out_cluster_2650
********************************************************************************
CPU:		Hirokis-MacBook-Air.local
********************************************************************************
FINALTIME:	0.33 seconds
********************************************************************************
