********************************************************************************
STREME - Sensitive, Thorough, Rapid, Enriched Motif Elicitation
********************************************************************************
MEME version 5.5.7 (Release date: Wed Jun 19 13:59:04 2024 -0700)

For further information on how to interpret these results please access https://meme-suite.org/meme.
To get a copy of the MEME Suite software please access https://meme-suite.org.

********************************************************************************


********************************************************************************
REFERENCE
********************************************************************************
If you use this program in your research, please cite:

Timothy L. Bailey,
"STREME: accurate and versatile sequence motif discovery",
Bioinformatics, Mar. 24, 2021.
********************************************************************************


ALPHABET= ACDEFGHIKLMNPQRSTVWY

strands: +

Background letter frequencies
A 0.0159 C 4.16e-05 D 0.00171 E 0.00254 F 4.16e-05 G 0.309 H 4.16e-05 I 0.00171 K 4.16e-05 L 0.0134 M 4.16e-05 N 0.00171 P 0.37 Q 0.118 R 0.01 S 0.0691 T 0.0791 V 0.00504 W 4.16e-05 Y 0.00254 

MOTIF 1-PQGPTGPG STREME-1
letter-probability matrix: alength= 20 w= 8 nsites= 79 E= 4.2e-003
 0.000024 0.000000 0.000003 0.000004 0.000000 0.032447 0.000000 0.010625 0.000000 0.000020 0.000000 0.000003 0.881431 0.000181 0.000015 0.010728 0.064507 0.000008 0.000000 0.000004
 0.000024 0.000000 0.000003 0.000004 0.000000 0.000474 0.000000 0.000003 0.000000 0.021264 0.000000 0.021354 0.021918 0.934702 0.000015 0.000106 0.000121 0.000008 0.000000 0.000004
 0.000024 0.000000 0.000003 0.000004 0.000000 0.945724 0.000000 0.000003 0.000000 0.000020 0.000000 0.000003 0.000567 0.000181 0.010637 0.000106 0.000121 0.042603 0.000000 0.000004
 0.000024 0.000000 0.000003 0.000004 0.000000 0.000474 0.000000 0.000003 0.000000 0.010642 0.000000 0.000003 0.988412 0.000181 0.000015 0.000106 0.000121 0.000008 0.000000 0.000004
 0.000024 0.000000 0.000003 0.000004 0.000000 0.000474 0.000000 0.000003 0.000000 0.000020 0.000000 0.000003 0.000567 0.000181 0.000015 0.000106 0.998589 0.000008 0.000000 0.000004
 0.000024 0.000000 0.000003 0.000004 0.000000 0.988319 0.000000 0.000003 0.000000 0.000020 0.000000 0.000003 0.000567 0.000181 0.010637 0.000106 0.000121 0.000008 0.000000 0.000004
 0.000024 0.000000 0.000003 0.000004 0.000000 0.000474 0.000000 0.000003 0.000000 0.010642 0.000000 0.000003 0.967168 0.000181 0.000015 0.021350 0.000121 0.000008 0.000000 0.000004
 0.021376 0.000000 0.000003 0.000004 0.000000 0.956346 0.000000 0.000003 0.000000 0.000020 0.000000 0.000003 0.000567 0.000181 0.000015 0.010728 0.000121 0.010630 0.000000 0.000004

MOTIF 2-GPS STREME-2
letter-probability matrix: alength= 20 w= 3 nsites= 69 E= 2.1e-002
 0.000041 0.000000 0.000004 0.000007 0.000000 0.868971 0.000000 0.000004 0.000000 0.000035 0.000000 0.000004 0.000963 0.000308 0.129255 0.000180 0.000206 0.000013 0.000000 0.000007
 0.000041 0.000000 0.000004 0.000007 0.000000 0.000805 0.000000 0.000004 0.000000 0.000035 0.000000 0.000004 0.998358 0.000308 0.000026 0.000180 0.000206 0.000013 0.000000 0.000007
 0.000041 0.000000 0.000004 0.000007 0.000000 0.000805 0.000000 0.000004 0.000000 0.018093 0.000000 0.000004 0.000963 0.000308 0.000026 0.979517 0.000206 0.000013 0.000000 0.000007

MOTIF 3-PQGP STREME-3
letter-probability matrix: alength= 20 w= 4 nsites= 61 E= 3.0e-002
 0.000036 0.000000 0.000004 0.000006 0.000000 0.000703 0.000000 0.000004 0.000000 0.000030 0.000000 0.000004 0.998566 0.000269 0.000023 0.000157 0.000180 0.000011 0.000000 0.000006
 0.000036 0.000000 0.000004 0.000006 0.000000 0.000703 0.000000 0.000004 0.000000 0.000030 0.000000 0.000004 0.000841 0.997994 0.000023 0.000157 0.000180 0.000011 0.000000 0.000006
 0.080498 0.000000 0.000004 0.000006 0.000000 0.916562 0.000000 0.000004 0.000000 0.000030 0.000000 0.000004 0.000841 0.000269 0.000023 0.000157 0.001585 0.000011 0.000000 0.000006
 0.000036 0.000000 0.000004 0.000006 0.000000 0.000703 0.000000 0.000004 0.000000 0.000030 0.000000 0.000004 0.998566 0.000269 0.000023 0.000157 0.000180 0.000011 0.000000 0.000006

MOTIF 4-PLGP STREME-4
letter-probability matrix: alength= 20 w= 4 nsites= 4 E= 6.0e+000
 0.001442 0.000004 0.000155 0.000231 0.000004 0.028090 0.000004 0.000155 0.000004 0.001215 0.000004 0.000155 0.942699 0.010754 0.000912 0.006286 0.007194 0.000458 0.000004 0.000231
 0.001442 0.000004 0.000155 0.000231 0.000004 0.028090 0.000004 0.000155 0.000004 0.910305 0.000004 0.000155 0.033608 0.010754 0.000912 0.006286 0.007194 0.000458 0.000004 0.000231
 0.001442 0.000004 0.000155 0.000231 0.000004 0.937181 0.000004 0.000155 0.000004 0.001215 0.000004 0.000155 0.033608 0.010754 0.000912 0.006286 0.007194 0.000458 0.000004 0.000231
 0.001442 0.000004 0.000155 0.000231 0.000004 0.028090 0.000004 0.000155 0.000004 0.001215 0.000004 0.000155 0.942699 0.010754 0.000912 0.006286 0.007194 0.000458 0.000004 0.000231

MOTIF 5-AGYG STREME-5
letter-probability matrix: alength= 20 w= 4 nsites= 3 E= 6.0e+000
 0.910533 0.000004 0.000155 0.000231 0.000004 0.028090 0.000004 0.000155 0.000004 0.001215 0.000004 0.000155 0.033608 0.010754 0.000912 0.006286 0.007194 0.000458 0.000004 0.000231
 0.001442 0.000004 0.000155 0.000231 0.000004 0.937181 0.000004 0.000155 0.000004 0.001215 0.000004 0.000155 0.033608 0.010754 0.000912 0.006286 0.007194 0.000458 0.000004 0.000231
 0.001442 0.000004 0.000155 0.000231 0.000004 0.028090 0.000004 0.000155 0.000004 0.001215 0.000004 0.000155 0.033608 0.010754 0.000912 0.006286 0.007194 0.000458 0.000004 0.909322
 0.001442 0.000004 0.000155 0.000231 0.000004 0.937181 0.000004 0.000155 0.000004 0.001215 0.000004 0.000155 0.033608 0.010754 0.000912 0.006286 0.007194 0.000458 0.000004 0.000231

MOTIF 6-SAAA STREME-6
letter-probability matrix: alength= 20 w= 4 nsites= 3 E= 6.0e+000
 0.001442 0.000004 0.000155 0.000231 0.000004 0.028090 0.000004 0.000155 0.000004 0.001215 0.000004 0.000155 0.033608 0.010754 0.000912 0.915377 0.007194 0.000458 0.000004 0.000231
 0.910533 0.000004 0.000155 0.000231 0.000004 0.028090 0.000004 0.000155 0.000004 0.001215 0.000004 0.000155 0.033608 0.010754 0.000912 0.006286 0.007194 0.000458 0.000004 0.000231
 0.910533 0.000004 0.000155 0.000231 0.000004 0.028090 0.000004 0.000155 0.000004 0.001215 0.000004 0.000155 0.033608 0.010754 0.000912 0.006286 0.007194 0.000458 0.000004 0.000231
 0.910533 0.000004 0.000155 0.000231 0.000004 0.028090 0.000004 0.000155 0.000004 0.001215 0.000004 0.000155 0.033608 0.010754 0.000912 0.006286 0.007194 0.000458 0.000004 0.000231

********************************************************************************
Stopped because 3 consecutive motifs exceeded the p-value threshold (0.05).
********************************************************************************
COMMAND:	streme --protein --p ./Data/v1_cluster_windows_15mers/cluster_3053.fasta --minw 3 --maxw 15 --thresh 0.05 --oc ./Results/v1_Top500_Run_20250504_162200/streme_out_cluster_3053
********************************************************************************
CPU:		Hirokis-MacBook-Air.local
********************************************************************************
FINALTIME:	0.19 seconds
********************************************************************************
