********************************************************************************
STREME - Sensitive, Thorough, Rapid, Enriched Motif Elicitation
********************************************************************************
MEME version 5.5.7 (Release date: Wed Jun 19 13:59:04 2024 -0700)

For further information on how to interpret these results please access https://meme-suite.org/meme.
To get a copy of the MEME Suite software please access https://meme-suite.org.

********************************************************************************


********************************************************************************
REFERENCE
********************************************************************************
If you use this program in your research, please cite:

Timothy L. Bailey,
"STREME: accurate and versatile sequence motif discovery",
Bioinformatics, Mar. 24, 2021.
********************************************************************************


ALPHABET= ACDEFGHIKLMNPQRSTVWY

strands: +

Background letter frequencies
A 0.00895 C 7.4e-05 D 0.00747 E 0.00451 F 7.4e-05 G 0.115 H 7.4e-05 I 0.0622 K 0.00303 L 0.114 M 7.4e-05 N 0.077 P 0.0637 Q 0.0637 R 0.00599 S 0.321 T 0.00451 V 0.0785 W 0.00155 Y 0.0681 

MOTIF 1-SYSSP STREME-1
letter-probability matrix: alength= 20 w= 5 nsites= 45 S= 9.6e-027
 0.000022 0.000000 0.000018 0.000011 0.000000 0.000281 0.000000 0.000151 0.033683 0.000277 0.000000 0.000187 0.000155 0.000155 0.033965 0.897050 0.016849 0.017028 0.000004 0.000165
 0.000022 0.000000 0.000018 0.000011 0.000000 0.000281 0.000000 0.000151 0.000007 0.000277 0.000000 0.000187 0.000155 0.000155 0.000015 0.000780 0.000011 0.000191 0.000004 0.997736
 0.000022 0.000000 0.000018 0.000011 0.000000 0.000281 0.000000 0.000151 0.000007 0.000277 0.000000 0.000187 0.000155 0.000155 0.000015 0.998351 0.000011 0.000191 0.000004 0.000165
 0.000022 0.000000 0.000018 0.000011 0.000000 0.017118 0.000000 0.000151 0.000007 0.000277 0.000000 0.171682 0.000155 0.000155 0.000015 0.793180 0.016849 0.000191 0.000004 0.000165
 0.000022 0.000000 0.000018 0.000011 0.000000 0.000281 0.000000 0.000151 0.000007 0.000277 0.000000 0.000187 0.964050 0.016992 0.000015 0.017618 0.000011 0.000191 0.000004 0.000165

MOTIF 2-LVSQI STREME-2
letter-probability matrix: alength= 20 w= 5 nsites= 43 S= 1.0e-023
 0.000021 0.000000 0.000018 0.000011 0.000000 0.000271 0.000000 0.000146 0.000007 0.931115 0.000000 0.000181 0.000150 0.000150 0.000014 0.000755 0.000011 0.066987 0.000004 0.000160
 0.000021 0.000000 0.000018 0.000011 0.000000 0.016564 0.000000 0.000146 0.000007 0.000268 0.000000 0.000181 0.000150 0.000150 0.000014 0.000755 0.000011 0.981541 0.000004 0.000160
 0.000021 0.000000 0.000018 0.000011 0.000000 0.000271 0.000000 0.000146 0.000007 0.000268 0.000000 0.000181 0.000150 0.000150 0.000014 0.998404 0.000011 0.000184 0.000004 0.000160
 0.000021 0.000000 0.032869 0.000011 0.000000 0.000271 0.000000 0.000146 0.000007 0.000268 0.000000 0.000181 0.000150 0.964948 0.000014 0.000755 0.000011 0.000184 0.000004 0.000160
 0.000021 0.000000 0.000018 0.000011 0.000000 0.000271 0.000000 0.930994 0.000007 0.000268 0.000000 0.000181 0.000150 0.000150 0.000014 0.000755 0.000011 0.066987 0.000004 0.000160

MOTIF 3-GLSG STREME-3
letter-probability matrix: alength= 20 w= 4 nsites= 35 S= 8.3e-015
 0.000814 0.000007 0.000679 0.000410 0.000007 0.919590 0.000007 0.005654 0.000276 0.010363 0.000007 0.006999 0.005789 0.005789 0.000545 0.029189 0.000410 0.007134 0.000141 0.006192
 0.000814 0.000007 0.000679 0.000410 0.000007 0.010499 0.000007 0.005654 0.000276 0.919454 0.000007 0.006999 0.005789 0.005789 0.000545 0.029189 0.000410 0.007134 0.000141 0.006192
 0.000814 0.000007 0.000679 0.000410 0.000007 0.010499 0.000007 0.005654 0.000276 0.010363 0.000007 0.006999 0.005789 0.005789 0.000545 0.938280 0.000410 0.007134 0.000141 0.006192
 0.000814 0.000007 0.000679 0.000410 0.000007 0.919590 0.000007 0.005654 0.000276 0.010363 0.000007 0.006999 0.005789 0.005789 0.000545 0.029189 0.000410 0.007134 0.000141 0.006192

MOTIF 4-SASE STREME-4
letter-probability matrix: alength= 20 w= 4 nsites= 4 S= 5.8e-002
 0.000308 0.000003 0.000257 0.000155 0.000003 0.003973 0.000003 0.002140 0.000104 0.003921 0.000003 0.241099 0.002190 0.002190 0.000206 0.738193 0.000155 0.002700 0.000053 0.002343
 0.965907 0.000003 0.000257 0.000155 0.000003 0.003973 0.000003 0.002140 0.000104 0.003921 0.000003 0.002649 0.002190 0.002190 0.000206 0.011045 0.000155 0.002700 0.000053 0.002343
 0.000308 0.000003 0.000257 0.000155 0.000003 0.003973 0.000003 0.002140 0.000104 0.003921 0.000003 0.002649 0.002190 0.002190 0.000206 0.976644 0.000155 0.002700 0.000053 0.002343
 0.000308 0.000003 0.238708 0.727303 0.000003 0.003973 0.000003 0.002140 0.000104 0.003921 0.000003 0.002649 0.002190 0.002190 0.000206 0.011045 0.000155 0.002700 0.000053 0.002343

MOTIF 5-NISG STREME-5
letter-probability matrix: alength= 20 w= 4 nsites= 2 S= 2.5e-001
 0.000814 0.000007 0.000679 0.000410 0.000007 0.010499 0.000007 0.005654 0.000276 0.010363 0.000007 0.916090 0.005789 0.005789 0.000545 0.029189 0.000410 0.007134 0.000141 0.006192
 0.000814 0.000007 0.000679 0.000410 0.000007 0.010499 0.000007 0.914745 0.000276 0.010363 0.000007 0.006999 0.005789 0.005789 0.000545 0.029189 0.000410 0.007134 0.000141 0.006192
 0.000814 0.000007 0.000679 0.000410 0.000007 0.010499 0.000007 0.005654 0.000276 0.010363 0.000007 0.006999 0.005789 0.005789 0.000545 0.938280 0.000410 0.007134 0.000141 0.006192
 0.000814 0.000007 0.000679 0.000410 0.000007 0.919590 0.000007 0.005654 0.000276 0.010363 0.000007 0.006999 0.005789 0.005789 0.000545 0.029189 0.000410 0.007134 0.000141 0.006192

********************************************************************************
Stopped because maximum number of motifs (5) reached.
********************************************************************************
COMMAND:	streme --protein --p ./Data/v1_cluster_windows_15mers/cluster_1362.fasta --minw 3 --maxw 15 --thresh 0.05 --oc ./Results/v1_Top500_Run_20250504_162200/streme_out_cluster_1362
********************************************************************************
CPU:		Hirokis-MacBook-Air.local
********************************************************************************
FINALTIME:	0.18 seconds
********************************************************************************
