********************************************************************************
STREME - Sensitive, Thorough, Rapid, Enriched Motif Elicitation
********************************************************************************
MEME version 5.5.7 (Release date: Wed Jun 19 13:59:04 2024 -0700)

For further information on how to interpret these results please access https://meme-suite.org/meme.
To get a copy of the MEME Suite software please access https://meme-suite.org.

********************************************************************************


********************************************************************************
REFERENCE
********************************************************************************
If you use this program in your research, please cite:

Timothy L. Bailey,
"STREME: accurate and versatile sequence motif discovery",
Bioinformatics, Mar. 24, 2021.
********************************************************************************


ALPHABET= ACDEFGHIKLMNPQRSTVWY

strands: +

Background letter frequencies
A 0.017 C 6.05e-05 D 0.00732 E 0.0364 F 6.05e-05 G 0.0751 H 6.05e-05 I 0.0775 K 6.05e-05 L 0.0751 M 0.0618 N 0.0606 P 6.05e-05 Q 0.0654 R 0.00248 S 0.196 T 0.207 V 0.117 W 6.05e-05 Y 6.05e-05 

MOTIF 1-QNMLSSGVI STREME-1
letter-probability matrix: alength= 20 w= 9 nsites= 55 E= 1.6e-002
 0.021443 0.000000 0.021413 0.021503 0.000000 0.000232 0.000000 0.000239 0.000000 0.000232 0.000191 0.043282 0.000000 0.803973 0.043102 0.021996 0.022030 0.000363 0.000000 0.000000
 0.000052 0.000000 0.000023 0.000112 0.000000 0.000232 0.000000 0.000239 0.000000 0.000232 0.000191 0.543342 0.000000 0.000202 0.000008 0.021996 0.411616 0.021753 0.000000 0.000000
 0.000052 0.000000 0.000023 0.000112 0.000000 0.000232 0.000000 0.000239 0.000000 0.064404 0.932932 0.000187 0.000000 0.000202 0.000008 0.000605 0.000639 0.000363 0.000000 0.000000
 0.021443 0.000000 0.000023 0.000112 0.000000 0.000232 0.000000 0.064725 0.000000 0.911270 0.000191 0.000187 0.000000 0.000202 0.000008 0.000605 0.000639 0.000363 0.000000 0.000000
 0.178115 0.000000 0.000023 0.000112 0.000000 0.000232 0.000000 0.000239 0.000000 0.000232 0.000191 0.305498 0.000000 0.000202 0.000008 0.514146 0.000639 0.000363 0.000000 0.000000
 0.000052 0.000000 0.000023 0.000112 0.000000 0.000232 0.000000 0.000239 0.000000 0.000232 0.000191 0.000187 0.000000 0.000202 0.000008 0.997519 0.000639 0.000363 0.000000 0.000000
 0.000052 0.000000 0.000023 0.000112 0.000000 0.997146 0.000000 0.000239 0.000000 0.000232 0.000191 0.000187 0.000000 0.000202 0.000008 0.000605 0.000639 0.000363 0.000000 0.000000
 0.000052 0.000000 0.000023 0.000112 0.000000 0.000232 0.000000 0.000239 0.000000 0.000232 0.000191 0.000187 0.000000 0.000202 0.000008 0.000605 0.000639 0.997277 0.000000 0.000000
 0.000052 0.000000 0.000023 0.000112 0.000000 0.000232 0.000000 0.825087 0.000000 0.086421 0.086067 0.000187 0.000000 0.000202 0.000008 0.000605 0.000639 0.000363 0.000000 0.000000

MOTIF 2-SETVT STREME-2
letter-probability matrix: alength= 20 w= 5 nsites= 54 E= 1.6e-002
 0.000063 0.000000 0.000027 0.000134 0.000000 0.000277 0.000000 0.000286 0.000000 0.000277 0.000228 0.000223 0.000000 0.000241 0.000009 0.971472 0.026327 0.000433 0.000000 0.000000
 0.000063 0.000000 0.000027 0.461814 0.000000 0.000277 0.000000 0.000286 0.000000 0.000277 0.000228 0.000223 0.000000 0.260871 0.000009 0.000724 0.274767 0.000433 0.000000 0.000000
 0.000063 0.000000 0.000027 0.000134 0.000000 0.000277 0.000000 0.000286 0.000000 0.000277 0.000228 0.000223 0.000000 0.000241 0.000009 0.000724 0.997076 0.000433 0.000000 0.000000
 0.000063 0.000000 0.000027 0.000134 0.000000 0.000277 0.000000 0.131965 0.000000 0.000277 0.025791 0.000223 0.000000 0.000241 0.000009 0.000724 0.000764 0.839503 0.000000 0.000000
 0.000063 0.000000 0.000027 0.000134 0.000000 0.000277 0.000000 0.000286 0.000000 0.000277 0.000228 0.000223 0.000000 0.000241 0.000009 0.000724 0.997076 0.000433 0.000000 0.000000

MOTIF 3-ESTA STREME-3
letter-probability matrix: alength= 20 w= 4 nsites= 1 E= 4.0e+000
 0.002145 0.000008 0.000923 0.878507 0.000008 0.009471 0.000008 0.009776 0.000008 0.009471 0.007792 0.007639 0.000008 0.008250 0.000313 0.024736 0.026110 0.014814 0.000008 0.000008
 0.002145 0.000008 0.000923 0.004587 0.000008 0.009471 0.000008 0.009776 0.000008 0.009471 0.007792 0.007639 0.000008 0.008250 0.000313 0.898656 0.026110 0.014814 0.000008 0.000008
 0.002145 0.000008 0.000923 0.004587 0.000008 0.009471 0.000008 0.009776 0.000008 0.009471 0.007792 0.007639 0.000008 0.008250 0.000313 0.024736 0.900030 0.014814 0.000008 0.000008
 0.876065 0.000008 0.000923 0.004587 0.000008 0.009471 0.000008 0.009776 0.000008 0.009471 0.007792 0.007639 0.000008 0.008250 0.000313 0.024736 0.026110 0.014814 0.000008 0.000008

MOTIF 4-TSL STREME-4
letter-probability matrix: alength= 20 w= 3 nsites= 1 E= 4.0e+000
 0.001546 0.000006 0.000666 0.003307 0.000006 0.006829 0.000006 0.007049 0.000006 0.006829 0.005618 0.005508 0.000006 0.005949 0.000226 0.017836 0.927918 0.010682 0.000006 0.000006
 0.001546 0.000006 0.000666 0.003307 0.000006 0.006829 0.000006 0.007049 0.000006 0.006829 0.005618 0.005508 0.000006 0.005949 0.000226 0.926927 0.018827 0.010682 0.000006 0.000006
 0.001546 0.000006 0.000666 0.003307 0.000006 0.006829 0.000006 0.007049 0.000006 0.915920 0.005618 0.005508 0.000006 0.005949 0.000226 0.017836 0.018827 0.010682 0.000006 0.000006

********************************************************************************
Stopped because the next motif had no positive sites with scores > 0.
********************************************************************************
COMMAND:	streme --protein --p ./Data/v1_cluster_windows_15mers/cluster_2227.fasta --minw 3 --maxw 15 --thresh 0.05 --oc ./Results/v1_Top500_Run_20250504_162200/streme_out_cluster_2227
********************************************************************************
CPU:		Hirokis-MacBook-Air.local
********************************************************************************
FINALTIME:	0.16 seconds
********************************************************************************
