********************************************************************************
STREME - Sensitive, Thorough, Rapid, Enriched Motif Elicitation
********************************************************************************
MEME version 5.5.7 (Release date: Wed Jun 19 13:59:04 2024 -0700)

For further information on how to interpret these results please access https://meme-suite.org/meme.
To get a copy of the MEME Suite software please access https://meme-suite.org.

********************************************************************************


********************************************************************************
REFERENCE
********************************************************************************
If you use this program in your research, please cite:

Timothy L. Bailey,
"STREME: accurate and versatile sequence motif discovery",
Bioinformatics, Mar. 24, 2021.
********************************************************************************


ALPHABET= ACDEFGHIKLMNPQRSTVWY

strands: +

Background letter frequencies
A 0.0158 C 4.38e-05 D 0.0605 E 0.029 F 0.0307 G 0.415 H 4.38e-05 I 0.00267 K 4.38e-05 L 0.0544 M 4.38e-05 N 0.0509 P 0.257 Q 0.036 R 0.00092 S 0.00267 T 0.0202 V 0.0246 W 4.38e-05 Y 4.38e-05 

MOTIF 1-GPNGPG STREME-1
letter-probability matrix: alength= 20 w= 6 nsites= 69 E= 1.5e-003
 0.000035 0.000000 0.000135 0.062100 0.000068 0.936661 0.000000 0.000006 0.000000 0.000121 0.000000 0.000113 0.000572 0.000080 0.000002 0.000006 0.000045 0.000055 0.000000 0.000000
 0.000035 0.000000 0.000135 0.000064 0.000068 0.000923 0.000000 0.000006 0.000000 0.000121 0.000000 0.000113 0.982918 0.000080 0.000002 0.000006 0.015472 0.000055 0.000000 0.000000
 0.078596 0.000000 0.000135 0.000064 0.066435 0.000923 0.000000 0.000006 0.000000 0.097366 0.000000 0.360595 0.000572 0.000080 0.000002 0.000006 0.189386 0.205834 0.000000 0.000000
 0.046810 0.000000 0.000135 0.000064 0.000068 0.951922 0.000000 0.000006 0.000000 0.000121 0.000000 0.000113 0.000572 0.000080 0.000002 0.000006 0.000045 0.000055 0.000000 0.000000
 0.000035 0.000000 0.000135 0.000064 0.000068 0.000923 0.000000 0.000006 0.000000 0.000121 0.000000 0.000113 0.998346 0.000080 0.000002 0.000006 0.000045 0.000055 0.000000 0.000000
 0.000035 0.000000 0.000135 0.000064 0.239814 0.758952 0.000000 0.000006 0.000000 0.000121 0.000000 0.000113 0.000572 0.000080 0.000002 0.000006 0.000045 0.000055 0.000000 0.000000

MOTIF 2-GPD STREME-2
letter-probability matrix: alength= 20 w= 3 nsites= 38 E= 1.7e-001
 0.001438 0.000004 0.005502 0.002634 0.002793 0.946783 0.000004 0.000243 0.000004 0.004944 0.000004 0.004626 0.023346 0.003271 0.000084 0.000243 0.001836 0.002235 0.000004 0.000004
 0.001438 0.000004 0.005502 0.002634 0.002793 0.037692 0.000004 0.000243 0.000004 0.004944 0.000004 0.004626 0.932437 0.003271 0.000084 0.000243 0.001836 0.002235 0.000004 0.000004
 0.001438 0.000004 0.914593 0.002634 0.002793 0.037692 0.000004 0.000243 0.000004 0.004944 0.000004 0.004626 0.023346 0.003271 0.000084 0.000243 0.001836 0.002235 0.000004 0.000004

MOTIF 3-EQQ STREME-3
letter-probability matrix: alength= 20 w= 3 nsites= 13 E= 2.5e+000
 0.001438 0.000004 0.005502 0.911725 0.002793 0.037692 0.000004 0.000243 0.000004 0.004944 0.000004 0.004626 0.023346 0.003271 0.000084 0.000243 0.001836 0.002235 0.000004 0.000004
 0.001438 0.000004 0.005502 0.002634 0.002793 0.037692 0.000004 0.000243 0.000004 0.004944 0.000004 0.004626 0.023346 0.912362 0.000084 0.000243 0.001836 0.002235 0.000004 0.000004
 0.001438 0.000004 0.005502 0.002634 0.002793 0.037692 0.000004 0.000243 0.000004 0.004944 0.000004 0.004626 0.023346 0.912362 0.000084 0.000243 0.001836 0.002235 0.000004 0.000004

MOTIF 4-GLGGP STREME-4
letter-probability matrix: alength= 20 w= 5 nsites= 16 E= 5.0e+000
 0.000171 0.000000 0.152630 0.150673 0.000331 0.691347 0.000000 0.000029 0.000000 0.000587 0.000000 0.000549 0.002771 0.000388 0.000010 0.000029 0.000218 0.000265 0.000000 0.000000
 0.000171 0.000000 0.000653 0.000313 0.000331 0.004473 0.000000 0.000029 0.000000 0.989798 0.000000 0.000549 0.002771 0.000388 0.000010 0.000029 0.000218 0.000265 0.000000 0.000000
 0.000171 0.000000 0.000653 0.000313 0.000331 0.614551 0.000000 0.000029 0.000000 0.000587 0.000000 0.304502 0.002771 0.000388 0.000010 0.075209 0.000218 0.000265 0.000000 0.000000
 0.000171 0.000000 0.000653 0.000313 0.000331 0.993684 0.000000 0.000029 0.000000 0.000587 0.000000 0.000549 0.002771 0.000388 0.000010 0.000029 0.000218 0.000265 0.000000 0.000000
 0.000171 0.000000 0.000653 0.000313 0.000331 0.004473 0.000000 0.000029 0.000000 0.000587 0.000000 0.000549 0.991982 0.000388 0.000010 0.000029 0.000218 0.000265 0.000000 0.000000

MOTIF 5-GPQGGN STREME-5
letter-probability matrix: alength= 20 w= 6 nsites= 8 E= 5.0e+000
 0.001438 0.000004 0.005502 0.002634 0.002793 0.946783 0.000004 0.000243 0.000004 0.004944 0.000004 0.004626 0.023346 0.003271 0.000084 0.000243 0.001836 0.002235 0.000004 0.000004
 0.001438 0.000004 0.005502 0.002634 0.002793 0.037692 0.000004 0.000243 0.000004 0.004944 0.000004 0.004626 0.932437 0.003271 0.000084 0.000243 0.001836 0.002235 0.000004 0.000004
 0.001438 0.000004 0.005502 0.002634 0.002793 0.037692 0.000004 0.000243 0.000004 0.004944 0.000004 0.004626 0.023346 0.912362 0.000084 0.000243 0.001836 0.002235 0.000004 0.000004
 0.001438 0.000004 0.005502 0.002634 0.002793 0.946783 0.000004 0.000243 0.000004 0.004944 0.000004 0.004626 0.023346 0.003271 0.000084 0.000243 0.001836 0.002235 0.000004 0.000004
 0.001438 0.000004 0.005502 0.002634 0.002793 0.946783 0.000004 0.000243 0.000004 0.004944 0.000004 0.004626 0.023346 0.003271 0.000084 0.000243 0.001836 0.002235 0.000004 0.000004
 0.001438 0.000004 0.005502 0.002634 0.002793 0.037692 0.000004 0.000243 0.000004 0.004944 0.000004 0.913716 0.023346 0.003271 0.000084 0.000243 0.001836 0.002235 0.000004 0.000004

********************************************************************************
Stopped because 3 consecutive motifs exceeded the p-value threshold (0.05).
********************************************************************************
COMMAND:	streme --protein --p ./Data/v1_cluster_windows_15mers/cluster_2147.fasta --minw 3 --maxw 15 --thresh 0.05 --oc ./Results/v1_Top500_Run_20250504_162200/streme_out_cluster_2147
********************************************************************************
CPU:		Hirokis-MacBook-Air.local
********************************************************************************
FINALTIME:	0.19 seconds
********************************************************************************
