********************************************************************************
STREME - Sensitive, Thorough, Rapid, Enriched Motif Elicitation
********************************************************************************
MEME version 5.5.7 (Release date: Wed Jun 19 13:59:04 2024 -0700)

For further information on how to interpret these results please access https://meme-suite.org/meme.
To get a copy of the MEME Suite software please access https://meme-suite.org.

********************************************************************************


********************************************************************************
REFERENCE
********************************************************************************
If you use this program in your research, please cite:

Timothy L. Bailey,
"STREME: accurate and versatile sequence motif discovery",
Bioinformatics, Mar. 24, 2021.
********************************************************************************


ALPHABET= ACDEFGHIKLMNPQRSTVWY

strands: +

Background letter frequencies
A 0.579 C 7.56e-05 D 7.56e-05 E 0.00764 F 7.56e-05 G 0.129 H 0.00159 I 7.56e-05 K 7.56e-05 L 0.0031 M 7.56e-05 N 0.00159 P 0.0576 Q 0.0031 R 0.0213 S 0.159 T 0.0197 V 0.0167 W 7.56e-05 Y 7.56e-05 

MOTIF 1-SAAAAAAAG STREME-1
letter-probability matrix: alength= 20 w= 9 nsites= 40 S= 2.8e-019
 0.237580 0.000000 0.000000 0.000028 0.000000 0.000471 0.000006 0.000000 0.000000 0.000011 0.000000 0.000006 0.000211 0.000011 0.000078 0.761462 0.000072 0.000061 0.000000 0.000000
 0.998460 0.000000 0.000000 0.000028 0.000000 0.000471 0.000006 0.000000 0.000000 0.000011 0.000000 0.000006 0.000211 0.000011 0.000078 0.000582 0.000072 0.000061 0.000000 0.000000
 0.998460 0.000000 0.000000 0.000028 0.000000 0.000471 0.000006 0.000000 0.000000 0.000011 0.000000 0.000006 0.000211 0.000011 0.000078 0.000582 0.000072 0.000061 0.000000 0.000000
 0.998460 0.000000 0.000000 0.000028 0.000000 0.000471 0.000006 0.000000 0.000000 0.000011 0.000000 0.000006 0.000211 0.000011 0.000078 0.000582 0.000072 0.000061 0.000000 0.000000
 0.998460 0.000000 0.000000 0.000028 0.000000 0.000471 0.000006 0.000000 0.000000 0.000011 0.000000 0.000006 0.000211 0.000011 0.000078 0.000582 0.000072 0.000061 0.000000 0.000000
 0.998460 0.000000 0.000000 0.000028 0.000000 0.000471 0.000006 0.000000 0.000000 0.000011 0.000000 0.000006 0.000211 0.000011 0.000078 0.000582 0.000072 0.000061 0.000000 0.000000
 0.685560 0.000000 0.000000 0.000028 0.000000 0.000471 0.000006 0.000000 0.000000 0.000011 0.000000 0.000006 0.000211 0.000011 0.000078 0.131897 0.000072 0.181646 0.000000 0.000000
 0.651305 0.000000 0.000000 0.000028 0.000000 0.000471 0.000006 0.000000 0.000000 0.000011 0.000000 0.000006 0.000211 0.000011 0.000078 0.000582 0.347227 0.000061 0.000000 0.000000
 0.028385 0.000000 0.000000 0.000028 0.000000 0.893104 0.000006 0.000000 0.000000 0.000011 0.000000 0.000006 0.000211 0.000011 0.077519 0.000582 0.000072 0.000061 0.000000 0.000000

MOTIF 2-GPG STREME-2
letter-probability matrix: alength= 20 w= 3 nsites= 11 S= 2.4e-004
 0.041687 0.000001 0.000001 0.000093 0.000001 0.870217 0.000019 0.000001 0.000001 0.000038 0.000001 0.000019 0.000702 0.000038 0.084797 0.001938 0.000241 0.000204 0.000001 0.000001
 0.007068 0.000001 0.000001 0.000093 0.000001 0.001570 0.000019 0.000001 0.000001 0.000038 0.000001 0.000019 0.988506 0.000038 0.000259 0.001938 0.000241 0.000204 0.000001 0.000001
 0.007068 0.000001 0.000001 0.000093 0.000001 0.558025 0.000019 0.000001 0.000001 0.000038 0.000001 0.000019 0.000702 0.000038 0.347070 0.001938 0.000241 0.084741 0.000001 0.000001

MOTIF 3-PGSAA STREME-3
letter-probability matrix: alength= 20 w= 5 nsites= 5 S= 2.8e-002
 0.052682 0.000007 0.000007 0.000695 0.000007 0.011700 0.000144 0.000007 0.000007 0.000282 0.000007 0.000144 0.914324 0.000282 0.001933 0.014445 0.001795 0.001520 0.000007 0.000007
 0.052682 0.000007 0.000007 0.000695 0.000007 0.920791 0.000144 0.000007 0.000007 0.000282 0.000007 0.000144 0.005233 0.000282 0.001933 0.014445 0.001795 0.001520 0.000007 0.000007
 0.052682 0.000007 0.000007 0.000695 0.000007 0.011700 0.000144 0.000007 0.000007 0.000282 0.000007 0.000144 0.005233 0.000282 0.001933 0.923536 0.001795 0.001520 0.000007 0.000007
 0.961772 0.000007 0.000007 0.000695 0.000007 0.011700 0.000144 0.000007 0.000007 0.000282 0.000007 0.000144 0.005233 0.000282 0.001933 0.014445 0.001795 0.001520 0.000007 0.000007
 0.961772 0.000007 0.000007 0.000695 0.000007 0.011700 0.000144 0.000007 0.000007 0.000282 0.000007 0.000144 0.005233 0.000282 0.001933 0.014445 0.001795 0.001520 0.000007 0.000007

MOTIF 4-AAGAGAA STREME-4
letter-probability matrix: alength= 20 w= 7 nsites= 4 S= 5.8e-002
 0.961772 0.000007 0.000007 0.000695 0.000007 0.011700 0.000144 0.000007 0.000007 0.000282 0.000007 0.000144 0.005233 0.000282 0.001933 0.014445 0.001795 0.001520 0.000007 0.000007
 0.961772 0.000007 0.000007 0.000695 0.000007 0.011700 0.000144 0.000007 0.000007 0.000282 0.000007 0.000144 0.005233 0.000282 0.001933 0.014445 0.001795 0.001520 0.000007 0.000007
 0.052682 0.000007 0.000007 0.000695 0.000007 0.920791 0.000144 0.000007 0.000007 0.000282 0.000007 0.000144 0.005233 0.000282 0.001933 0.014445 0.001795 0.001520 0.000007 0.000007
 0.961772 0.000007 0.000007 0.000695 0.000007 0.011700 0.000144 0.000007 0.000007 0.000282 0.000007 0.000144 0.005233 0.000282 0.001933 0.014445 0.001795 0.001520 0.000007 0.000007
 0.052682 0.000007 0.000007 0.000695 0.000007 0.920791 0.000144 0.000007 0.000007 0.000282 0.000007 0.000144 0.005233 0.000282 0.001933 0.014445 0.001795 0.001520 0.000007 0.000007
 0.961772 0.000007 0.000007 0.000695 0.000007 0.011700 0.000144 0.000007 0.000007 0.000282 0.000007 0.000144 0.005233 0.000282 0.001933 0.014445 0.001795 0.001520 0.000007 0.000007
 0.961772 0.000007 0.000007 0.000695 0.000007 0.011700 0.000144 0.000007 0.000007 0.000282 0.000007 0.000144 0.005233 0.000282 0.001933 0.014445 0.001795 0.001520 0.000007 0.000007

MOTIF 5-PSR STREME-5
letter-probability matrix: alength= 20 w= 3 nsites= 4 S= 5.8e-002
 0.052682 0.000007 0.000007 0.000695 0.000007 0.011700 0.000144 0.000007 0.000007 0.000282 0.000007 0.000144 0.914324 0.000282 0.001933 0.014445 0.001795 0.001520 0.000007 0.000007
 0.052682 0.000007 0.000007 0.000695 0.000007 0.011700 0.000144 0.000007 0.000007 0.000282 0.000007 0.000144 0.005233 0.000282 0.001933 0.923536 0.001795 0.001520 0.000007 0.000007
 0.052682 0.000007 0.000007 0.000695 0.000007 0.011700 0.000144 0.000007 0.000007 0.000282 0.000007 0.000144 0.005233 0.000282 0.911024 0.014445 0.001795 0.001520 0.000007 0.000007

********************************************************************************
Stopped because maximum number of motifs (5) reached.
********************************************************************************
COMMAND:	streme --protein --p ./Data/v1_cluster_windows_15mers/cluster_16999.fasta --minw 3 --maxw 15 --thresh 0.05 --oc ./Results/v1_Top500_Run_20250504_162200/streme_out_cluster_16999
********************************************************************************
CPU:		Hirokis-MacBook-Air.local
********************************************************************************
FINALTIME:	0.17 seconds
********************************************************************************
