********************************************************************************
STREME - Sensitive, Thorough, Rapid, Enriched Motif Elicitation
********************************************************************************
MEME version 5.5.7 (Release date: Wed Jun 19 13:59:04 2024 -0700)

For further information on how to interpret these results please access https://meme-suite.org/meme.
To get a copy of the MEME Suite software please access https://meme-suite.org.

********************************************************************************


********************************************************************************
REFERENCE
********************************************************************************
If you use this program in your research, please cite:

Timothy L. Bailey,
"STREME: accurate and versatile sequence motif discovery",
Bioinformatics, Mar. 24, 2021.
********************************************************************************


ALPHABET= ACDEFGHIKLMNPQRSTVWY

strands: +

Background letter frequencies
A 0.514 C 8.53e-05 D 8.53e-05 E 8.53e-05 F 8.53e-05 G 0.2 H 8.53e-05 I 8.53e-05 K 8.53e-05 L 8.53e-05 M 8.53e-05 N 0.0206 P 0.0598 Q 0.0666 R 8.53e-05 S 0.133 T 0.00521 V 8.53e-05 W 8.53e-05 Y 8.53e-05 

MOTIF 1-SQGPGGASAAAAAAS STREME-1
letter-probability matrix: alength= 20 w= 15 nsites= 39 S= 3.7e-023
 0.046704 0.000008 0.000008 0.000008 0.000008 0.018156 0.000008 0.000008 0.000008 0.000008 0.000008 0.001869 0.005438 0.006059 0.000008 0.921201 0.000473 0.000008 0.000008 0.000008
 0.046704 0.000008 0.000008 0.000008 0.000008 0.018156 0.000008 0.000008 0.000008 0.000008 0.000008 0.001869 0.005438 0.915150 0.000008 0.012110 0.000473 0.000008 0.000008 0.000008
 0.046704 0.000008 0.000008 0.000008 0.000008 0.927247 0.000008 0.000008 0.000008 0.000008 0.000008 0.001869 0.005438 0.006059 0.000008 0.012110 0.000473 0.000008 0.000008 0.000008
 0.046704 0.000008 0.000008 0.000008 0.000008 0.018156 0.000008 0.000008 0.000008 0.000008 0.000008 0.001869 0.914529 0.006059 0.000008 0.012110 0.000473 0.000008 0.000008 0.000008
 0.046704 0.000008 0.000008 0.000008 0.000008 0.927247 0.000008 0.000008 0.000008 0.000008 0.000008 0.001869 0.005438 0.006059 0.000008 0.012110 0.000473 0.000008 0.000008 0.000008
 0.046704 0.000008 0.000008 0.000008 0.000008 0.927247 0.000008 0.000008 0.000008 0.000008 0.000008 0.001869 0.005438 0.006059 0.000008 0.012110 0.000473 0.000008 0.000008 0.000008
 0.955794 0.000008 0.000008 0.000008 0.000008 0.018156 0.000008 0.000008 0.000008 0.000008 0.000008 0.001869 0.005438 0.006059 0.000008 0.012110 0.000473 0.000008 0.000008 0.000008
 0.046704 0.000008 0.000008 0.000008 0.000008 0.018156 0.000008 0.000008 0.000008 0.000008 0.000008 0.001869 0.005438 0.006059 0.000008 0.921201 0.000473 0.000008 0.000008 0.000008
 0.955794 0.000008 0.000008 0.000008 0.000008 0.018156 0.000008 0.000008 0.000008 0.000008 0.000008 0.001869 0.005438 0.006059 0.000008 0.012110 0.000473 0.000008 0.000008 0.000008
 0.955794 0.000008 0.000008 0.000008 0.000008 0.018156 0.000008 0.000008 0.000008 0.000008 0.000008 0.001869 0.005438 0.006059 0.000008 0.012110 0.000473 0.000008 0.000008 0.000008
 0.955794 0.000008 0.000008 0.000008 0.000008 0.018156 0.000008 0.000008 0.000008 0.000008 0.000008 0.001869 0.005438 0.006059 0.000008 0.012110 0.000473 0.000008 0.000008 0.000008
 0.955794 0.000008 0.000008 0.000008 0.000008 0.018156 0.000008 0.000008 0.000008 0.000008 0.000008 0.001869 0.005438 0.006059 0.000008 0.012110 0.000473 0.000008 0.000008 0.000008
 0.955794 0.000008 0.000008 0.000008 0.000008 0.018156 0.000008 0.000008 0.000008 0.000008 0.000008 0.001869 0.005438 0.006059 0.000008 0.012110 0.000473 0.000008 0.000008 0.000008
 0.955794 0.000008 0.000008 0.000008 0.000008 0.018156 0.000008 0.000008 0.000008 0.000008 0.000008 0.001869 0.005438 0.006059 0.000008 0.012110 0.000473 0.000008 0.000008 0.000008
 0.046704 0.000008 0.000008 0.000008 0.000008 0.018156 0.000008 0.000008 0.000008 0.000008 0.000008 0.001869 0.005438 0.006059 0.000008 0.921201 0.000473 0.000008 0.000008 0.000008

********************************************************************************
Stopped because the next motif had no positive sites with scores > 0.
********************************************************************************
COMMAND:	streme --protein --p ./Data/v1_cluster_windows_15mers/cluster_19299.fasta --minw 3 --maxw 15 --thresh 0.05 --oc ./Results/v1_Top500_Run_20250504_162200/streme_out_cluster_19299
********************************************************************************
CPU:		Hirokis-MacBook-Air.local
********************************************************************************
FINALTIME:	0.14 seconds
********************************************************************************
