********************************************************************************
STREME - Sensitive, Thorough, Rapid, Enriched Motif Elicitation
********************************************************************************
MEME version 5.5.7 (Release date: Wed Jun 19 13:59:04 2024 -0700)

For further information on how to interpret these results please access https://meme-suite.org/meme.
To get a copy of the MEME Suite software please access https://meme-suite.org.

********************************************************************************


********************************************************************************
REFERENCE
********************************************************************************
If you use this program in your research, please cite:

Timothy L. Bailey,
"STREME: accurate and versatile sequence motif discovery",
Bioinformatics, Mar. 24, 2021.
********************************************************************************


ALPHABET= ACDEFGHIKLMNPQRSTVWY

strands: +

Background letter frequencies
A 0.737 C 7.4e-05 D 7.4e-05 E 7.4e-05 F 7.4e-05 G 0.0474 H 7.4e-05 I 7.4e-05 K 7.4e-05 L 7.4e-05 M 7.4e-05 N 7.4e-05 P 7.4e-05 Q 7.4e-05 R 7.4e-05 S 0.206 T 0.00895 V 7.4e-05 W 7.4e-05 Y 7.4e-05 

MOTIF 1-AAAAAAAAA STREME-1
letter-probability matrix: alength= 20 w= 9 nsites= 41 S= 1.3e-014
 0.976070 0.000007 0.000007 0.000007 0.000007 0.004310 0.000007 0.000007 0.000007 0.000007 0.000007 0.000007 0.000007 0.000007 0.000007 0.018699 0.000814 0.000007 0.000007 0.000007
 0.976070 0.000007 0.000007 0.000007 0.000007 0.004310 0.000007 0.000007 0.000007 0.000007 0.000007 0.000007 0.000007 0.000007 0.000007 0.018699 0.000814 0.000007 0.000007 0.000007
 0.976070 0.000007 0.000007 0.000007 0.000007 0.004310 0.000007 0.000007 0.000007 0.000007 0.000007 0.000007 0.000007 0.000007 0.000007 0.018699 0.000814 0.000007 0.000007 0.000007
 0.976070 0.000007 0.000007 0.000007 0.000007 0.004310 0.000007 0.000007 0.000007 0.000007 0.000007 0.000007 0.000007 0.000007 0.000007 0.018699 0.000814 0.000007 0.000007 0.000007
 0.976070 0.000007 0.000007 0.000007 0.000007 0.004310 0.000007 0.000007 0.000007 0.000007 0.000007 0.000007 0.000007 0.000007 0.000007 0.018699 0.000814 0.000007 0.000007 0.000007
 0.976070 0.000007 0.000007 0.000007 0.000007 0.004310 0.000007 0.000007 0.000007 0.000007 0.000007 0.000007 0.000007 0.000007 0.000007 0.018699 0.000814 0.000007 0.000007 0.000007
 0.976070 0.000007 0.000007 0.000007 0.000007 0.004310 0.000007 0.000007 0.000007 0.000007 0.000007 0.000007 0.000007 0.000007 0.000007 0.018699 0.000814 0.000007 0.000007 0.000007
 0.976070 0.000007 0.000007 0.000007 0.000007 0.004310 0.000007 0.000007 0.000007 0.000007 0.000007 0.000007 0.000007 0.000007 0.000007 0.018699 0.000814 0.000007 0.000007 0.000007
 0.976070 0.000007 0.000007 0.000007 0.000007 0.004310 0.000007 0.000007 0.000007 0.000007 0.000007 0.000007 0.000007 0.000007 0.000007 0.018699 0.000814 0.000007 0.000007 0.000007

MOTIF 2-SGS STREME-2
letter-probability matrix: alength= 20 w= 3 nsites= 16 S= 3.2e-005
 0.066979 0.000007 0.000007 0.000007 0.000007 0.004310 0.000007 0.000007 0.000007 0.000007 0.000007 0.000007 0.000007 0.000007 0.000007 0.927790 0.000814 0.000007 0.000007 0.000007
 0.066979 0.000007 0.000007 0.000007 0.000007 0.913401 0.000007 0.000007 0.000007 0.000007 0.000007 0.000007 0.000007 0.000007 0.000007 0.018699 0.000814 0.000007 0.000007 0.000007
 0.066979 0.000007 0.000007 0.000007 0.000007 0.004310 0.000007 0.000007 0.000007 0.000007 0.000007 0.000007 0.000007 0.000007 0.000007 0.927790 0.000814 0.000007 0.000007 0.000007

MOTIF 3-SSSS STREME-3
letter-probability matrix: alength= 20 w= 4 nsites= 13 S= 4.4e-005
 0.066979 0.000007 0.000007 0.000007 0.000007 0.004310 0.000007 0.000007 0.000007 0.000007 0.000007 0.000007 0.000007 0.000007 0.000007 0.927790 0.000814 0.000007 0.000007 0.000007
 0.066979 0.000007 0.000007 0.000007 0.000007 0.004310 0.000007 0.000007 0.000007 0.000007 0.000007 0.000007 0.000007 0.000007 0.000007 0.927790 0.000814 0.000007 0.000007 0.000007
 0.066979 0.000007 0.000007 0.000007 0.000007 0.004310 0.000007 0.000007 0.000007 0.000007 0.000007 0.000007 0.000007 0.000007 0.000007 0.927790 0.000814 0.000007 0.000007 0.000007
 0.066979 0.000007 0.000007 0.000007 0.000007 0.004310 0.000007 0.000007 0.000007 0.000007 0.000007 0.000007 0.000007 0.000007 0.000007 0.927790 0.000814 0.000007 0.000007 0.000007

MOTIF 4-SSSAASAAAGAAGAA STREME-4
letter-probability matrix: alength= 20 w= 15 nsites= 2 S= 2.5e-001
 0.066979 0.000007 0.000007 0.000007 0.000007 0.004310 0.000007 0.000007 0.000007 0.000007 0.000007 0.000007 0.000007 0.000007 0.000007 0.927790 0.000814 0.000007 0.000007 0.000007
 0.066979 0.000007 0.000007 0.000007 0.000007 0.004310 0.000007 0.000007 0.000007 0.000007 0.000007 0.000007 0.000007 0.000007 0.000007 0.927790 0.000814 0.000007 0.000007 0.000007
 0.066979 0.000007 0.000007 0.000007 0.000007 0.004310 0.000007 0.000007 0.000007 0.000007 0.000007 0.000007 0.000007 0.000007 0.000007 0.927790 0.000814 0.000007 0.000007 0.000007
 0.976070 0.000007 0.000007 0.000007 0.000007 0.004310 0.000007 0.000007 0.000007 0.000007 0.000007 0.000007 0.000007 0.000007 0.000007 0.018699 0.000814 0.000007 0.000007 0.000007
 0.976070 0.000007 0.000007 0.000007 0.000007 0.004310 0.000007 0.000007 0.000007 0.000007 0.000007 0.000007 0.000007 0.000007 0.000007 0.018699 0.000814 0.000007 0.000007 0.000007
 0.066979 0.000007 0.000007 0.000007 0.000007 0.004310 0.000007 0.000007 0.000007 0.000007 0.000007 0.000007 0.000007 0.000007 0.000007 0.927790 0.000814 0.000007 0.000007 0.000007
 0.976070 0.000007 0.000007 0.000007 0.000007 0.004310 0.000007 0.000007 0.000007 0.000007 0.000007 0.000007 0.000007 0.000007 0.000007 0.018699 0.000814 0.000007 0.000007 0.000007
 0.976070 0.000007 0.000007 0.000007 0.000007 0.004310 0.000007 0.000007 0.000007 0.000007 0.000007 0.000007 0.000007 0.000007 0.000007 0.018699 0.000814 0.000007 0.000007 0.000007
 0.976070 0.000007 0.000007 0.000007 0.000007 0.004310 0.000007 0.000007 0.000007 0.000007 0.000007 0.000007 0.000007 0.000007 0.000007 0.018699 0.000814 0.000007 0.000007 0.000007
 0.066979 0.000007 0.000007 0.000007 0.000007 0.913401 0.000007 0.000007 0.000007 0.000007 0.000007 0.000007 0.000007 0.000007 0.000007 0.018699 0.000814 0.000007 0.000007 0.000007
 0.976070 0.000007 0.000007 0.000007 0.000007 0.004310 0.000007 0.000007 0.000007 0.000007 0.000007 0.000007 0.000007 0.000007 0.000007 0.018699 0.000814 0.000007 0.000007 0.000007
 0.976070 0.000007 0.000007 0.000007 0.000007 0.004310 0.000007 0.000007 0.000007 0.000007 0.000007 0.000007 0.000007 0.000007 0.000007 0.018699 0.000814 0.000007 0.000007 0.000007
 0.066979 0.000007 0.000007 0.000007 0.000007 0.913401 0.000007 0.000007 0.000007 0.000007 0.000007 0.000007 0.000007 0.000007 0.000007 0.018699 0.000814 0.000007 0.000007 0.000007
 0.976070 0.000007 0.000007 0.000007 0.000007 0.004310 0.000007 0.000007 0.000007 0.000007 0.000007 0.000007 0.000007 0.000007 0.000007 0.018699 0.000814 0.000007 0.000007 0.000007
 0.976070 0.000007 0.000007 0.000007 0.000007 0.004310 0.000007 0.000007 0.000007 0.000007 0.000007 0.000007 0.000007 0.000007 0.000007 0.018699 0.000814 0.000007 0.000007 0.000007

MOTIF 5-SSS STREME-5
letter-probability matrix: alength= 20 w= 3 nsites= 4 S= 6.4e-001
 0.066979 0.000007 0.000007 0.000007 0.000007 0.004310 0.000007 0.000007 0.000007 0.000007 0.000007 0.000007 0.000007 0.000007 0.000007 0.927790 0.000814 0.000007 0.000007 0.000007
 0.066979 0.000007 0.000007 0.000007 0.000007 0.004310 0.000007 0.000007 0.000007 0.000007 0.000007 0.000007 0.000007 0.000007 0.000007 0.927790 0.000814 0.000007 0.000007 0.000007
 0.066979 0.000007 0.000007 0.000007 0.000007 0.004310 0.000007 0.000007 0.000007 0.000007 0.000007 0.000007 0.000007 0.000007 0.000007 0.927790 0.000814 0.000007 0.000007 0.000007

********************************************************************************
Stopped because maximum number of motifs (5) reached.
********************************************************************************
COMMAND:	streme --protein --p ./Data/v1_cluster_windows_15mers/cluster_17298.fasta --minw 3 --maxw 15 --thresh 0.05 --oc ./Results/v1_Top500_Run_20250504_162200/streme_out_cluster_17298
********************************************************************************
CPU:		Hirokis-MacBook-Air.local
********************************************************************************
FINALTIME:	0.14 seconds
********************************************************************************
