********************************************************************************
STREME - Sensitive, Thorough, Rapid, Enriched Motif Elicitation
********************************************************************************
MEME version 5.5.7 (Release date: Wed Jun 19 13:59:04 2024 -0700)

For further information on how to interpret these results please access https://meme-suite.org/meme.
To get a copy of the MEME Suite software please access https://meme-suite.org.

********************************************************************************


********************************************************************************
REFERENCE
********************************************************************************
If you use this program in your research, please cite:

Timothy L. Bailey,
"STREME: accurate and versatile sequence motif discovery",
Bioinformatics, Mar. 24, 2021.
********************************************************************************


ALPHABET= ACDEFGHIKLMNPQRSTVWY

strands: +

Background letter frequencies
A 0.237 C 7.74e-05 D 7.74e-05 E 0.00163 F 0.00317 G 0.321 H 7.74e-05 I 0.00782 K 7.74e-05 L 7.74e-05 M 7.74e-05 N 0.00317 P 7.74e-05 Q 7.74e-05 R 0.0326 S 0.317 T 0.00937 V 0.00317 W 7.74e-05 Y 0.0635 

MOTIF 1-RGYGGAAGSSSSASA STREME-1
letter-probability matrix: alength= 20 w= 15 nsites= 41 S= 1.5e-022
 0.021537 0.000007 0.000007 0.000148 0.000288 0.029138 0.000007 0.000711 0.000007 0.000007 0.000007 0.000288 0.000007 0.000007 0.912054 0.028856 0.000851 0.000288 0.000007 0.005777
 0.021537 0.000007 0.000007 0.000148 0.000288 0.938229 0.000007 0.000711 0.000007 0.000007 0.000007 0.000288 0.000007 0.000007 0.002963 0.028856 0.000851 0.000288 0.000007 0.005777
 0.021537 0.000007 0.000007 0.000148 0.000288 0.029138 0.000007 0.000711 0.000007 0.000007 0.000007 0.000288 0.000007 0.000007 0.002963 0.028856 0.000851 0.000288 0.000007 0.914868
 0.021537 0.000007 0.000007 0.000148 0.000288 0.938229 0.000007 0.000711 0.000007 0.000007 0.000007 0.000288 0.000007 0.000007 0.002963 0.028856 0.000851 0.000288 0.000007 0.005777
 0.021537 0.000007 0.000007 0.000148 0.000288 0.938229 0.000007 0.000711 0.000007 0.000007 0.000007 0.000288 0.000007 0.000007 0.002963 0.028856 0.000851 0.000288 0.000007 0.005777
 0.930628 0.000007 0.000007 0.000148 0.000288 0.029138 0.000007 0.000711 0.000007 0.000007 0.000007 0.000288 0.000007 0.000007 0.002963 0.028856 0.000851 0.000288 0.000007 0.005777
 0.930628 0.000007 0.000007 0.000148 0.000288 0.029138 0.000007 0.000711 0.000007 0.000007 0.000007 0.000288 0.000007 0.000007 0.002963 0.028856 0.000851 0.000288 0.000007 0.005777
 0.021537 0.000007 0.000007 0.000148 0.000288 0.938229 0.000007 0.000711 0.000007 0.000007 0.000007 0.000288 0.000007 0.000007 0.002963 0.028856 0.000851 0.000288 0.000007 0.005777
 0.021537 0.000007 0.000007 0.000148 0.000288 0.029138 0.000007 0.000711 0.000007 0.000007 0.000007 0.000288 0.000007 0.000007 0.002963 0.937947 0.000851 0.000288 0.000007 0.005777
 0.021537 0.000007 0.000007 0.000148 0.000288 0.029138 0.000007 0.000711 0.000007 0.000007 0.000007 0.000288 0.000007 0.000007 0.002963 0.937947 0.000851 0.000288 0.000007 0.005777
 0.021537 0.000007 0.000007 0.000148 0.000288 0.029138 0.000007 0.000711 0.000007 0.000007 0.000007 0.000288 0.000007 0.000007 0.002963 0.937947 0.000851 0.000288 0.000007 0.005777
 0.021537 0.000007 0.000007 0.000148 0.000288 0.029138 0.000007 0.000711 0.000007 0.000007 0.000007 0.000288 0.000007 0.000007 0.002963 0.937947 0.000851 0.000288 0.000007 0.005777
 0.930628 0.000007 0.000007 0.000148 0.000288 0.029138 0.000007 0.000711 0.000007 0.000007 0.000007 0.000288 0.000007 0.000007 0.002963 0.028856 0.000851 0.000288 0.000007 0.005777
 0.021537 0.000007 0.000007 0.000148 0.000288 0.029138 0.000007 0.000711 0.000007 0.000007 0.000007 0.000288 0.000007 0.000007 0.002963 0.937947 0.000851 0.000288 0.000007 0.005777
 0.930628 0.000007 0.000007 0.000148 0.000288 0.029138 0.000007 0.000711 0.000007 0.000007 0.000007 0.000288 0.000007 0.000007 0.002963 0.028856 0.000851 0.000288 0.000007 0.005777

MOTIF 2-SGSAAGSSVTSGY STREME-2
letter-probability matrix: alength= 20 w= 13 nsites= 2 S= 2.5e-001
 0.021537 0.000007 0.000007 0.000148 0.000288 0.029138 0.000007 0.000711 0.000007 0.000007 0.000007 0.000288 0.000007 0.000007 0.002963 0.937947 0.000851 0.000288 0.000007 0.005777
 0.021537 0.000007 0.000007 0.000148 0.000288 0.938229 0.000007 0.000711 0.000007 0.000007 0.000007 0.000288 0.000007 0.000007 0.002963 0.028856 0.000851 0.000288 0.000007 0.005777
 0.021537 0.000007 0.000007 0.000148 0.000288 0.029138 0.000007 0.000711 0.000007 0.000007 0.000007 0.000288 0.000007 0.000007 0.002963 0.937947 0.000851 0.000288 0.000007 0.005777
 0.930628 0.000007 0.000007 0.000148 0.000288 0.029138 0.000007 0.000711 0.000007 0.000007 0.000007 0.000288 0.000007 0.000007 0.002963 0.028856 0.000851 0.000288 0.000007 0.005777
 0.930628 0.000007 0.000007 0.000148 0.000288 0.029138 0.000007 0.000711 0.000007 0.000007 0.000007 0.000288 0.000007 0.000007 0.002963 0.028856 0.000851 0.000288 0.000007 0.005777
 0.021537 0.000007 0.000007 0.000148 0.000288 0.938229 0.000007 0.000711 0.000007 0.000007 0.000007 0.000288 0.000007 0.000007 0.002963 0.028856 0.000851 0.000288 0.000007 0.005777
 0.021537 0.000007 0.000007 0.000148 0.000288 0.029138 0.000007 0.000711 0.000007 0.000007 0.000007 0.000288 0.000007 0.000007 0.002963 0.937947 0.000851 0.000288 0.000007 0.005777
 0.021537 0.000007 0.000007 0.000148 0.000288 0.029138 0.000007 0.000711 0.000007 0.000007 0.000007 0.000288 0.000007 0.000007 0.002963 0.937947 0.000851 0.000288 0.000007 0.005777
 0.021537 0.000007 0.000007 0.000148 0.000288 0.029138 0.000007 0.000711 0.000007 0.000007 0.000007 0.000288 0.000007 0.000007 0.002963 0.028856 0.000851 0.909379 0.000007 0.005777
 0.021537 0.000007 0.000007 0.000148 0.000288 0.029138 0.000007 0.000711 0.000007 0.000007 0.000007 0.000288 0.000007 0.000007 0.002963 0.028856 0.909942 0.000288 0.000007 0.005777
 0.021537 0.000007 0.000007 0.000148 0.000288 0.029138 0.000007 0.000711 0.000007 0.000007 0.000007 0.000288 0.000007 0.000007 0.002963 0.937947 0.000851 0.000288 0.000007 0.005777
 0.021537 0.000007 0.000007 0.000148 0.000288 0.938229 0.000007 0.000711 0.000007 0.000007 0.000007 0.000288 0.000007 0.000007 0.002963 0.028856 0.000851 0.000288 0.000007 0.005777
 0.021537 0.000007 0.000007 0.000148 0.000288 0.029138 0.000007 0.000711 0.000007 0.000007 0.000007 0.000288 0.000007 0.000007 0.002963 0.028856 0.000851 0.000288 0.000007 0.914868

********************************************************************************
Stopped because the next motif had no positive sites with scores > 0.
********************************************************************************
COMMAND:	streme --protein --p ./Data/v1_cluster_windows_15mers/cluster_5975.fasta --minw 3 --maxw 15 --thresh 0.05 --oc ./Results/v1_Top500_Run_20250504_162200/streme_out_cluster_5975
********************************************************************************
CPU:		Hirokis-MacBook-Air.local
********************************************************************************
FINALTIME:	0.17 seconds
********************************************************************************
