********************************************************************************
STREME - Sensitive, Thorough, Rapid, Enriched Motif Elicitation
********************************************************************************
MEME version 5.5.7 (Release date: Wed Jun 19 13:59:04 2024 -0700)

For further information on how to interpret these results please access https://meme-suite.org/meme.
To get a copy of the MEME Suite software please access https://meme-suite.org.

********************************************************************************


********************************************************************************
REFERENCE
********************************************************************************
If you use this program in your research, please cite:

Timothy L. Bailey,
"STREME: accurate and versatile sequence motif discovery",
Bioinformatics, Mar. 24, 2021.
********************************************************************************


ALPHABET= ACDEFGHIKLMNPQRSTVWY

strands: +

Background letter frequencies
A 0.195 C 6.05e-05 D 6.05e-05 E 0.00127 F 6.05e-05 G 0.506 H 6.05e-05 I 6.05e-05 K 6.05e-05 L 0.00127 M 6.05e-05 N 6.05e-05 P 6.05e-05 Q 0.0788 R 0.00127 S 0.0521 T 0.0049 V 0.0267 W 6.05e-05 Y 0.132 

MOTIF 1-YGGGAYGG STREME-1
letter-probability matrix: alength= 20 w= 8 nsites= 55 E= 1.6e-002
 0.000467 0.000000 0.000000 0.000003 0.000000 0.017805 0.000000 0.000000 0.000000 0.000003 0.000000 0.000000 0.000000 0.000189 0.000003 0.000125 0.000012 0.000064 0.000000 0.981328
 0.000467 0.000000 0.000000 0.000003 0.000000 0.998818 0.000000 0.000000 0.000000 0.000003 0.000000 0.000000 0.000000 0.000189 0.000003 0.000125 0.000012 0.000064 0.000000 0.000316
 0.033655 0.000000 0.000000 0.000003 0.000000 0.864335 0.000000 0.000000 0.000000 0.000003 0.000000 0.000000 0.000000 0.000189 0.000003 0.101420 0.000012 0.000064 0.000000 0.000316
 0.000467 0.000000 0.000000 0.000003 0.000000 0.913341 0.000000 0.000000 0.000000 0.000003 0.000000 0.000000 0.000000 0.000189 0.000003 0.085602 0.000012 0.000064 0.000000 0.000316
 0.880184 0.000000 0.000000 0.000003 0.000000 0.001212 0.000000 0.000000 0.000000 0.000003 0.000000 0.000000 0.000000 0.000189 0.000003 0.101420 0.016606 0.000064 0.000000 0.000316
 0.000467 0.000000 0.000000 0.000003 0.000000 0.001212 0.000000 0.000000 0.000000 0.000003 0.000000 0.000000 0.000000 0.000189 0.000003 0.000125 0.000012 0.000064 0.000000 0.997922
 0.000467 0.000000 0.000000 0.000003 0.000000 0.998818 0.000000 0.000000 0.000000 0.000003 0.000000 0.000000 0.000000 0.000189 0.000003 0.000125 0.000012 0.000064 0.000000 0.000316
 0.000467 0.000000 0.000000 0.000003 0.000000 0.982224 0.000000 0.000000 0.000000 0.000003 0.000000 0.000000 0.000000 0.000189 0.000003 0.000125 0.000012 0.016658 0.000000 0.000316

MOTIF 2-QGAAA STREME-2
letter-probability matrix: alength= 20 w= 5 nsites= 52 E= 9.5e-002
 0.000609 0.000000 0.000000 0.000004 0.000000 0.001581 0.000000 0.000000 0.000000 0.000004 0.000000 0.000000 0.000000 0.997123 0.000004 0.000163 0.000015 0.000083 0.000000 0.000412
 0.044225 0.000000 0.000000 0.000004 0.000000 0.754721 0.000000 0.000000 0.000000 0.000004 0.000000 0.000000 0.000000 0.178718 0.000004 0.000163 0.000015 0.021733 0.000000 0.000412
 0.446159 0.000000 0.000000 0.000004 0.000000 0.180052 0.000000 0.000000 0.000000 0.000004 0.000000 0.000000 0.000000 0.000246 0.000004 0.021812 0.000015 0.351289 0.000000 0.000412
 0.851889 0.000000 0.000000 0.000004 0.000000 0.001581 0.000000 0.000000 0.000000 0.000004 0.000000 0.000000 0.000000 0.000246 0.000004 0.080494 0.043631 0.021733 0.000000 0.000412
 0.700486 0.000000 0.000000 0.021653 0.000000 0.001581 0.000000 0.000000 0.000000 0.000004 0.000000 0.000000 0.000000 0.000246 0.000004 0.275513 0.000015 0.000083 0.000000 0.000412

MOTIF 3-GSAT STREME-3
letter-probability matrix: alength= 20 w= 4 nsites= 1 E= 4.0e+000
 0.017728 0.000006 0.000006 0.000116 0.000006 0.955101 0.000006 0.000006 0.000006 0.000116 0.000006 0.000006 0.000006 0.007159 0.000116 0.004738 0.000446 0.002426 0.000006 0.012000
 0.017728 0.000006 0.000006 0.000116 0.000006 0.046010 0.000006 0.000006 0.000006 0.000116 0.000006 0.000006 0.000006 0.007159 0.000116 0.913829 0.000446 0.002426 0.000006 0.012000
 0.926819 0.000006 0.000006 0.000116 0.000006 0.046010 0.000006 0.000006 0.000006 0.000116 0.000006 0.000006 0.000006 0.007159 0.000116 0.004738 0.000446 0.002426 0.000006 0.012000
 0.017728 0.000006 0.000006 0.000116 0.000006 0.046010 0.000006 0.000006 0.000006 0.000116 0.000006 0.000006 0.000006 0.007159 0.000116 0.004738 0.909537 0.002426 0.000006 0.012000

MOTIF 4-SAAS STREME-4
letter-probability matrix: alength= 20 w= 4 nsites= 1 E= 4.0e+000
 0.024586 0.000008 0.000008 0.000160 0.000008 0.063810 0.000008 0.000008 0.000008 0.000160 0.000008 0.000008 0.000008 0.009929 0.000160 0.880491 0.000618 0.003365 0.000008 0.016643
 0.898506 0.000008 0.000008 0.000160 0.000008 0.063810 0.000008 0.000008 0.000008 0.000160 0.000008 0.000008 0.000008 0.009929 0.000160 0.006571 0.000618 0.003365 0.000008 0.016643
 0.898506 0.000008 0.000008 0.000160 0.000008 0.063810 0.000008 0.000008 0.000008 0.000160 0.000008 0.000008 0.000008 0.009929 0.000160 0.006571 0.000618 0.003365 0.000008 0.016643
 0.024586 0.000008 0.000008 0.000160 0.000008 0.063810 0.000008 0.000008 0.000008 0.000160 0.000008 0.000008 0.000008 0.009929 0.000160 0.880491 0.000618 0.003365 0.000008 0.016643

********************************************************************************
Stopped because the next motif had no positive sites with scores > 0.
********************************************************************************
COMMAND:	streme --protein --p ./Data/v1_cluster_windows_15mers/cluster_14977.fasta --minw 3 --maxw 15 --thresh 0.05 --oc ./Results/v1_Top500_Run_20250504_162200/streme_out_cluster_14977
********************************************************************************
CPU:		Hirokis-MacBook-Air.local
********************************************************************************
FINALTIME:	0.15 seconds
********************************************************************************
