********************************************************************************
STREME - Sensitive, Thorough, Rapid, Enriched Motif Elicitation
********************************************************************************
MEME version 5.5.7 (Release date: Wed Jun 19 13:59:04 2024 -0700)

For further information on how to interpret these results please access https://meme-suite.org/meme.
To get a copy of the MEME Suite software please access https://meme-suite.org.

********************************************************************************


********************************************************************************
REFERENCE
********************************************************************************
If you use this program in your research, please cite:

Timothy L. Bailey,
"STREME: accurate and versatile sequence motif discovery",
Bioinformatics, Mar. 24, 2021.
********************************************************************************


ALPHABET= ACDEFGHIKLMNPQRSTVWY

strands: +

Background letter frequencies
A 0.178 C 8.32e-05 D 0.0666 E 0.00341 F 0.0666 G 0.07 H 8.32e-05 I 0.0583 K 0.0517 L 0.0267 M 0.133 N 0.0084 P 8.32e-05 Q 0.105 R 0.0384 S 0.0883 T 8.32e-05 V 0.0517 W 8.32e-05 Y 0.0533 

MOTIF 1-QADFVRAMSYAMGKI STREME-1
letter-probability matrix: alength= 20 w= 15 nsites= 40 S= 9.3e-024
 0.016191 0.000008 0.006058 0.000310 0.006058 0.006361 0.000008 0.005302 0.004696 0.002428 0.012109 0.000764 0.000008 0.918627 0.003486 0.008025 0.000008 0.004696 0.000008 0.004848
 0.925282 0.000008 0.006058 0.000310 0.006058 0.006361 0.000008 0.005302 0.004696 0.002428 0.012109 0.000764 0.000008 0.009537 0.003486 0.008025 0.000008 0.004696 0.000008 0.004848
 0.016191 0.000008 0.915149 0.000310 0.006058 0.006361 0.000008 0.005302 0.004696 0.002428 0.012109 0.000764 0.000008 0.009537 0.003486 0.008025 0.000008 0.004696 0.000008 0.004848
 0.016191 0.000008 0.006058 0.000310 0.915149 0.006361 0.000008 0.005302 0.004696 0.002428 0.012109 0.000764 0.000008 0.009537 0.003486 0.008025 0.000008 0.004696 0.000008 0.004848
 0.016191 0.000008 0.006058 0.000310 0.006058 0.006361 0.000008 0.005302 0.004696 0.002428 0.012109 0.000764 0.000008 0.009537 0.003486 0.008025 0.000008 0.913787 0.000008 0.004848
 0.016191 0.000008 0.006058 0.000310 0.006058 0.006361 0.000008 0.005302 0.004696 0.002428 0.012109 0.000764 0.000008 0.009537 0.912577 0.008025 0.000008 0.004696 0.000008 0.004848
 0.925282 0.000008 0.006058 0.000310 0.006058 0.006361 0.000008 0.005302 0.004696 0.002428 0.012109 0.000764 0.000008 0.009537 0.003486 0.008025 0.000008 0.004696 0.000008 0.004848
 0.016191 0.000008 0.006058 0.000310 0.006058 0.006361 0.000008 0.005302 0.004696 0.002428 0.921200 0.000764 0.000008 0.009537 0.003486 0.008025 0.000008 0.004696 0.000008 0.004848
 0.016191 0.000008 0.006058 0.000310 0.006058 0.006361 0.000008 0.005302 0.004696 0.002428 0.012109 0.000764 0.000008 0.009537 0.003486 0.917116 0.000008 0.004696 0.000008 0.004848
 0.016191 0.000008 0.006058 0.000310 0.006058 0.006361 0.000008 0.005302 0.004696 0.002428 0.012109 0.000764 0.000008 0.009537 0.003486 0.008025 0.000008 0.004696 0.000008 0.913939
 0.925282 0.000008 0.006058 0.000310 0.006058 0.006361 0.000008 0.005302 0.004696 0.002428 0.012109 0.000764 0.000008 0.009537 0.003486 0.008025 0.000008 0.004696 0.000008 0.004848
 0.016191 0.000008 0.006058 0.000310 0.006058 0.006361 0.000008 0.005302 0.004696 0.002428 0.921200 0.000764 0.000008 0.009537 0.003486 0.008025 0.000008 0.004696 0.000008 0.004848
 0.016191 0.000008 0.006058 0.000310 0.006058 0.915452 0.000008 0.005302 0.004696 0.002428 0.012109 0.000764 0.000008 0.009537 0.003486 0.008025 0.000008 0.004696 0.000008 0.004848
 0.016191 0.000008 0.006058 0.000310 0.006058 0.006361 0.000008 0.005302 0.913787 0.002428 0.012109 0.000764 0.000008 0.009537 0.003486 0.008025 0.000008 0.004696 0.000008 0.004848
 0.016191 0.000008 0.006058 0.000310 0.006058 0.006361 0.000008 0.914393 0.004696 0.002428 0.012109 0.000764 0.000008 0.009537 0.003486 0.008025 0.000008 0.004696 0.000008 0.004848

MOTIF 2-IQS STREME-2
letter-probability matrix: alength= 20 w= 3 nsites= 3 S= 3.1e-001
 0.016191 0.000008 0.006058 0.000310 0.006058 0.006361 0.000008 0.914393 0.004696 0.002428 0.012109 0.000764 0.000008 0.009537 0.003486 0.008025 0.000008 0.004696 0.000008 0.004848
 0.016191 0.000008 0.006058 0.000310 0.006058 0.006361 0.000008 0.005302 0.004696 0.002428 0.012109 0.000764 0.000008 0.918627 0.003486 0.008025 0.000008 0.004696 0.000008 0.004848
 0.016191 0.000008 0.006058 0.000310 0.006058 0.006361 0.000008 0.005302 0.004696 0.002428 0.012109 0.000764 0.000008 0.009537 0.003486 0.917116 0.000008 0.004696 0.000008 0.004848

********************************************************************************
Stopped because the next motif had no positive sites with scores > 0.
********************************************************************************
COMMAND:	streme --protein --p ./Data/v1_cluster_windows_15mers/cluster_19276.fasta --minw 3 --maxw 15 --thresh 0.05 --oc ./Results/v1_Top500_Run_20250504_162200/streme_out_cluster_19276
********************************************************************************
CPU:		Hirokis-MacBook-Air.local
********************************************************************************
FINALTIME:	0.12 seconds
********************************************************************************
