********************************************************************************
STREME - Sensitive, Thorough, Rapid, Enriched Motif Elicitation
********************************************************************************
MEME version 5.5.7 (Release date: Wed Jun 19 13:59:04 2024 -0700)

For further information on how to interpret these results please access https://meme-suite.org/meme.
To get a copy of the MEME Suite software please access https://meme-suite.org.

********************************************************************************


********************************************************************************
REFERENCE
********************************************************************************
If you use this program in your research, please cite:

Timothy L. Bailey,
"STREME: accurate and versatile sequence motif discovery",
Bioinformatics, Mar. 24, 2021.
********************************************************************************


ALPHABET= ACDEFGHIKLMNPQRSTVWY

strands: +

Background letter frequencies
A 0.189 C 6.79e-05 D 6.79e-05 E 6.79e-05 F 6.79e-05 G 0.472 H 6.79e-05 I 0.0055 K 6.79e-05 L 0.0734 M 6.79e-05 N 6.79e-05 P 0.00143 Q 0.147 R 0.00279 S 0.0599 T 0.00279 V 6.79e-05 W 6.79e-05 Y 0.0463 

MOTIF 1-GYGQGLGGQGAGS STREME-1
letter-probability matrix: alength= 20 w= 13 nsites= 49 S= 3.9e-029
 0.017174 0.000006 0.000006 0.000006 0.000006 0.951958 0.000006 0.000500 0.000006 0.006677 0.000006 0.000006 0.000130 0.013346 0.000253 0.005441 0.000253 0.000006 0.000006 0.004206
 0.017174 0.000006 0.000006 0.000006 0.000006 0.042867 0.000006 0.000500 0.000006 0.006677 0.000006 0.000006 0.000130 0.013346 0.000253 0.005441 0.000253 0.000006 0.000006 0.913297
 0.017174 0.000006 0.000006 0.000006 0.000006 0.951958 0.000006 0.000500 0.000006 0.006677 0.000006 0.000006 0.000130 0.013346 0.000253 0.005441 0.000253 0.000006 0.000006 0.004206
 0.017174 0.000006 0.000006 0.000006 0.000006 0.042867 0.000006 0.000500 0.000006 0.006677 0.000006 0.000006 0.000130 0.922437 0.000253 0.005441 0.000253 0.000006 0.000006 0.004206
 0.017174 0.000006 0.000006 0.000006 0.000006 0.951958 0.000006 0.000500 0.000006 0.006677 0.000006 0.000006 0.000130 0.013346 0.000253 0.005441 0.000253 0.000006 0.000006 0.004206
 0.017174 0.000006 0.000006 0.000006 0.000006 0.042867 0.000006 0.000500 0.000006 0.915768 0.000006 0.000006 0.000130 0.013346 0.000253 0.005441 0.000253 0.000006 0.000006 0.004206
 0.017174 0.000006 0.000006 0.000006 0.000006 0.951958 0.000006 0.000500 0.000006 0.006677 0.000006 0.000006 0.000130 0.013346 0.000253 0.005441 0.000253 0.000006 0.000006 0.004206
 0.017174 0.000006 0.000006 0.000006 0.000006 0.951958 0.000006 0.000500 0.000006 0.006677 0.000006 0.000006 0.000130 0.013346 0.000253 0.005441 0.000253 0.000006 0.000006 0.004206
 0.017174 0.000006 0.000006 0.000006 0.000006 0.042867 0.000006 0.000500 0.000006 0.006677 0.000006 0.000006 0.000130 0.922437 0.000253 0.005441 0.000253 0.000006 0.000006 0.004206
 0.017174 0.000006 0.000006 0.000006 0.000006 0.951958 0.000006 0.000500 0.000006 0.006677 0.000006 0.000006 0.000130 0.013346 0.000253 0.005441 0.000253 0.000006 0.000006 0.004206
 0.926265 0.000006 0.000006 0.000006 0.000006 0.042867 0.000006 0.000500 0.000006 0.006677 0.000006 0.000006 0.000130 0.013346 0.000253 0.005441 0.000253 0.000006 0.000006 0.004206
 0.017174 0.000006 0.000006 0.000006 0.000006 0.951958 0.000006 0.000500 0.000006 0.006677 0.000006 0.000006 0.000130 0.013346 0.000253 0.005441 0.000253 0.000006 0.000006 0.004206
 0.017174 0.000006 0.000006 0.000006 0.000006 0.042867 0.000006 0.000500 0.000006 0.006677 0.000006 0.000006 0.000130 0.013346 0.000253 0.914532 0.000253 0.000006 0.000006 0.004206

MOTIF 2-QGL STREME-2
letter-probability matrix: alength= 20 w= 3 nsites= 3 S= 8.7e-001
 0.017174 0.000006 0.000006 0.000006 0.000006 0.042867 0.000006 0.000500 0.000006 0.006677 0.000006 0.000006 0.000130 0.922437 0.000253 0.005441 0.000253 0.000006 0.000006 0.004206
 0.017174 0.000006 0.000006 0.000006 0.000006 0.951958 0.000006 0.000500 0.000006 0.006677 0.000006 0.000006 0.000130 0.013346 0.000253 0.005441 0.000253 0.000006 0.000006 0.004206
 0.017174 0.000006 0.000006 0.000006 0.000006 0.042867 0.000006 0.000500 0.000006 0.915768 0.000006 0.000006 0.000130 0.013346 0.000253 0.005441 0.000253 0.000006 0.000006 0.004206

MOTIF 3-GQG STREME-3
letter-probability matrix: alength= 20 w= 3 nsites= 3 S= 1.0e+000
 0.017174 0.000006 0.000006 0.000006 0.000006 0.951958 0.000006 0.000500 0.000006 0.006677 0.000006 0.000006 0.000130 0.013346 0.000253 0.005441 0.000253 0.000006 0.000006 0.004206
 0.017174 0.000006 0.000006 0.000006 0.000006 0.042867 0.000006 0.000500 0.000006 0.006677 0.000006 0.000006 0.000130 0.922437 0.000253 0.005441 0.000253 0.000006 0.000006 0.004206
 0.017174 0.000006 0.000006 0.000006 0.000006 0.951958 0.000006 0.000500 0.000006 0.006677 0.000006 0.000006 0.000130 0.013346 0.000253 0.005441 0.000253 0.000006 0.000006 0.004206

********************************************************************************
Stopped because the next motif had no positive sites with scores > 0.
********************************************************************************
COMMAND:	streme --protein --p ./Data/v1_cluster_windows_15mers/cluster_19465.fasta --minw 3 --maxw 15 --thresh 0.05 --oc ./Results/v1_Top500_Run_20250504_162200/streme_out_cluster_19465
********************************************************************************
CPU:		Hirokis-MacBook-Air.local
********************************************************************************
FINALTIME:	0.16 seconds
********************************************************************************
