********************************************************************************
STREME - Sensitive, Thorough, Rapid, Enriched Motif Elicitation
********************************************************************************
MEME version 5.5.7 (Release date: Wed Jun 19 13:59:04 2024 -0700)

For further information on how to interpret these results please access https://meme-suite.org/meme.
To get a copy of the MEME Suite software please access https://meme-suite.org.

********************************************************************************


********************************************************************************
REFERENCE
********************************************************************************
If you use this program in your research, please cite:

Timothy L. Bailey,
"STREME: accurate and versatile sequence motif discovery",
Bioinformatics, Mar. 24, 2021.
********************************************************************************


ALPHABET= ACDEFGHIKLMNPQRSTVWY

strands: +

Background letter frequencies
A 0.102 C 0.0279 D 0.0202 E 0.0465 F 0.00317 G 0.0961 H 7.74e-05 I 0.0635 K 7.74e-05 L 0.0233 M 0.0728 N 0.0279 P 0.031 Q 0.045 R 7.74e-05 S 0.263 T 0.00317 V 0.167 W 7.74e-05 Y 0.00627 

MOTIF 1-SSAGMSQCEV STREME-1
letter-probability matrix: alength= 20 w= 10 nsites= 43 S= 1.5e-025
 0.000365 0.000100 0.000072 0.000166 0.000011 0.000343 0.000000 0.000227 0.000000 0.000083 0.000260 0.201114 0.000111 0.024910 0.000000 0.771606 0.000011 0.000597 0.000000 0.000022
 0.100645 0.000100 0.000072 0.024915 0.000011 0.000343 0.000000 0.000227 0.000000 0.000083 0.000260 0.223688 0.000111 0.000161 0.000000 0.648752 0.000011 0.000597 0.000000 0.000022
 0.472334 0.000100 0.000072 0.000166 0.000011 0.000343 0.000000 0.000227 0.000000 0.000083 0.000260 0.000100 0.399542 0.000161 0.000000 0.125969 0.000011 0.000597 0.000000 0.000022
 0.000365 0.000100 0.000072 0.000166 0.000011 0.996772 0.000000 0.000227 0.000000 0.000083 0.000260 0.000100 0.000111 0.000161 0.000000 0.000940 0.000011 0.000597 0.000000 0.000022
 0.000365 0.000100 0.000072 0.000166 0.000011 0.000343 0.000000 0.000227 0.000000 0.000083 0.996689 0.000100 0.000111 0.000161 0.000000 0.000940 0.000011 0.000597 0.000000 0.000022
 0.000365 0.000100 0.000072 0.000166 0.000011 0.000343 0.000000 0.000227 0.000000 0.000083 0.000260 0.000100 0.000111 0.000161 0.000000 0.997369 0.000011 0.000597 0.000000 0.000022
 0.025114 0.000100 0.000072 0.050087 0.000011 0.250856 0.000000 0.000227 0.000000 0.000083 0.000260 0.000100 0.000111 0.547661 0.000000 0.124686 0.000011 0.000597 0.000000 0.000022
 0.264476 0.350032 0.000072 0.000166 0.000011 0.025092 0.000000 0.000227 0.000000 0.000083 0.000260 0.000100 0.000111 0.000161 0.000000 0.308656 0.049932 0.000597 0.000000 0.000022
 0.000365 0.000100 0.300506 0.671413 0.000011 0.000343 0.000000 0.000227 0.000000 0.000083 0.000260 0.000100 0.000111 0.000161 0.000000 0.025689 0.000011 0.000597 0.000000 0.000022
 0.025114 0.000100 0.000072 0.000166 0.000011 0.000343 0.000000 0.024976 0.000000 0.000083 0.000260 0.000100 0.000111 0.000161 0.000000 0.000940 0.000011 0.947528 0.000000 0.000022

MOTIF 2-VSA STREME-2
letter-probability matrix: alength= 20 w= 3 nsites= 17 S= 1.2e-005
 0.009291 0.002540 0.001836 0.004229 0.000288 0.008732 0.000007 0.005777 0.000007 0.002118 0.006621 0.002540 0.002822 0.004088 0.000007 0.023928 0.000288 0.924301 0.000007 0.000570
 0.009291 0.002540 0.001836 0.004229 0.000288 0.008732 0.000007 0.005777 0.000007 0.002118 0.006621 0.002540 0.002822 0.004088 0.000007 0.933019 0.000288 0.015210 0.000007 0.000570
 0.918382 0.002540 0.001836 0.004229 0.000288 0.008732 0.000007 0.005777 0.000007 0.002118 0.006621 0.002540 0.002822 0.004088 0.000007 0.023928 0.000288 0.015210 0.000007 0.000570

MOTIF 3-ISS STREME-3
letter-probability matrix: alength= 20 w= 3 nsites= 5 S= 2.8e-002
 0.009291 0.002540 0.001836 0.004229 0.000288 0.008732 0.000007 0.914868 0.000007 0.002118 0.006621 0.002540 0.002822 0.004088 0.000007 0.023928 0.000288 0.015210 0.000007 0.000570
 0.009291 0.002540 0.001836 0.004229 0.000288 0.008732 0.000007 0.005777 0.000007 0.002118 0.006621 0.002540 0.002822 0.004088 0.000007 0.933019 0.000288 0.015210 0.000007 0.000570
 0.009291 0.002540 0.001836 0.004229 0.000288 0.008732 0.000007 0.005777 0.000007 0.002118 0.006621 0.002540 0.002822 0.004088 0.000007 0.933019 0.000288 0.015210 0.000007 0.000570

MOTIF 4-QIIV STREME-4
letter-probability matrix: alength= 20 w= 4 nsites= 4 S= 5.8e-002
 0.009291 0.002540 0.001836 0.004229 0.000288 0.008732 0.000007 0.005777 0.000007 0.002118 0.006621 0.002540 0.002822 0.913179 0.000007 0.023928 0.000288 0.015210 0.000007 0.000570
 0.009291 0.002540 0.001836 0.004229 0.000288 0.008732 0.000007 0.914868 0.000007 0.002118 0.006621 0.002540 0.002822 0.004088 0.000007 0.023928 0.000288 0.015210 0.000007 0.000570
 0.009291 0.002540 0.001836 0.004229 0.000288 0.008732 0.000007 0.914868 0.000007 0.002118 0.006621 0.002540 0.002822 0.004088 0.000007 0.023928 0.000288 0.015210 0.000007 0.000570
 0.009291 0.002540 0.001836 0.004229 0.000288 0.008732 0.000007 0.005777 0.000007 0.002118 0.006621 0.002540 0.002822 0.004088 0.000007 0.023928 0.000288 0.924301 0.000007 0.000570

MOTIF 5-VSS STREME-5
letter-probability matrix: alength= 20 w= 3 nsites= 9 S= 1.1e-001
 0.009291 0.002540 0.001836 0.004229 0.000288 0.008732 0.000007 0.005777 0.000007 0.002118 0.006621 0.002540 0.002822 0.004088 0.000007 0.023928 0.000288 0.924301 0.000007 0.000570
 0.009291 0.002540 0.001836 0.004229 0.000288 0.008732 0.000007 0.005777 0.000007 0.002118 0.006621 0.002540 0.002822 0.004088 0.000007 0.933019 0.000288 0.015210 0.000007 0.000570
 0.009291 0.002540 0.001836 0.004229 0.000288 0.008732 0.000007 0.005777 0.000007 0.002118 0.006621 0.002540 0.002822 0.004088 0.000007 0.933019 0.000288 0.015210 0.000007 0.000570

********************************************************************************
Stopped because maximum number of motifs (5) reached.
********************************************************************************
COMMAND:	streme --protein --p ./Data/v1_cluster_windows_15mers/cluster_1279.fasta --minw 3 --maxw 15 --thresh 0.05 --oc ./Results/v1_Top500_Run_20250504_162200/streme_out_cluster_1279
********************************************************************************
CPU:		Hirokis-MacBook-Air.local
********************************************************************************
FINALTIME:	0.29 seconds
********************************************************************************
