********************************************************************************
STREME - Sensitive, Thorough, Rapid, Enriched Motif Elicitation
********************************************************************************
MEME version 5.5.7 (Release date: Wed Jun 19 13:59:04 2024 -0700)

For further information on how to interpret these results please access https://meme-suite.org/meme.
To get a copy of the MEME Suite software please access https://meme-suite.org.

********************************************************************************


********************************************************************************
REFERENCE
********************************************************************************
If you use this program in your research, please cite:

Timothy L. Bailey,
"STREME: accurate and versatile sequence motif discovery",
Bioinformatics, Mar. 24, 2021.
********************************************************************************


ALPHABET= ACDEFGHIKLMNPQRSTVWY

strands: +

Background letter frequencies
A 0.0972 C 0.00176 D 0.00307 E 0.0671 F 0.00351 G 0.041 H 0.0458 I 0.0658 K 0.000457 L 0.253 M 0.051 N 0.00873 P 2.18e-05 Q 0.0723 R 2.18e-05 S 0.0431 T 0.0776 V 0.167 W 2.18e-05 Y 0.00176 

MOTIF 1-QALLEVVTAL STREME-1
letter-probability matrix: alength= 20 w= 10 nsites= 153 E= 3.2e-008
 0.000107 0.000002 0.000003 0.007673 0.000004 0.000045 0.007649 0.000072 0.000001 0.000277 0.000056 0.000010 0.000000 0.983784 0.000000 0.000047 0.000085 0.000183 0.000000 0.000002
 0.568630 0.000002 0.000003 0.000074 0.000004 0.000045 0.000050 0.000072 0.000001 0.000277 0.000056 0.000010 0.000000 0.000079 0.000000 0.129963 0.091598 0.209135 0.000000 0.000002
 0.000107 0.000002 0.000003 0.000074 0.000004 0.000045 0.000050 0.000072 0.000001 0.968663 0.030573 0.000010 0.000000 0.000079 0.000000 0.000047 0.000085 0.000183 0.000000 0.000002
 0.000107 0.000002 0.000003 0.000074 0.000004 0.000045 0.000050 0.007671 0.000001 0.731546 0.252492 0.000010 0.000000 0.000079 0.000000 0.000047 0.007684 0.000183 0.000000 0.000002
 0.000107 0.000002 0.000003 0.998977 0.000004 0.000045 0.000050 0.000072 0.000001 0.000277 0.000056 0.000010 0.000000 0.000079 0.000000 0.000047 0.000085 0.000183 0.000000 0.000002
 0.000107 0.000002 0.000003 0.000074 0.000004 0.000045 0.000050 0.076306 0.000001 0.270602 0.083929 0.000010 0.000000 0.000079 0.000000 0.000047 0.007684 0.561055 0.000000 0.000002
 0.022904 0.030479 0.000003 0.000074 0.000004 0.000045 0.000050 0.199037 0.000001 0.068791 0.115141 0.000010 0.000000 0.000079 0.000000 0.007647 0.000085 0.555649 0.000000 0.000002
 0.007706 0.000002 0.000003 0.000074 0.000004 0.000045 0.000050 0.000072 0.000001 0.000277 0.000056 0.000010 0.000000 0.000079 0.000000 0.000047 0.991389 0.000183 0.000000 0.000002
 0.808340 0.000002 0.000003 0.000074 0.000004 0.091884 0.000050 0.015271 0.000001 0.007876 0.015294 0.000010 0.000000 0.000079 0.000000 0.022845 0.015284 0.022981 0.000000 0.000002
 0.000107 0.000002 0.000003 0.000074 0.053239 0.000045 0.000050 0.000072 0.000001 0.808676 0.106928 0.000010 0.000000 0.000079 0.000000 0.000047 0.000085 0.015382 0.000000 0.015201

MOTIF 2-VHILG STREME-2
letter-probability matrix: alength= 20 w= 5 nsites= 146 E= 5.2e-007
 0.059945 0.000002 0.000003 0.000071 0.007380 0.000044 0.000049 0.111187 0.000000 0.089020 0.000054 0.000009 0.000000 0.000077 0.000000 0.000046 0.007459 0.724651 0.000000 0.000002
 0.000103 0.000002 0.000003 0.000071 0.000004 0.000044 0.709167 0.000070 0.000000 0.000269 0.000054 0.089960 0.000000 0.096322 0.000000 0.096291 0.000083 0.007555 0.000000 0.000002
 0.000103 0.000002 0.000003 0.000071 0.000004 0.000044 0.000049 0.530853 0.000000 0.029775 0.007431 0.000009 0.000000 0.000077 0.000000 0.000046 0.000083 0.431448 0.000000 0.000002
 0.000103 0.000002 0.000003 0.000071 0.000004 0.000044 0.000049 0.029615 0.000000 0.880752 0.014807 0.000009 0.000000 0.000077 0.000000 0.000046 0.000083 0.074333 0.000000 0.000002
 0.029844 0.000002 0.051716 0.000071 0.000004 0.520589 0.000049 0.000070 0.000000 0.000269 0.000054 0.051762 0.000000 0.000077 0.000000 0.345231 0.000083 0.000178 0.000000 0.000002

MOTIF 3-LTIIG STREME-3
letter-probability matrix: alength= 20 w= 5 nsites= 4 E= 5.0e+000
 0.008832 0.000160 0.000279 0.006099 0.000319 0.003724 0.004159 0.005981 0.000042 0.932055 0.004635 0.000794 0.000002 0.006575 0.000002 0.003922 0.007050 0.015209 0.000002 0.000160
 0.008832 0.000160 0.000279 0.006099 0.000319 0.003724 0.004159 0.005981 0.000042 0.022964 0.004635 0.000794 0.000002 0.006575 0.000002 0.003922 0.916141 0.015209 0.000002 0.000160
 0.008832 0.000160 0.000279 0.006099 0.000319 0.003724 0.004159 0.915072 0.000042 0.022964 0.004635 0.000794 0.000002 0.006575 0.000002 0.003922 0.007050 0.015209 0.000002 0.000160
 0.008832 0.000160 0.000279 0.006099 0.000319 0.003724 0.004159 0.915072 0.000042 0.022964 0.004635 0.000794 0.000002 0.006575 0.000002 0.003922 0.007050 0.015209 0.000002 0.000160
 0.008832 0.000160 0.000279 0.006099 0.000319 0.912815 0.004159 0.005981 0.000042 0.022964 0.004635 0.000794 0.000002 0.006575 0.000002 0.003922 0.007050 0.015209 0.000002 0.000160

MOTIF 4-AVLI STREME-4
letter-probability matrix: alength= 20 w= 4 nsites= 1 E= 5.0e+000
 0.886169 0.000222 0.000387 0.008459 0.000442 0.005164 0.005768 0.008295 0.000058 0.031848 0.006428 0.001101 0.000003 0.009118 0.000003 0.005439 0.009778 0.021093 0.000003 0.000222
 0.012249 0.000222 0.000387 0.008459 0.000442 0.005164 0.005768 0.008295 0.000058 0.031848 0.006428 0.001101 0.000003 0.009118 0.000003 0.005439 0.009778 0.895013 0.000003 0.000222
 0.012249 0.000222 0.000387 0.008459 0.000442 0.005164 0.005768 0.008295 0.000058 0.905768 0.006428 0.001101 0.000003 0.009118 0.000003 0.005439 0.009778 0.021093 0.000003 0.000222
 0.012249 0.000222 0.000387 0.008459 0.000442 0.005164 0.005768 0.882215 0.000058 0.031848 0.006428 0.001101 0.000003 0.009118 0.000003 0.005439 0.009778 0.021093 0.000003 0.000222

MOTIF 5-VTLL STREME-5
letter-probability matrix: alength= 20 w= 4 nsites= 1 E= 5.0e+000
 0.008832 0.000160 0.000279 0.006099 0.000319 0.003724 0.004159 0.005981 0.000042 0.022964 0.004635 0.000794 0.000002 0.006575 0.000002 0.003922 0.007050 0.924300 0.000002 0.000160
 0.008832 0.000160 0.000279 0.006099 0.000319 0.003724 0.004159 0.005981 0.000042 0.022964 0.004635 0.000794 0.000002 0.006575 0.000002 0.003922 0.916141 0.015209 0.000002 0.000160
 0.008832 0.000160 0.000279 0.006099 0.000319 0.003724 0.004159 0.005981 0.000042 0.932055 0.004635 0.000794 0.000002 0.006575 0.000002 0.003922 0.007050 0.015209 0.000002 0.000160
 0.008832 0.000160 0.000279 0.006099 0.000319 0.003724 0.004159 0.005981 0.000042 0.932055 0.004635 0.000794 0.000002 0.006575 0.000002 0.003922 0.007050 0.015209 0.000002 0.000160

********************************************************************************
Stopped because 3 consecutive motifs exceeded the p-value threshold (0.05).
********************************************************************************
COMMAND:	streme --protein --p ./Data/v1_cluster_windows_15mers/cluster_1921.fasta --minw 3 --maxw 15 --thresh 0.05 --oc ./Results/v1_Top500_Run_20250504_162200/streme_out_cluster_1921
********************************************************************************
CPU:		Hirokis-MacBook-Air.local
********************************************************************************
FINALTIME:	0.36 seconds
********************************************************************************
