********************************************************************************
STREME - Sensitive, Thorough, Rapid, Enriched Motif Elicitation
********************************************************************************
MEME version 5.5.7 (Release date: Wed Jun 19 13:59:04 2024 -0700)

For further information on how to interpret these results please access https://meme-suite.org/meme.
To get a copy of the MEME Suite software please access https://meme-suite.org.

********************************************************************************


********************************************************************************
REFERENCE
********************************************************************************
If you use this program in your research, please cite:

Timothy L. Bailey,
"STREME: accurate and versatile sequence motif discovery",
Bioinformatics, Mar. 24, 2021.
********************************************************************************


ALPHABET= ACDEFGHIKLMNPQRSTVWY

strands: +

Background letter frequencies
A 0.642 C 7.4e-05 D 0.00303 E 0.0164 F 7.4e-05 G 0.197 H 7.4e-05 I 7.4e-05 K 7.4e-05 L 7.4e-05 M 7.4e-05 N 7.4e-05 P 0.00303 Q 0.0459 R 7.4e-05 S 0.0814 T 0.00747 V 0.00155 W 7.4e-05 Y 0.00155 

MOTIF 1-AAAAAAAA STREME-1
letter-probability matrix: alength= 20 w= 8 nsites= 40 S= 1.8e-016
 0.967464 0.000007 0.000276 0.001486 0.000007 0.017891 0.000007 0.000007 0.000007 0.000007 0.000007 0.000007 0.000276 0.004175 0.000007 0.007403 0.000679 0.000141 0.000007 0.000141
 0.967464 0.000007 0.000276 0.001486 0.000007 0.017891 0.000007 0.000007 0.000007 0.000007 0.000007 0.000007 0.000276 0.004175 0.000007 0.007403 0.000679 0.000141 0.000007 0.000141
 0.967464 0.000007 0.000276 0.001486 0.000007 0.017891 0.000007 0.000007 0.000007 0.000007 0.000007 0.000007 0.000276 0.004175 0.000007 0.007403 0.000679 0.000141 0.000007 0.000141
 0.967464 0.000007 0.000276 0.001486 0.000007 0.017891 0.000007 0.000007 0.000007 0.000007 0.000007 0.000007 0.000276 0.004175 0.000007 0.007403 0.000679 0.000141 0.000007 0.000141
 0.967464 0.000007 0.000276 0.001486 0.000007 0.017891 0.000007 0.000007 0.000007 0.000007 0.000007 0.000007 0.000276 0.004175 0.000007 0.007403 0.000679 0.000141 0.000007 0.000141
 0.967464 0.000007 0.000276 0.001486 0.000007 0.017891 0.000007 0.000007 0.000007 0.000007 0.000007 0.000007 0.000276 0.004175 0.000007 0.007403 0.000679 0.000141 0.000007 0.000141
 0.967464 0.000007 0.000276 0.001486 0.000007 0.017891 0.000007 0.000007 0.000007 0.000007 0.000007 0.000007 0.000276 0.004175 0.000007 0.007403 0.000679 0.000141 0.000007 0.000141
 0.967464 0.000007 0.000276 0.001486 0.000007 0.017891 0.000007 0.000007 0.000007 0.000007 0.000007 0.000007 0.000276 0.004175 0.000007 0.007403 0.000679 0.000141 0.000007 0.000141

MOTIF 2-GAG STREME-2
letter-probability matrix: alength= 20 w= 3 nsites= 38 S= 7.6e-008
 0.004646 0.000001 0.000022 0.000118 0.000001 0.994188 0.000001 0.000001 0.000001 0.000001 0.000001 0.000001 0.000022 0.000332 0.000001 0.000589 0.000054 0.000011 0.000001 0.000011
 0.483267 0.000001 0.000022 0.000118 0.000001 0.001424 0.000001 0.000001 0.000001 0.000001 0.000001 0.000001 0.000022 0.412512 0.000001 0.000589 0.102018 0.000011 0.000001 0.000011
 0.004646 0.000001 0.000022 0.000118 0.000001 0.994188 0.000001 0.000001 0.000001 0.000001 0.000001 0.000001 0.000022 0.000332 0.000001 0.000589 0.000054 0.000011 0.000001 0.000011

MOTIF 3-AAAAEAAAA STREME-3
letter-probability matrix: alength= 20 w= 9 nsites= 4 S= 5.8e-002
 0.967464 0.000007 0.000276 0.001486 0.000007 0.017891 0.000007 0.000007 0.000007 0.000007 0.000007 0.000007 0.000276 0.004175 0.000007 0.007403 0.000679 0.000141 0.000007 0.000141
 0.967464 0.000007 0.000276 0.001486 0.000007 0.017891 0.000007 0.000007 0.000007 0.000007 0.000007 0.000007 0.000276 0.004175 0.000007 0.007403 0.000679 0.000141 0.000007 0.000141
 0.967464 0.000007 0.000276 0.001486 0.000007 0.017891 0.000007 0.000007 0.000007 0.000007 0.000007 0.000007 0.000276 0.004175 0.000007 0.007403 0.000679 0.000141 0.000007 0.000141
 0.967464 0.000007 0.000276 0.001486 0.000007 0.017891 0.000007 0.000007 0.000007 0.000007 0.000007 0.000007 0.000276 0.004175 0.000007 0.007403 0.000679 0.000141 0.000007 0.000141
 0.058373 0.000007 0.000276 0.910577 0.000007 0.017891 0.000007 0.000007 0.000007 0.000007 0.000007 0.000007 0.000276 0.004175 0.000007 0.007403 0.000679 0.000141 0.000007 0.000141
 0.967464 0.000007 0.000276 0.001486 0.000007 0.017891 0.000007 0.000007 0.000007 0.000007 0.000007 0.000007 0.000276 0.004175 0.000007 0.007403 0.000679 0.000141 0.000007 0.000141
 0.967464 0.000007 0.000276 0.001486 0.000007 0.017891 0.000007 0.000007 0.000007 0.000007 0.000007 0.000007 0.000276 0.004175 0.000007 0.007403 0.000679 0.000141 0.000007 0.000141
 0.967464 0.000007 0.000276 0.001486 0.000007 0.017891 0.000007 0.000007 0.000007 0.000007 0.000007 0.000007 0.000276 0.004175 0.000007 0.007403 0.000679 0.000141 0.000007 0.000141
 0.967464 0.000007 0.000276 0.001486 0.000007 0.017891 0.000007 0.000007 0.000007 0.000007 0.000007 0.000007 0.000276 0.004175 0.000007 0.007403 0.000679 0.000141 0.000007 0.000141

MOTIF 4-GGAE STREME-4
letter-probability matrix: alength= 20 w= 4 nsites= 2 S= 2.5e-001
 0.058373 0.000007 0.000276 0.001486 0.000007 0.926982 0.000007 0.000007 0.000007 0.000007 0.000007 0.000007 0.000276 0.004175 0.000007 0.007403 0.000679 0.000141 0.000007 0.000141
 0.058373 0.000007 0.000276 0.001486 0.000007 0.926982 0.000007 0.000007 0.000007 0.000007 0.000007 0.000007 0.000276 0.004175 0.000007 0.007403 0.000679 0.000141 0.000007 0.000141
 0.967464 0.000007 0.000276 0.001486 0.000007 0.017891 0.000007 0.000007 0.000007 0.000007 0.000007 0.000007 0.000276 0.004175 0.000007 0.007403 0.000679 0.000141 0.000007 0.000141
 0.058373 0.000007 0.000276 0.910577 0.000007 0.017891 0.000007 0.000007 0.000007 0.000007 0.000007 0.000007 0.000276 0.004175 0.000007 0.007403 0.000679 0.000141 0.000007 0.000141

MOTIF 5-SGA STREME-5
letter-probability matrix: alength= 20 w= 3 nsites= 5 S= 5.0e-001
 0.058373 0.000007 0.000276 0.001486 0.000007 0.017891 0.000007 0.000007 0.000007 0.000007 0.000007 0.000007 0.000276 0.004175 0.000007 0.916494 0.000679 0.000141 0.000007 0.000141
 0.058373 0.000007 0.000276 0.001486 0.000007 0.926982 0.000007 0.000007 0.000007 0.000007 0.000007 0.000007 0.000276 0.004175 0.000007 0.007403 0.000679 0.000141 0.000007 0.000141
 0.967464 0.000007 0.000276 0.001486 0.000007 0.017891 0.000007 0.000007 0.000007 0.000007 0.000007 0.000007 0.000276 0.004175 0.000007 0.007403 0.000679 0.000141 0.000007 0.000141

********************************************************************************
Stopped because maximum number of motifs (5) reached.
********************************************************************************
COMMAND:	streme --protein --p ./Data/v1_cluster_windows_15mers/cluster_13725.fasta --minw 3 --maxw 15 --thresh 0.05 --oc ./Results/v1_Top500_Run_20250504_162200/streme_out_cluster_13725
********************************************************************************
CPU:		Hirokis-MacBook-Air.local
********************************************************************************
FINALTIME:	0.16 seconds
********************************************************************************
