********************************************************************************
STREME - Sensitive, Thorough, Rapid, Enriched Motif Elicitation
********************************************************************************
MEME version 5.5.7 (Release date: Wed Jun 19 13:59:04 2024 -0700)

For further information on how to interpret these results please access https://meme-suite.org/meme.
To get a copy of the MEME Suite software please access https://meme-suite.org.

********************************************************************************


********************************************************************************
REFERENCE
********************************************************************************
If you use this program in your research, please cite:

Timothy L. Bailey,
"STREME: accurate and versatile sequence motif discovery",
Bioinformatics, Mar. 24, 2021.
********************************************************************************


ALPHABET= ACDEFGHIKLMNPQRSTVWY

strands: +

Background letter frequencies
A 0.142 C 4.44e-05 D 4.44e-05 E 4.44e-05 F 4.44e-05 G 0.0667 H 4.44e-05 I 0.00449 K 4.44e-05 L 0.0667 M 4.44e-05 N 0.00182 P 4.44e-05 Q 0.00182 R 0.132 S 0.433 T 0.0267 V 0.124 W 4.44e-05 Y 4.44e-05 

MOTIF 1-VSRLSSGAASSRVSS STREME-1
letter-probability matrix: alength= 20 w= 15 nsites= 75 E= 2.9e-004
 0.012919 0.000004 0.000004 0.000004 0.000004 0.006059 0.000004 0.000408 0.000004 0.006059 0.000004 0.000166 0.000004 0.000166 0.011955 0.039402 0.002426 0.920400 0.000004 0.000004
 0.012919 0.000004 0.000004 0.000004 0.000004 0.006059 0.000004 0.000408 0.000004 0.006059 0.000004 0.000166 0.000004 0.000166 0.011955 0.948492 0.002426 0.011310 0.000004 0.000004
 0.012919 0.000004 0.000004 0.000004 0.000004 0.006059 0.000004 0.000408 0.000004 0.006059 0.000004 0.000166 0.000004 0.000166 0.921046 0.039402 0.002426 0.011310 0.000004 0.000004
 0.012919 0.000004 0.000004 0.000004 0.000004 0.006059 0.000004 0.000408 0.000004 0.915150 0.000004 0.000166 0.000004 0.000166 0.011955 0.039402 0.002426 0.011310 0.000004 0.000004
 0.012919 0.000004 0.000004 0.000004 0.000004 0.006059 0.000004 0.000408 0.000004 0.006059 0.000004 0.000166 0.000004 0.000166 0.011955 0.948492 0.002426 0.011310 0.000004 0.000004
 0.012919 0.000004 0.000004 0.000004 0.000004 0.006059 0.000004 0.000408 0.000004 0.006059 0.000004 0.000166 0.000004 0.000166 0.011955 0.948492 0.002426 0.011310 0.000004 0.000004
 0.012919 0.000004 0.000004 0.000004 0.000004 0.915150 0.000004 0.000408 0.000004 0.006059 0.000004 0.000166 0.000004 0.000166 0.011955 0.039402 0.002426 0.011310 0.000004 0.000004
 0.922010 0.000004 0.000004 0.000004 0.000004 0.006059 0.000004 0.000408 0.000004 0.006059 0.000004 0.000166 0.000004 0.000166 0.011955 0.039402 0.002426 0.011310 0.000004 0.000004
 0.922010 0.000004 0.000004 0.000004 0.000004 0.006059 0.000004 0.000408 0.000004 0.006059 0.000004 0.000166 0.000004 0.000166 0.011955 0.039402 0.002426 0.011310 0.000004 0.000004
 0.012919 0.000004 0.000004 0.000004 0.000004 0.006059 0.000004 0.000408 0.000004 0.006059 0.000004 0.000166 0.000004 0.000166 0.011955 0.948492 0.002426 0.011310 0.000004 0.000004
 0.012919 0.000004 0.000004 0.000004 0.000004 0.006059 0.000004 0.000408 0.000004 0.006059 0.000004 0.000166 0.000004 0.000166 0.011955 0.948492 0.002426 0.011310 0.000004 0.000004
 0.012919 0.000004 0.000004 0.000004 0.000004 0.006059 0.000004 0.000408 0.000004 0.006059 0.000004 0.000166 0.000004 0.000166 0.921046 0.039402 0.002426 0.011310 0.000004 0.000004
 0.012919 0.000004 0.000004 0.000004 0.000004 0.006059 0.000004 0.000408 0.000004 0.006059 0.000004 0.000166 0.000004 0.000166 0.011955 0.039402 0.002426 0.920400 0.000004 0.000004
 0.012919 0.000004 0.000004 0.000004 0.000004 0.006059 0.000004 0.000408 0.000004 0.006059 0.000004 0.000166 0.000004 0.000166 0.011955 0.948492 0.002426 0.011310 0.000004 0.000004
 0.012919 0.000004 0.000004 0.000004 0.000004 0.006059 0.000004 0.000408 0.000004 0.006059 0.000004 0.000166 0.000004 0.000166 0.011955 0.948492 0.002426 0.011310 0.000004 0.000004

********************************************************************************
Stopped because the next motif had no positive sites with scores > 0.
********************************************************************************
COMMAND:	streme --protein --p ./Data/v1_cluster_windows_15mers/cluster_17810.fasta --minw 3 --maxw 15 --thresh 0.05 --oc ./Results/v1_Top500_Run_20250504_162200/streme_out_cluster_17810
********************************************************************************
CPU:		Hirokis-MacBook-Air.local
********************************************************************************
FINALTIME:	0.15 seconds
********************************************************************************
