********************************************************************************
STREME - Sensitive, Thorough, Rapid, Enriched Motif Elicitation
********************************************************************************
MEME version 5.5.7 (Release date: Wed Jun 19 13:59:04 2024 -0700)

For further information on how to interpret these results please access https://meme-suite.org/meme.
To get a copy of the MEME Suite software please access https://meme-suite.org.

********************************************************************************


********************************************************************************
REFERENCE
********************************************************************************
If you use this program in your research, please cite:

Timothy L. Bailey,
"STREME: accurate and versatile sequence motif discovery",
Bioinformatics, Mar. 24, 2021.
********************************************************************************


ALPHABET= ACDEFGHIKLMNPQRSTVWY

strands: +

Background letter frequencies
A 0.147 C 7.74e-05 D 0.0171 E 7.74e-05 F 7.74e-05 G 0.118 H 7.74e-05 I 0.0775 K 7.74e-05 L 0.0109 M 0.00163 N 0.138 P 0.0899 Q 0.0635 R 0.00163 S 0.186 T 0.0341 V 0.0635 W 7.74e-05 Y 0.0512 

MOTIF 1-NPAAA STREME-1
letter-probability matrix: alength= 20 w= 5 nsites= 43 S= 1.5e-022
 0.000608 0.000000 0.000071 0.000000 0.000000 0.000486 0.000000 0.000320 0.000000 0.000045 0.000007 0.996437 0.000371 0.000263 0.000007 0.000768 0.000141 0.000263 0.000000 0.000211
 0.000608 0.000000 0.000071 0.000000 0.000000 0.000486 0.000000 0.000320 0.000000 0.000045 0.000007 0.000570 0.996239 0.000263 0.000007 0.000768 0.000141 0.000263 0.000000 0.000211
 0.297991 0.000000 0.000071 0.000000 0.000000 0.145199 0.000000 0.000320 0.000000 0.000045 0.000007 0.146803 0.000371 0.028908 0.000007 0.264590 0.057921 0.028908 0.000000 0.028857
 0.881893 0.000000 0.028716 0.000000 0.000000 0.029132 0.000000 0.000320 0.000000 0.000045 0.000007 0.000570 0.000371 0.000263 0.000007 0.029413 0.028787 0.000263 0.000000 0.000211
 0.618071 0.000000 0.000071 0.000000 0.000000 0.000486 0.000000 0.000320 0.000000 0.028691 0.000007 0.000570 0.000371 0.000263 0.000007 0.175647 0.028787 0.146496 0.000000 0.000211

MOTIF 2-SANIGYI STREME-2
letter-probability matrix: alength= 20 w= 7 nsites= 32 S= 1.4e-014
 0.000672 0.000000 0.000078 0.000000 0.000000 0.000537 0.000000 0.000354 0.000000 0.000050 0.000007 0.000629 0.000410 0.000290 0.000007 0.996283 0.000156 0.000290 0.000000 0.000234
 0.581472 0.000000 0.000078 0.000000 0.000000 0.032180 0.000000 0.000354 0.000000 0.000050 0.000007 0.000629 0.000410 0.000290 0.000007 0.383840 0.000156 0.000290 0.000000 0.000234
 0.000672 0.000000 0.000078 0.000000 0.000000 0.000537 0.000000 0.000354 0.000000 0.000050 0.000007 0.549787 0.000410 0.193426 0.000007 0.190704 0.063441 0.000290 0.000000 0.000234
 0.000672 0.000000 0.000078 0.000000 0.000000 0.000537 0.000000 0.639207 0.000000 0.031692 0.000007 0.000629 0.000410 0.000290 0.000007 0.000848 0.000156 0.325229 0.000000 0.000234
 0.000672 0.000000 0.000078 0.000000 0.000000 0.964330 0.000000 0.000354 0.000000 0.000050 0.000007 0.000629 0.000410 0.000290 0.000007 0.032491 0.000156 0.000290 0.000000 0.000234
 0.000672 0.000000 0.063363 0.000000 0.000000 0.000537 0.000000 0.031996 0.000000 0.000050 0.000007 0.160483 0.032053 0.127401 0.000007 0.129059 0.000156 0.000290 0.000000 0.453923
 0.000672 0.000000 0.000078 0.000000 0.000000 0.000537 0.000000 0.517329 0.000000 0.000050 0.000007 0.000629 0.000410 0.000290 0.000007 0.000848 0.000156 0.478750 0.000000 0.000234

MOTIF 3-QIYPPNG STREME-3
letter-probability matrix: alength= 20 w= 7 nsites= 9 S= 1.2e-003
 0.002282 0.000001 0.000265 0.000001 0.000001 0.001826 0.000001 0.001202 0.000001 0.000169 0.000025 0.002138 0.001394 0.985475 0.000025 0.002882 0.000529 0.000986 0.000001 0.000794
 0.002282 0.000001 0.000265 0.000001 0.000001 0.001826 0.000001 0.878176 0.000001 0.000169 0.000025 0.002138 0.001394 0.000986 0.000025 0.002882 0.108044 0.000986 0.000001 0.000794
 0.002282 0.000001 0.000265 0.000001 0.000001 0.001826 0.000001 0.001202 0.000001 0.000169 0.000025 0.330255 0.001394 0.000986 0.000025 0.002882 0.000529 0.000986 0.000001 0.657165
 0.002282 0.000001 0.000265 0.000001 0.000001 0.001826 0.000001 0.001202 0.000001 0.107684 0.000025 0.002138 0.442736 0.000986 0.000025 0.002882 0.108044 0.000986 0.000001 0.328911
 0.002282 0.000001 0.000265 0.000001 0.000001 0.001826 0.000001 0.001202 0.000001 0.000169 0.000025 0.002138 0.985883 0.000986 0.000025 0.002882 0.000529 0.000986 0.000001 0.000794
 0.002282 0.000001 0.000265 0.000001 0.000001 0.109341 0.000001 0.001202 0.000001 0.000169 0.000025 0.443480 0.001394 0.000986 0.000025 0.438514 0.000529 0.000986 0.000001 0.000794
 0.002282 0.000001 0.000265 0.000001 0.000001 0.986315 0.000001 0.001202 0.000001 0.000169 0.000025 0.002138 0.001394 0.000986 0.000025 0.002882 0.000529 0.000986 0.000001 0.000794

MOTIF 4-SSQY STREME-4
letter-probability matrix: alength= 20 w= 4 nsites= 9 S= 1.2e-003
 0.002943 0.000002 0.000342 0.000002 0.000002 0.002354 0.000002 0.001550 0.000002 0.000218 0.000033 0.002757 0.001798 0.001271 0.000033 0.983716 0.000683 0.001271 0.000002 0.001023
 0.002943 0.000002 0.000342 0.000002 0.000002 0.002354 0.000002 0.001550 0.000002 0.000218 0.000033 0.002757 0.001798 0.001271 0.000033 0.983716 0.000683 0.001271 0.000002 0.001023
 0.002943 0.000002 0.138977 0.000002 0.000002 0.002354 0.000002 0.001550 0.000002 0.000218 0.000033 0.002757 0.001798 0.842635 0.000033 0.003717 0.000683 0.001271 0.000002 0.001023
 0.282580 0.000002 0.000342 0.000002 0.000002 0.002354 0.000002 0.001550 0.000002 0.000218 0.000033 0.002757 0.001798 0.001271 0.000033 0.142352 0.000683 0.001271 0.000002 0.562750

MOTIF 5-GQT STREME-5
letter-probability matrix: alength= 20 w= 3 nsites= 6 S= 1.3e-002
 0.013375 0.000007 0.001556 0.000007 0.000007 0.919793 0.000007 0.007045 0.000007 0.000992 0.000148 0.012529 0.008170 0.005777 0.000148 0.016894 0.003103 0.005777 0.000007 0.004652
 0.013375 0.000007 0.001556 0.000007 0.000007 0.010702 0.000007 0.007045 0.000007 0.000992 0.000148 0.012529 0.008170 0.914868 0.000148 0.016894 0.003103 0.005777 0.000007 0.004652
 0.013375 0.000007 0.001556 0.000007 0.000007 0.010702 0.000007 0.007045 0.000007 0.000992 0.000148 0.012529 0.008170 0.005777 0.000148 0.016894 0.912194 0.005777 0.000007 0.004652

********************************************************************************
Stopped because maximum number of motifs (5) reached.
********************************************************************************
COMMAND:	streme --protein --p ./Data/v1_cluster_windows_15mers/cluster_1563.fasta --minw 3 --maxw 15 --thresh 0.05 --oc ./Results/v1_Top500_Run_20250504_162200/streme_out_cluster_1563
********************************************************************************
CPU:		Hirokis-MacBook-Air.local
********************************************************************************
FINALTIME:	0.28 seconds
********************************************************************************
