********************************************************************************
STREME - Sensitive, Thorough, Rapid, Enriched Motif Elicitation
********************************************************************************
MEME version 5.5.7 (Release date: Wed Jun 19 13:59:04 2024 -0700)

For further information on how to interpret these results please access https://meme-suite.org/meme.
To get a copy of the MEME Suite software please access https://meme-suite.org.

********************************************************************************


********************************************************************************
REFERENCE
********************************************************************************
If you use this program in your research, please cite:

Timothy L. Bailey,
"STREME: accurate and versatile sequence motif discovery",
Bioinformatics, Mar. 24, 2021.
********************************************************************************


ALPHABET= ACDEFGHIKLMNPQRSTVWY

strands: +

Background letter frequencies
A 0.108 C 3.43e-05 D 0.105 E 0.00553 F 0.00484 G 0.466 H 0.000721 I 3.43e-05 K 0.00278 L 0.0117 M 3.43e-05 N 0.0268 P 0.00141 Q 0.0296 R 0.0158 S 0.126 T 0.000721 V 0.000721 W 3.43e-05 Y 0.0934 

MOTIF 1-GSGGDGYG STREME-1
letter-probability matrix: alength= 20 w= 8 nsites= 96 E= 8.2e-005
 0.000184 0.000000 0.000179 0.000009 0.000008 0.999092 0.000001 0.000000 0.000005 0.000020 0.000000 0.000046 0.000002 0.000050 0.000027 0.000215 0.000001 0.000001 0.000000 0.000159
 0.000184 0.000000 0.000179 0.023607 0.000008 0.000794 0.000001 0.000000 0.000005 0.023716 0.000000 0.000046 0.000002 0.275725 0.000027 0.675545 0.000001 0.000001 0.000000 0.000159
 0.000184 0.000000 0.000179 0.000009 0.000008 0.987293 0.000001 0.000000 0.000005 0.000020 0.000000 0.000046 0.000002 0.000050 0.000027 0.012014 0.000001 0.000001 0.000000 0.000159
 0.000184 0.000000 0.047967 0.000009 0.000008 0.951303 0.000001 0.000000 0.000005 0.000020 0.000000 0.000046 0.000002 0.000050 0.000027 0.000215 0.000001 0.000001 0.000000 0.000159
 0.000184 0.000000 0.758297 0.000009 0.000008 0.048582 0.011800 0.000000 0.000005 0.000020 0.000000 0.180638 0.000002 0.000050 0.000027 0.000215 0.000001 0.000001 0.000000 0.000159
 0.000184 0.000000 0.000179 0.011808 0.000008 0.987293 0.000001 0.000000 0.000005 0.000020 0.000000 0.000046 0.000002 0.000050 0.000027 0.000215 0.000001 0.000001 0.000000 0.000159
 0.000184 0.000000 0.000179 0.000009 0.011807 0.072581 0.000001 0.000000 0.000005 0.000020 0.000000 0.000046 0.000002 0.000050 0.000027 0.262633 0.000001 0.000001 0.000000 0.652454
 0.000184 0.000000 0.144469 0.000009 0.000008 0.794814 0.000001 0.000000 0.000005 0.000020 0.000000 0.000046 0.000002 0.000050 0.000027 0.000215 0.000001 0.000001 0.000000 0.060147

MOTIF 2-AASD STREME-2
letter-probability matrix: alength= 20 w= 4 nsites= 57 E= 4.1e-001
 0.979436 0.000000 0.000276 0.000015 0.000013 0.001226 0.000002 0.000000 0.000007 0.000031 0.000000 0.000070 0.000004 0.000078 0.000042 0.018551 0.000002 0.000002 0.000000 0.000246
 0.686471 0.000000 0.000276 0.000015 0.000013 0.001226 0.000002 0.000000 0.000007 0.000031 0.000000 0.000070 0.000004 0.000078 0.000042 0.311517 0.000002 0.000002 0.000000 0.000246
 0.000284 0.000000 0.000276 0.000015 0.000013 0.001226 0.000002 0.000000 0.000007 0.000031 0.000000 0.000070 0.000004 0.000078 0.000042 0.997704 0.000002 0.000002 0.000000 0.000246
 0.000284 0.000000 0.579076 0.036603 0.000013 0.252419 0.000002 0.000000 0.000007 0.000031 0.000000 0.130860 0.000004 0.000078 0.000042 0.000332 0.000002 0.000002 0.000000 0.000246

MOTIF 3-RGY STREME-3
letter-probability matrix: alength= 20 w= 3 nsites= 18 E= 4.0e+000
 0.009809 0.000003 0.009554 0.000503 0.000440 0.042399 0.000066 0.000003 0.000253 0.001065 0.000003 0.002438 0.000128 0.002688 0.910530 0.011491 0.000066 0.000066 0.000003 0.008494
 0.009809 0.000003 0.009554 0.000503 0.000440 0.951490 0.000066 0.000003 0.000253 0.001065 0.000003 0.002438 0.000128 0.002688 0.001439 0.011491 0.000066 0.000066 0.000003 0.008494
 0.009809 0.000003 0.009554 0.000503 0.000440 0.042399 0.000066 0.000003 0.000253 0.001065 0.000003 0.002438 0.000128 0.002688 0.001439 0.011491 0.000066 0.000066 0.000003 0.917585

MOTIF 4-AAAY STREME-4
letter-probability matrix: alength= 20 w= 4 nsites= 12 E= 4.0e+000
 0.918900 0.000003 0.009554 0.000503 0.000440 0.042399 0.000066 0.000003 0.000253 0.001065 0.000003 0.002438 0.000128 0.002688 0.001439 0.011491 0.000066 0.000066 0.000003 0.008494
 0.918900 0.000003 0.009554 0.000503 0.000440 0.042399 0.000066 0.000003 0.000253 0.001065 0.000003 0.002438 0.000128 0.002688 0.001439 0.011491 0.000066 0.000066 0.000003 0.008494
 0.918900 0.000003 0.009554 0.000503 0.000440 0.042399 0.000066 0.000003 0.000253 0.001065 0.000003 0.002438 0.000128 0.002688 0.001439 0.011491 0.000066 0.000066 0.000003 0.008494
 0.009809 0.000003 0.009554 0.000503 0.000440 0.042399 0.000066 0.000003 0.000253 0.001065 0.000003 0.002438 0.000128 0.002688 0.001439 0.011491 0.000066 0.000066 0.000003 0.917585

********************************************************************************
Stopped because 3 consecutive motifs exceeded the p-value threshold (0.05).
********************************************************************************
COMMAND:	streme --protein --p ./Data/v1_cluster_windows_15mers/cluster_11883.fasta --minw 3 --maxw 15 --thresh 0.05 --oc ./Results/v1_Top500_Run_20250504_162200/streme_out_cluster_11883
********************************************************************************
CPU:		Hirokis-MacBook-Air.local
********************************************************************************
FINALTIME:	0.26 seconds
********************************************************************************
