********************************************************************************
STREME - Sensitive, Thorough, Rapid, Enriched Motif Elicitation
********************************************************************************
MEME version 5.5.7 (Release date: Wed Jun 19 13:59:04 2024 -0700)

For further information on how to interpret these results please access https://meme-suite.org/meme.
To get a copy of the MEME Suite software please access https://meme-suite.org.

********************************************************************************


********************************************************************************
REFERENCE
********************************************************************************
If you use this program in your research, please cite:

Timothy L. Bailey,
"STREME: accurate and versatile sequence motif discovery",
Bioinformatics, Mar. 24, 2021.
********************************************************************************


ALPHABET= ACDEFGHIKLMNPQRSTVWY

strands: +

Background letter frequencies
A 0.213 C 5.04e-05 D 5.04e-05 E 0.00106 F 0.00106 G 0.197 H 5.04e-05 I 0.00308 K 5.04e-05 L 0.00308 M 5.04e-05 N 0.00106 P 0.192 Q 0.00812 R 5.04e-05 S 0.306 T 0.00409 V 0.00409 W 5.04e-05 Y 0.0666 

MOTIF 1-PGAYGPSP STREME-1
letter-probability matrix: alength= 20 w= 8 nsites= 66 E= 5.4e-003
 0.029907 0.000000 0.000000 0.000002 0.000002 0.029873 0.000000 0.000007 0.000000 0.014646 0.000000 0.014642 0.835074 0.000017 0.000000 0.075672 0.000009 0.000009 0.000000 0.000141
 0.029907 0.000000 0.000000 0.000002 0.000002 0.924750 0.000000 0.000007 0.000000 0.000007 0.000000 0.000002 0.000405 0.000017 0.000000 0.044742 0.000009 0.000009 0.000000 0.000141
 0.733038 0.000000 0.000000 0.000002 0.000002 0.088969 0.000000 0.000007 0.000000 0.000007 0.000000 0.000002 0.029862 0.014657 0.000000 0.104017 0.014648 0.014648 0.000000 0.000141
 0.000450 0.000000 0.000000 0.000002 0.000002 0.000416 0.000000 0.000007 0.000000 0.000007 0.000000 0.000002 0.000405 0.000017 0.000000 0.000646 0.000009 0.000009 0.000000 0.998029
 0.000450 0.000000 0.000000 0.014642 0.000002 0.983664 0.000000 0.000007 0.000000 0.000007 0.000000 0.000002 0.000405 0.000017 0.000000 0.000646 0.000009 0.000009 0.000000 0.000141
 0.000450 0.000000 0.000000 0.000002 0.000002 0.000416 0.000000 0.000007 0.000000 0.000007 0.000000 0.000002 0.998293 0.000017 0.000000 0.000646 0.000009 0.000009 0.000000 0.000141
 0.000450 0.000000 0.000000 0.000002 0.000002 0.000416 0.000000 0.000007 0.000000 0.000007 0.000000 0.000002 0.000405 0.000017 0.000000 0.983894 0.014648 0.000009 0.000000 0.000141
 0.000450 0.000000 0.000000 0.000002 0.000002 0.000416 0.000000 0.000007 0.000000 0.000007 0.000000 0.000002 0.968836 0.000017 0.000000 0.030103 0.000009 0.000009 0.000000 0.000141

MOTIF 2-SASAS STREME-2
letter-probability matrix: alength= 20 w= 5 nsites= 60 E= 3.8e-002
 0.271595 0.000000 0.000000 0.000002 0.000002 0.000436 0.000000 0.000007 0.000000 0.000007 0.000000 0.000002 0.000425 0.000018 0.000000 0.711989 0.000009 0.015359 0.000000 0.000148
 0.982907 0.000000 0.000000 0.000002 0.000002 0.000436 0.000000 0.000007 0.000000 0.000007 0.000000 0.000002 0.000425 0.000018 0.000000 0.016027 0.000009 0.000009 0.000000 0.000148
 0.063012 0.000000 0.000000 0.000002 0.000002 0.000436 0.000000 0.000007 0.000000 0.000007 0.000000 0.000002 0.000425 0.000018 0.000000 0.920572 0.015359 0.000009 0.000000 0.000148
 0.998257 0.000000 0.000000 0.000002 0.000002 0.000436 0.000000 0.000007 0.000000 0.000007 0.000000 0.000002 0.000425 0.000018 0.000000 0.000677 0.000009 0.000009 0.000000 0.000148
 0.000472 0.000000 0.000000 0.000002 0.000002 0.000436 0.000000 0.000007 0.000000 0.000007 0.000000 0.000002 0.000425 0.000018 0.000000 0.998463 0.000009 0.000009 0.000000 0.000148

MOTIF 3-ASSAA STREME-3
letter-probability matrix: alength= 20 w= 5 nsites= 2 E= 5.0e+000
 0.928454 0.000005 0.000005 0.000096 0.000096 0.017890 0.000005 0.000280 0.000005 0.000280 0.000005 0.000096 0.017436 0.000738 0.000005 0.027799 0.000372 0.000372 0.000005 0.006059
 0.019363 0.000005 0.000005 0.000096 0.000096 0.017890 0.000005 0.000280 0.000005 0.000280 0.000005 0.000096 0.017436 0.000738 0.000005 0.936890 0.000372 0.000372 0.000005 0.006059
 0.019363 0.000005 0.000005 0.000096 0.000096 0.017890 0.000005 0.000280 0.000005 0.000280 0.000005 0.000096 0.017436 0.000738 0.000005 0.936890 0.000372 0.000372 0.000005 0.006059
 0.928454 0.000005 0.000005 0.000096 0.000096 0.017890 0.000005 0.000280 0.000005 0.000280 0.000005 0.000096 0.017436 0.000738 0.000005 0.027799 0.000372 0.000372 0.000005 0.006059
 0.928454 0.000005 0.000005 0.000096 0.000096 0.017890 0.000005 0.000280 0.000005 0.000280 0.000005 0.000096 0.017436 0.000738 0.000005 0.027799 0.000372 0.000372 0.000005 0.006059

MOTIF 4-SQGPVA STREME-4
letter-probability matrix: alength= 20 w= 6 nsites= 2 E= 5.0e+000
 0.019363 0.000005 0.000005 0.000096 0.000096 0.017890 0.000005 0.000280 0.000005 0.000280 0.000005 0.000096 0.017436 0.000738 0.000005 0.936890 0.000372 0.000372 0.000005 0.006059
 0.019363 0.000005 0.000005 0.000096 0.000096 0.017890 0.000005 0.000280 0.000005 0.000280 0.000005 0.000096 0.017436 0.909829 0.000005 0.027799 0.000372 0.000372 0.000005 0.006059
 0.019363 0.000005 0.000005 0.000096 0.000096 0.926981 0.000005 0.000280 0.000005 0.000280 0.000005 0.000096 0.017436 0.000738 0.000005 0.027799 0.000372 0.000372 0.000005 0.006059
 0.019363 0.000005 0.000005 0.000096 0.000096 0.017890 0.000005 0.000280 0.000005 0.000280 0.000005 0.000096 0.926527 0.000738 0.000005 0.027799 0.000372 0.000372 0.000005 0.006059
 0.019363 0.000005 0.000005 0.000096 0.000096 0.017890 0.000005 0.000280 0.000005 0.000280 0.000005 0.000096 0.017436 0.000738 0.000005 0.027799 0.000372 0.909462 0.000005 0.006059
 0.928454 0.000005 0.000005 0.000096 0.000096 0.017890 0.000005 0.000280 0.000005 0.000280 0.000005 0.000096 0.017436 0.000738 0.000005 0.027799 0.000372 0.000372 0.000005 0.006059

MOTIF 5-ASTGA STREME-5
letter-probability matrix: alength= 20 w= 5 nsites= 1 E= 5.0e+000
 0.900774 0.000006 0.000006 0.000134 0.000134 0.024812 0.000006 0.000388 0.000006 0.000388 0.000006 0.000134 0.024181 0.001024 0.000006 0.038554 0.000515 0.000515 0.000006 0.008403
 0.026854 0.000006 0.000006 0.000134 0.000134 0.024812 0.000006 0.000388 0.000006 0.000388 0.000006 0.000134 0.024181 0.001024 0.000006 0.912474 0.000515 0.000515 0.000006 0.008403
 0.026854 0.000006 0.000006 0.000134 0.000134 0.024812 0.000006 0.000388 0.000006 0.000388 0.000006 0.000134 0.024181 0.001024 0.000006 0.038554 0.874435 0.000515 0.000006 0.008403
 0.026854 0.000006 0.000006 0.000134 0.000134 0.898732 0.000006 0.000388 0.000006 0.000388 0.000006 0.000134 0.024181 0.001024 0.000006 0.038554 0.000515 0.000515 0.000006 0.008403
 0.900774 0.000006 0.000006 0.000134 0.000134 0.024812 0.000006 0.000388 0.000006 0.000388 0.000006 0.000134 0.024181 0.001024 0.000006 0.038554 0.000515 0.000515 0.000006 0.008403

********************************************************************************
Stopped because 3 consecutive motifs exceeded the p-value threshold (0.05).
********************************************************************************
COMMAND:	streme --protein --p ./Data/v1_cluster_windows_15mers/cluster_12180.fasta --minw 3 --maxw 15 --thresh 0.05 --oc ./Results/v1_Top500_Run_20250504_162200/streme_out_cluster_12180
********************************************************************************
CPU:		Hirokis-MacBook-Air.local
********************************************************************************
FINALTIME:	0.17 seconds
********************************************************************************
