********************************************************************************
STREME - Sensitive, Thorough, Rapid, Enriched Motif Elicitation
********************************************************************************
MEME version 5.5.7 (Release date: Wed Jun 19 13:59:04 2024 -0700)

For further information on how to interpret these results please access https://meme-suite.org/meme.
To get a copy of the MEME Suite software please access https://meme-suite.org.

********************************************************************************


********************************************************************************
REFERENCE
********************************************************************************
If you use this program in your research, please cite:

Timothy L. Bailey,
"STREME: accurate and versatile sequence motif discovery",
Bioinformatics, Mar. 24, 2021.
********************************************************************************


ALPHABET= ACDEFGHIKLMNPQRSTVWY

strands: +

Background letter frequencies
A 0.135 C 3.51e-05 D 3.51e-05 E 3.51e-05 F 0.0106 G 0.14 H 3.51e-05 I 0.0477 K 3.51e-05 L 0.0996 M 3.51e-05 N 0.0856 P 0.0681 Q 0.00214 R 0.0582 S 0.222 T 0.0197 V 0.111 W 3.51e-05 Y 3.51e-05 

MOTIF 1-ASRJASGGPVNVSSL STREME-1
letter-probability matrix: alength= 20 w= 15 nsites= 95 E= 2.1e-005
 0.938329 0.000000 0.000000 0.000000 0.000018 0.000242 0.000000 0.000083 0.000000 0.000173 0.000000 0.000149 0.000118 0.000004 0.000101 0.012420 0.000034 0.048329 0.000000 0.000000
 0.000235 0.000000 0.000000 0.000000 0.000018 0.000242 0.000000 0.000083 0.000000 0.000173 0.000000 0.012183 0.000118 0.000004 0.000101 0.986616 0.000034 0.000192 0.000000 0.000000
 0.048990 0.000000 0.000000 0.000000 0.000018 0.000242 0.000000 0.000083 0.000000 0.000173 0.000000 0.012183 0.000118 0.036208 0.817032 0.072692 0.012068 0.000192 0.000000 0.000000
 0.000235 0.000000 0.000000 0.000000 0.096494 0.000242 0.000000 0.476318 0.000000 0.425725 0.000000 0.000149 0.000118 0.000004 0.000101 0.000386 0.000034 0.000192 0.000000 0.000000
 0.501051 0.000000 0.000000 0.000000 0.000018 0.012276 0.000000 0.000083 0.000000 0.000173 0.000000 0.000149 0.000118 0.000004 0.000101 0.048522 0.000034 0.437470 0.000000 0.000000
 0.012269 0.000000 0.000000 0.000000 0.012052 0.000242 0.000000 0.000083 0.000000 0.000173 0.000000 0.000149 0.000118 0.000004 0.000101 0.974582 0.000034 0.000192 0.000000 0.000000
 0.000235 0.000000 0.000000 0.000000 0.000018 0.998506 0.000000 0.000083 0.000000 0.000173 0.000000 0.000149 0.000118 0.000004 0.000101 0.000386 0.000034 0.000192 0.000000 0.000000
 0.000235 0.000000 0.000000 0.000000 0.000018 0.998506 0.000000 0.000083 0.000000 0.000173 0.000000 0.000149 0.000118 0.000004 0.000101 0.000386 0.000034 0.000192 0.000000 0.000000
 0.000235 0.000000 0.000000 0.000000 0.000018 0.000242 0.000000 0.000083 0.000000 0.000173 0.000000 0.000149 0.998382 0.000004 0.000101 0.000386 0.000034 0.000192 0.000000 0.000000
 0.000235 0.000000 0.000000 0.000000 0.000018 0.000242 0.000000 0.255615 0.000000 0.072685 0.000000 0.000149 0.000118 0.000004 0.000101 0.000386 0.000034 0.670413 0.000000 0.000000
 0.000235 0.000000 0.000000 0.000000 0.000018 0.000242 0.000000 0.000083 0.000000 0.000173 0.000000 0.914072 0.000118 0.000004 0.000101 0.072692 0.012068 0.000192 0.000000 0.000000
 0.353174 0.000000 0.000000 0.000000 0.000018 0.012276 0.000000 0.000083 0.000000 0.000173 0.000000 0.000149 0.000118 0.000004 0.000101 0.060658 0.012068 0.561177 0.000000 0.000000
 0.208254 0.000000 0.000000 0.000000 0.000018 0.073065 0.000000 0.000083 0.000000 0.000173 0.000000 0.000149 0.024288 0.000004 0.000101 0.693638 0.000034 0.000192 0.000000 0.000000
 0.000235 0.000000 0.000000 0.000000 0.000018 0.000242 0.000000 0.000083 0.000000 0.000173 0.000000 0.350777 0.000118 0.000004 0.073870 0.378650 0.195637 0.000192 0.000000 0.000000
 0.000235 0.000000 0.000000 0.000000 0.000018 0.000242 0.000000 0.000083 0.000000 0.998437 0.000000 0.000149 0.000118 0.000004 0.000101 0.000386 0.000034 0.000192 0.000000 0.000000

********************************************************************************
Stopped because the next motif had no positive sites with scores > 0.
********************************************************************************
COMMAND:	streme --protein --p ./Data/v1_cluster_windows_15mers/cluster_1937.fasta --minw 3 --maxw 15 --thresh 0.05 --oc ./Results/v1_Top500_Run_20250504_162200/streme_out_cluster_1937
********************************************************************************
CPU:		Hirokis-MacBook-Air.local
********************************************************************************
FINALTIME:	0.18 seconds
********************************************************************************
