********************************************************************************
STREME - Sensitive, Thorough, Rapid, Enriched Motif Elicitation
********************************************************************************
MEME version 5.5.7 (Release date: Wed Jun 19 13:59:04 2024 -0700)

For further information on how to interpret these results please access https://meme-suite.org/meme.
To get a copy of the MEME Suite software please access https://meme-suite.org.

********************************************************************************


********************************************************************************
REFERENCE
********************************************************************************
If you use this program in your research, please cite:

Timothy L. Bailey,
"STREME: accurate and versatile sequence motif discovery",
Bioinformatics, Mar. 24, 2021.
********************************************************************************


ALPHABET= ACDEFGHIKLMNPQRSTVWY

strands: +

Background letter frequencies
A 0.523 C 0.00166 D 7.92e-05 E 7.92e-05 F 7.92e-05 G 0.327 H 7.92e-05 I 7.92e-05 K 7.92e-05 L 7.92e-05 M 7.92e-05 N 7.92e-05 P 7.92e-05 Q 7.92e-05 R 7.92e-05 S 0.133 T 0.008 V 0.00642 W 7.92e-05 Y 7.92e-05 

MOTIF 1-AGAGAASAAGAAAGS STREME-1
letter-probability matrix: alength= 20 w= 15 nsites= 42 S= 6.0e-025
 0.956646 0.000151 0.000007 0.000007 0.000007 0.029682 0.000007 0.000007 0.000007 0.000007 0.000007 0.000007 0.000007 0.000007 0.000007 0.012109 0.000728 0.000583 0.000007 0.000007
 0.047555 0.000151 0.000007 0.000007 0.000007 0.938773 0.000007 0.000007 0.000007 0.000007 0.000007 0.000007 0.000007 0.000007 0.000007 0.012109 0.000728 0.000583 0.000007 0.000007
 0.956646 0.000151 0.000007 0.000007 0.000007 0.029682 0.000007 0.000007 0.000007 0.000007 0.000007 0.000007 0.000007 0.000007 0.000007 0.012109 0.000728 0.000583 0.000007 0.000007
 0.047555 0.000151 0.000007 0.000007 0.000007 0.938773 0.000007 0.000007 0.000007 0.000007 0.000007 0.000007 0.000007 0.000007 0.000007 0.012109 0.000728 0.000583 0.000007 0.000007
 0.956646 0.000151 0.000007 0.000007 0.000007 0.029682 0.000007 0.000007 0.000007 0.000007 0.000007 0.000007 0.000007 0.000007 0.000007 0.012109 0.000728 0.000583 0.000007 0.000007
 0.956646 0.000151 0.000007 0.000007 0.000007 0.029682 0.000007 0.000007 0.000007 0.000007 0.000007 0.000007 0.000007 0.000007 0.000007 0.012109 0.000728 0.000583 0.000007 0.000007
 0.047555 0.000151 0.000007 0.000007 0.000007 0.029682 0.000007 0.000007 0.000007 0.000007 0.000007 0.000007 0.000007 0.000007 0.000007 0.921200 0.000728 0.000583 0.000007 0.000007
 0.956646 0.000151 0.000007 0.000007 0.000007 0.029682 0.000007 0.000007 0.000007 0.000007 0.000007 0.000007 0.000007 0.000007 0.000007 0.012109 0.000728 0.000583 0.000007 0.000007
 0.956646 0.000151 0.000007 0.000007 0.000007 0.029682 0.000007 0.000007 0.000007 0.000007 0.000007 0.000007 0.000007 0.000007 0.000007 0.012109 0.000728 0.000583 0.000007 0.000007
 0.047555 0.000151 0.000007 0.000007 0.000007 0.938773 0.000007 0.000007 0.000007 0.000007 0.000007 0.000007 0.000007 0.000007 0.000007 0.012109 0.000728 0.000583 0.000007 0.000007
 0.956646 0.000151 0.000007 0.000007 0.000007 0.029682 0.000007 0.000007 0.000007 0.000007 0.000007 0.000007 0.000007 0.000007 0.000007 0.012109 0.000728 0.000583 0.000007 0.000007
 0.956646 0.000151 0.000007 0.000007 0.000007 0.029682 0.000007 0.000007 0.000007 0.000007 0.000007 0.000007 0.000007 0.000007 0.000007 0.012109 0.000728 0.000583 0.000007 0.000007
 0.956646 0.000151 0.000007 0.000007 0.000007 0.029682 0.000007 0.000007 0.000007 0.000007 0.000007 0.000007 0.000007 0.000007 0.000007 0.012109 0.000728 0.000583 0.000007 0.000007
 0.047555 0.000151 0.000007 0.000007 0.000007 0.938773 0.000007 0.000007 0.000007 0.000007 0.000007 0.000007 0.000007 0.000007 0.000007 0.012109 0.000728 0.000583 0.000007 0.000007
 0.047555 0.000151 0.000007 0.000007 0.000007 0.029682 0.000007 0.000007 0.000007 0.000007 0.000007 0.000007 0.000007 0.000007 0.000007 0.921200 0.000728 0.000583 0.000007 0.000007

MOTIF 2-VGG STREME-2
letter-probability matrix: alength= 20 w= 3 nsites= 2 S= 2.5e-001
 0.047555 0.000151 0.000007 0.000007 0.000007 0.029682 0.000007 0.000007 0.000007 0.000007 0.000007 0.000007 0.000007 0.000007 0.000007 0.012109 0.000728 0.909674 0.000007 0.000007
 0.047555 0.000151 0.000007 0.000007 0.000007 0.938773 0.000007 0.000007 0.000007 0.000007 0.000007 0.000007 0.000007 0.000007 0.000007 0.012109 0.000728 0.000583 0.000007 0.000007
 0.047555 0.000151 0.000007 0.000007 0.000007 0.938773 0.000007 0.000007 0.000007 0.000007 0.000007 0.000007 0.000007 0.000007 0.000007 0.012109 0.000728 0.000583 0.000007 0.000007

********************************************************************************
Stopped because the next motif had no positive sites with scores > 0.
********************************************************************************
COMMAND:	streme --protein --p ./Data/v1_cluster_windows_15mers/cluster_20114.fasta --minw 3 --maxw 15 --thresh 0.05 --oc ./Results/v1_Top500_Run_20250504_162200/streme_out_cluster_20114
********************************************************************************
CPU:		Hirokis-MacBook-Air.local
********************************************************************************
FINALTIME:	0.18 seconds
********************************************************************************
