********************************************************************************
STREME - Sensitive, Thorough, Rapid, Enriched Motif Elicitation
********************************************************************************
MEME version 5.5.7 (Release date: Wed Jun 19 13:59:04 2024 -0700)

For further information on how to interpret these results please access https://meme-suite.org/meme.
To get a copy of the MEME Suite software please access https://meme-suite.org.

********************************************************************************


********************************************************************************
REFERENCE
********************************************************************************
If you use this program in your research, please cite:

Timothy L. Bailey,
"STREME: accurate and versatile sequence motif discovery",
Bioinformatics, Mar. 24, 2021.
********************************************************************************


ALPHABET= ACDEFGHIKLMNPQRSTVWY

strands: +

Background letter frequencies
A 0.166 C 5.2e-05 D 0.00213 E 0.0302 F 5.2e-05 G 0.00838 H 5.2e-05 I 0.0625 K 0.00213 L 0.0219 M 0.0063 N 0.0136 P 5.2e-05 Q 0.0875 R 0.00838 S 0.204 T 0.28 V 0.107 W 5.2e-05 Y 5.2e-05 

MOTIF 1-VISSETV STREME-1
letter-probability matrix: alength= 20 w= 7 nsites= 63 E= 3.2e-003
 0.018752 0.000000 0.000006 0.000080 0.000000 0.000022 0.000000 0.000165 0.000006 0.129193 0.000017 0.000036 0.000000 0.000231 0.000022 0.000539 0.000740 0.850190 0.000000 0.000000
 0.000437 0.000000 0.000006 0.000080 0.000000 0.000022 0.000000 0.738772 0.000006 0.167233 0.091593 0.000036 0.000000 0.000231 0.000022 0.000539 0.000740 0.000283 0.000000 0.000000
 0.000437 0.000000 0.000006 0.000080 0.000000 0.074692 0.000000 0.000165 0.000006 0.000058 0.000017 0.000036 0.000000 0.000231 0.000022 0.661513 0.262453 0.000283 0.000000 0.000000
 0.000437 0.000000 0.000006 0.000080 0.000000 0.000022 0.000000 0.000165 0.000006 0.000058 0.000017 0.000036 0.000000 0.000231 0.000022 0.773597 0.225039 0.000283 0.000000 0.000000
 0.000437 0.000000 0.000006 0.495288 0.000000 0.000022 0.000000 0.000165 0.000006 0.000058 0.000017 0.000036 0.000000 0.129847 0.000022 0.000539 0.373274 0.000283 0.000000 0.000000
 0.000437 0.000000 0.000006 0.000080 0.000000 0.000022 0.000000 0.000165 0.000006 0.000058 0.000017 0.000036 0.000000 0.000231 0.000022 0.000539 0.998098 0.000283 0.000000 0.000000
 0.000437 0.000000 0.000006 0.000080 0.000000 0.000022 0.000000 0.204438 0.000006 0.000058 0.000017 0.000036 0.000000 0.000231 0.000022 0.000539 0.000740 0.793368 0.000000 0.000000

MOTIF 2-TTSSAQSA STREME-2
letter-probability matrix: alength= 20 w= 8 nsites= 62 E= 9.1e-002
 0.000390 0.000000 0.000005 0.000071 0.000000 0.000020 0.000000 0.000147 0.000005 0.000052 0.000015 0.000032 0.000000 0.000206 0.000020 0.000481 0.998304 0.000253 0.000000 0.000000
 0.000390 0.000000 0.000005 0.016400 0.000000 0.000020 0.000000 0.000147 0.032663 0.000052 0.000015 0.000032 0.000000 0.133157 0.115568 0.016810 0.684490 0.000253 0.000000 0.000000
 0.033048 0.000000 0.000005 0.000071 0.000000 0.000020 0.000000 0.000147 0.000005 0.000052 0.000015 0.115163 0.000000 0.000206 0.000020 0.701057 0.149939 0.000253 0.000000 0.000000
 0.000390 0.000000 0.000005 0.000071 0.000000 0.000020 0.000000 0.000147 0.000005 0.000052 0.000015 0.016361 0.000000 0.000206 0.000020 0.501810 0.480646 0.000253 0.000000 0.000000
 0.998034 0.000000 0.000005 0.000071 0.000000 0.000020 0.000000 0.000147 0.000005 0.000052 0.000015 0.000032 0.000000 0.000206 0.000020 0.000481 0.000660 0.000253 0.000000 0.000000
 0.000390 0.000000 0.000005 0.000071 0.000000 0.000020 0.000000 0.000147 0.000005 0.000052 0.000015 0.000032 0.000000 0.981521 0.000020 0.016810 0.000660 0.000253 0.000000 0.000000
 0.452732 0.000000 0.000005 0.000071 0.000000 0.000020 0.000000 0.000147 0.000005 0.000052 0.000015 0.049225 0.000000 0.000206 0.000020 0.496590 0.000660 0.000253 0.000000 0.000000
 0.965376 0.000000 0.000005 0.000071 0.000000 0.000020 0.000000 0.000147 0.000005 0.000052 0.000015 0.000032 0.000000 0.000206 0.000020 0.000481 0.033317 0.000253 0.000000 0.000000

MOTIF 3-AGAI STREME-3
letter-probability matrix: alength= 20 w= 4 nsites= 1 E= 3.0e+000
 0.894786 0.000007 0.000269 0.003811 0.000007 0.001056 0.000007 0.007879 0.000269 0.002761 0.000794 0.001712 0.000007 0.011027 0.001056 0.025721 0.035303 0.013516 0.000007 0.000007
 0.020866 0.000007 0.000269 0.003811 0.000007 0.874976 0.000007 0.007879 0.000269 0.002761 0.000794 0.001712 0.000007 0.011027 0.001056 0.025721 0.035303 0.013516 0.000007 0.000007
 0.894786 0.000007 0.000269 0.003811 0.000007 0.001056 0.000007 0.007879 0.000269 0.002761 0.000794 0.001712 0.000007 0.011027 0.001056 0.025721 0.035303 0.013516 0.000007 0.000007
 0.020866 0.000007 0.000269 0.003811 0.000007 0.001056 0.000007 0.881799 0.000269 0.002761 0.000794 0.001712 0.000007 0.011027 0.001056 0.025721 0.035303 0.013516 0.000007 0.000007

********************************************************************************
Stopped because the next motif had no positive sites with scores > 0.
********************************************************************************
COMMAND:	streme --protein --p ./Data/v1_cluster_windows_15mers/cluster_1578.fasta --minw 3 --maxw 15 --thresh 0.05 --oc ./Results/v1_Top500_Run_20250504_162200/streme_out_cluster_1578
********************************************************************************
CPU:		Hirokis-MacBook-Air.local
********************************************************************************
FINALTIME:	0.19 seconds
********************************************************************************
