********************************************************************************
STREME - Sensitive, Thorough, Rapid, Enriched Motif Elicitation
********************************************************************************
MEME version 5.5.7 (Release date: Wed Jun 19 13:59:04 2024 -0700)

For further information on how to interpret these results please access https://meme-suite.org/meme.
To get a copy of the MEME Suite software please access https://meme-suite.org.

********************************************************************************


********************************************************************************
REFERENCE
********************************************************************************
If you use this program in your research, please cite:

Timothy L. Bailey,
"STREME: accurate and versatile sequence motif discovery",
Bioinformatics, Mar. 24, 2021.
********************************************************************************


ALPHABET= ACDEFGHIKLMNPQRSTVWY

strands: +

Background letter frequencies
A 0.176 C 0.000853 D 0.000853 E 0.000853 F 4.06e-05 G 0.604 H 4.06e-05 I 4.06e-05 K 0.000853 L 4.06e-05 M 4.06e-05 N 4.06e-05 P 4.06e-05 Q 0.0667 R 0.000853 S 0.00898 T 0.00248 V 0.00329 W 4.06e-05 Y 0.133 

MOTIF 1-GYGGQGGYGAGA STREME-1
letter-probability matrix: alength= 20 w= 12 nsites= 82 E= 3.1e-004
 0.016028 0.000078 0.000078 0.000078 0.000004 0.964037 0.000004 0.000004 0.000078 0.000004 0.000004 0.000004 0.000004 0.006059 0.000078 0.000816 0.000225 0.000299 0.000004 0.012118
 0.016028 0.000078 0.000078 0.000078 0.000004 0.054946 0.000004 0.000004 0.000078 0.000004 0.000004 0.000004 0.000004 0.006059 0.000078 0.000816 0.000225 0.000299 0.000004 0.921209
 0.016028 0.000078 0.000078 0.000078 0.000004 0.964037 0.000004 0.000004 0.000078 0.000004 0.000004 0.000004 0.000004 0.006059 0.000078 0.000816 0.000225 0.000299 0.000004 0.012118
 0.016028 0.000078 0.000078 0.000078 0.000004 0.964037 0.000004 0.000004 0.000078 0.000004 0.000004 0.000004 0.000004 0.006059 0.000078 0.000816 0.000225 0.000299 0.000004 0.012118
 0.016028 0.000078 0.000078 0.000078 0.000004 0.054946 0.000004 0.000004 0.000078 0.000004 0.000004 0.000004 0.000004 0.915150 0.000078 0.000816 0.000225 0.000299 0.000004 0.012118
 0.016028 0.000078 0.000078 0.000078 0.000004 0.964037 0.000004 0.000004 0.000078 0.000004 0.000004 0.000004 0.000004 0.006059 0.000078 0.000816 0.000225 0.000299 0.000004 0.012118
 0.016028 0.000078 0.000078 0.000078 0.000004 0.964037 0.000004 0.000004 0.000078 0.000004 0.000004 0.000004 0.000004 0.006059 0.000078 0.000816 0.000225 0.000299 0.000004 0.012118
 0.016028 0.000078 0.000078 0.000078 0.000004 0.054946 0.000004 0.000004 0.000078 0.000004 0.000004 0.000004 0.000004 0.006059 0.000078 0.000816 0.000225 0.000299 0.000004 0.921209
 0.016028 0.000078 0.000078 0.000078 0.000004 0.964037 0.000004 0.000004 0.000078 0.000004 0.000004 0.000004 0.000004 0.006059 0.000078 0.000816 0.000225 0.000299 0.000004 0.012118
 0.925118 0.000078 0.000078 0.000078 0.000004 0.054946 0.000004 0.000004 0.000078 0.000004 0.000004 0.000004 0.000004 0.006059 0.000078 0.000816 0.000225 0.000299 0.000004 0.012118
 0.016028 0.000078 0.000078 0.000078 0.000004 0.964037 0.000004 0.000004 0.000078 0.000004 0.000004 0.000004 0.000004 0.006059 0.000078 0.000816 0.000225 0.000299 0.000004 0.012118
 0.925118 0.000078 0.000078 0.000078 0.000004 0.054946 0.000004 0.000004 0.000078 0.000004 0.000004 0.000004 0.000004 0.006059 0.000078 0.000816 0.000225 0.000299 0.000004 0.012118

MOTIF 2-GAG STREME-2
letter-probability matrix: alength= 20 w= 3 nsites= 63 E= 2.9e+000
 0.016028 0.000078 0.000078 0.000078 0.000004 0.964037 0.000004 0.000004 0.000078 0.000004 0.000004 0.000004 0.000004 0.006059 0.000078 0.000816 0.000225 0.000299 0.000004 0.012118
 0.925118 0.000078 0.000078 0.000078 0.000004 0.054946 0.000004 0.000004 0.000078 0.000004 0.000004 0.000004 0.000004 0.006059 0.000078 0.000816 0.000225 0.000299 0.000004 0.012118
 0.016028 0.000078 0.000078 0.000078 0.000004 0.964037 0.000004 0.000004 0.000078 0.000004 0.000004 0.000004 0.000004 0.006059 0.000078 0.000816 0.000225 0.000299 0.000004 0.012118

MOTIF 3-GTG STREME-3
letter-probability matrix: alength= 20 w= 3 nsites= 2 E= 4.0e+000
 0.016028 0.000078 0.000078 0.000078 0.000004 0.964037 0.000004 0.000004 0.000078 0.000004 0.000004 0.000004 0.000004 0.006059 0.000078 0.000816 0.000225 0.000299 0.000004 0.012118
 0.016028 0.000078 0.000078 0.000078 0.000004 0.054946 0.000004 0.000004 0.000078 0.000004 0.000004 0.000004 0.000004 0.006059 0.000078 0.000816 0.909316 0.000299 0.000004 0.012118
 0.016028 0.000078 0.000078 0.000078 0.000004 0.964037 0.000004 0.000004 0.000078 0.000004 0.000004 0.000004 0.000004 0.006059 0.000078 0.000816 0.000225 0.000299 0.000004 0.012118

MOTIF 4-GSG STREME-4
letter-probability matrix: alength= 20 w= 3 nsites= 1 E= 4.0e+000
 0.016028 0.000078 0.000078 0.000078 0.000004 0.964037 0.000004 0.000004 0.000078 0.000004 0.000004 0.000004 0.000004 0.006059 0.000078 0.000816 0.000225 0.000299 0.000004 0.012118
 0.016028 0.000078 0.000078 0.000078 0.000004 0.054946 0.000004 0.000004 0.000078 0.000004 0.000004 0.000004 0.000004 0.006059 0.000078 0.909907 0.000225 0.000299 0.000004 0.012118
 0.016028 0.000078 0.000078 0.000078 0.000004 0.964037 0.000004 0.000004 0.000078 0.000004 0.000004 0.000004 0.000004 0.006059 0.000078 0.000816 0.000225 0.000299 0.000004 0.012118

********************************************************************************
Stopped because 3 consecutive motifs exceeded the p-value threshold (0.05).
********************************************************************************
COMMAND:	streme --protein --p ./Data/v1_cluster_windows_15mers/cluster_14945.fasta --minw 3 --maxw 15 --thresh 0.05 --oc ./Results/v1_Top500_Run_20250504_162200/streme_out_cluster_14945
********************************************************************************
CPU:		Hirokis-MacBook-Air.local
********************************************************************************
FINALTIME:	0.15 seconds
********************************************************************************
