********************************************************************************
STREME - Sensitive, Thorough, Rapid, Enriched Motif Elicitation
********************************************************************************
MEME version 5.5.7 (Release date: Wed Jun 19 13:59:04 2024 -0700)

For further information on how to interpret these results please access https://meme-suite.org/meme.
To get a copy of the MEME Suite software please access https://meme-suite.org.

********************************************************************************


********************************************************************************
REFERENCE
********************************************************************************
If you use this program in your research, please cite:

Timothy L. Bailey,
"STREME: accurate and versatile sequence motif discovery",
Bioinformatics, Mar. 24, 2021.
********************************************************************************


ALPHABET= ACDEFGHIKLMNPQRSTVWY

strands: +

Background letter frequencies
A 0.388 C 8.12e-05 D 0.0666 E 0.00333 F 8.12e-05 G 0.323 H 8.12e-05 I 8.12e-05 K 8.12e-05 L 0.00333 M 8.12e-05 N 8.12e-05 P 0.0569 Q 0.0666 R 0.00495 S 0.0731 T 0.00495 V 0.00171 W 8.12e-05 Y 0.00658 

MOTIF 1-GGPGQGGDSAAAAAA STREME-1
letter-probability matrix: alength= 20 w= 15 nsites= 41 S= 2.4e-024
 0.035282 0.000007 0.006058 0.000303 0.000007 0.938464 0.000007 0.000007 0.000007 0.000303 0.000007 0.000007 0.005173 0.006058 0.000450 0.006648 0.000450 0.000155 0.000007 0.000598
 0.035282 0.000007 0.006058 0.000303 0.000007 0.938464 0.000007 0.000007 0.000007 0.000303 0.000007 0.000007 0.005173 0.006058 0.000450 0.006648 0.000450 0.000155 0.000007 0.000598
 0.035282 0.000007 0.006058 0.000303 0.000007 0.029373 0.000007 0.000007 0.000007 0.000303 0.000007 0.000007 0.914264 0.006058 0.000450 0.006648 0.000450 0.000155 0.000007 0.000598
 0.035282 0.000007 0.006058 0.000303 0.000007 0.938464 0.000007 0.000007 0.000007 0.000303 0.000007 0.000007 0.005173 0.006058 0.000450 0.006648 0.000450 0.000155 0.000007 0.000598
 0.035282 0.000007 0.006058 0.000303 0.000007 0.029373 0.000007 0.000007 0.000007 0.000303 0.000007 0.000007 0.005173 0.915149 0.000450 0.006648 0.000450 0.000155 0.000007 0.000598
 0.035282 0.000007 0.006058 0.000303 0.000007 0.938464 0.000007 0.000007 0.000007 0.000303 0.000007 0.000007 0.005173 0.006058 0.000450 0.006648 0.000450 0.000155 0.000007 0.000598
 0.035282 0.000007 0.006058 0.000303 0.000007 0.938464 0.000007 0.000007 0.000007 0.000303 0.000007 0.000007 0.005173 0.006058 0.000450 0.006648 0.000450 0.000155 0.000007 0.000598
 0.035282 0.000007 0.915149 0.000303 0.000007 0.029373 0.000007 0.000007 0.000007 0.000303 0.000007 0.000007 0.005173 0.006058 0.000450 0.006648 0.000450 0.000155 0.000007 0.000598
 0.035282 0.000007 0.006058 0.000303 0.000007 0.029373 0.000007 0.000007 0.000007 0.000303 0.000007 0.000007 0.005173 0.006058 0.000450 0.915739 0.000450 0.000155 0.000007 0.000598
 0.944373 0.000007 0.006058 0.000303 0.000007 0.029373 0.000007 0.000007 0.000007 0.000303 0.000007 0.000007 0.005173 0.006058 0.000450 0.006648 0.000450 0.000155 0.000007 0.000598
 0.944373 0.000007 0.006058 0.000303 0.000007 0.029373 0.000007 0.000007 0.000007 0.000303 0.000007 0.000007 0.005173 0.006058 0.000450 0.006648 0.000450 0.000155 0.000007 0.000598
 0.944373 0.000007 0.006058 0.000303 0.000007 0.029373 0.000007 0.000007 0.000007 0.000303 0.000007 0.000007 0.005173 0.006058 0.000450 0.006648 0.000450 0.000155 0.000007 0.000598
 0.944373 0.000007 0.006058 0.000303 0.000007 0.029373 0.000007 0.000007 0.000007 0.000303 0.000007 0.000007 0.005173 0.006058 0.000450 0.006648 0.000450 0.000155 0.000007 0.000598
 0.944373 0.000007 0.006058 0.000303 0.000007 0.029373 0.000007 0.000007 0.000007 0.000303 0.000007 0.000007 0.005173 0.006058 0.000450 0.006648 0.000450 0.000155 0.000007 0.000598
 0.944373 0.000007 0.006058 0.000303 0.000007 0.029373 0.000007 0.000007 0.000007 0.000303 0.000007 0.000007 0.005173 0.006058 0.000450 0.006648 0.000450 0.000155 0.000007 0.000598

MOTIF 2-RYG STREME-2
letter-probability matrix: alength= 20 w= 3 nsites= 1 S= 5.0e-001
 0.048932 0.000010 0.008402 0.000420 0.000010 0.040737 0.000010 0.000010 0.000010 0.000420 0.000010 0.000010 0.007174 0.008402 0.874544 0.009220 0.000624 0.000215 0.000010 0.000829
 0.048932 0.000010 0.008402 0.000420 0.000010 0.040737 0.000010 0.000010 0.000010 0.000420 0.000010 0.000010 0.007174 0.008402 0.000624 0.009220 0.000624 0.000215 0.000010 0.874749
 0.048932 0.000010 0.008402 0.000420 0.000010 0.914657 0.000010 0.000010 0.000010 0.000420 0.000010 0.000010 0.007174 0.008402 0.000624 0.009220 0.000624 0.000215 0.000010 0.000829

********************************************************************************
Stopped because the next motif had no positive sites with scores > 0.
********************************************************************************
COMMAND:	streme --protein --p ./Data/v1_cluster_windows_15mers/cluster_4711.fasta --minw 3 --maxw 15 --thresh 0.05 --oc ./Results/v1_Top500_Run_20250504_162200/streme_out_cluster_4711
********************************************************************************
CPU:		Hirokis-MacBook-Air.local
********************************************************************************
FINALTIME:	0.15 seconds
********************************************************************************
