********************************************************************************
STREME - Sensitive, Thorough, Rapid, Enriched Motif Elicitation
********************************************************************************
MEME version 5.5.7 (Release date: Wed Jun 19 13:59:04 2024 -0700)

For further information on how to interpret these results please access https://meme-suite.org/meme.
To get a copy of the MEME Suite software please access https://meme-suite.org.

********************************************************************************


********************************************************************************
REFERENCE
********************************************************************************
If you use this program in your research, please cite:

Timothy L. Bailey,
"STREME: accurate and versatile sequence motif discovery",
Bioinformatics, Mar. 24, 2021.
********************************************************************************


ALPHABET= ACDEFGHIKLMNPQRSTVWY

strands: +

Background letter frequencies
A 0.245 C 6.53e-05 D 0.00137 E 0.0666 F 6.53e-05 G 0.0249 H 6.53e-05 I 0.0666 K 6.53e-05 L 6.53e-05 M 6.53e-05 N 0.0666 P 6.53e-05 Q 6.53e-05 R 0.00137 S 0.458 T 0.0653 V 0.00268 W 6.53e-05 Y 6.53e-05 

MOTIF 1-INESNASSAASSASS STREME-1
letter-probability matrix: alength= 20 w= 15 nsites= 51 E= 4.0e-003
 0.022318 0.000006 0.000125 0.006058 0.000006 0.002261 0.000006 0.915149 0.000006 0.000006 0.000006 0.006058 0.000006 0.000006 0.000125 0.041664 0.005940 0.000243 0.000006 0.000006
 0.022318 0.000006 0.000125 0.006058 0.000006 0.002261 0.000006 0.006058 0.000006 0.000006 0.000006 0.915149 0.000006 0.000006 0.000125 0.041664 0.005940 0.000243 0.000006 0.000006
 0.022318 0.000006 0.000125 0.915149 0.000006 0.002261 0.000006 0.006058 0.000006 0.000006 0.000006 0.006058 0.000006 0.000006 0.000125 0.041664 0.005940 0.000243 0.000006 0.000006
 0.022318 0.000006 0.000125 0.006058 0.000006 0.002261 0.000006 0.006058 0.000006 0.000006 0.000006 0.006058 0.000006 0.000006 0.000125 0.950755 0.005940 0.000243 0.000006 0.000006
 0.022318 0.000006 0.000125 0.006058 0.000006 0.002261 0.000006 0.006058 0.000006 0.000006 0.000006 0.915149 0.000006 0.000006 0.000125 0.041664 0.005940 0.000243 0.000006 0.000006
 0.931409 0.000006 0.000125 0.006058 0.000006 0.002261 0.000006 0.006058 0.000006 0.000006 0.000006 0.006058 0.000006 0.000006 0.000125 0.041664 0.005940 0.000243 0.000006 0.000006
 0.022318 0.000006 0.000125 0.006058 0.000006 0.002261 0.000006 0.006058 0.000006 0.000006 0.000006 0.006058 0.000006 0.000006 0.000125 0.950755 0.005940 0.000243 0.000006 0.000006
 0.022318 0.000006 0.000125 0.006058 0.000006 0.002261 0.000006 0.006058 0.000006 0.000006 0.000006 0.006058 0.000006 0.000006 0.000125 0.950755 0.005940 0.000243 0.000006 0.000006
 0.931409 0.000006 0.000125 0.006058 0.000006 0.002261 0.000006 0.006058 0.000006 0.000006 0.000006 0.006058 0.000006 0.000006 0.000125 0.041664 0.005940 0.000243 0.000006 0.000006
 0.931409 0.000006 0.000125 0.006058 0.000006 0.002261 0.000006 0.006058 0.000006 0.000006 0.000006 0.006058 0.000006 0.000006 0.000125 0.041664 0.005940 0.000243 0.000006 0.000006
 0.022318 0.000006 0.000125 0.006058 0.000006 0.002261 0.000006 0.006058 0.000006 0.000006 0.000006 0.006058 0.000006 0.000006 0.000125 0.950755 0.005940 0.000243 0.000006 0.000006
 0.022318 0.000006 0.000125 0.006058 0.000006 0.002261 0.000006 0.006058 0.000006 0.000006 0.000006 0.006058 0.000006 0.000006 0.000125 0.950755 0.005940 0.000243 0.000006 0.000006
 0.931409 0.000006 0.000125 0.006058 0.000006 0.002261 0.000006 0.006058 0.000006 0.000006 0.000006 0.006058 0.000006 0.000006 0.000125 0.041664 0.005940 0.000243 0.000006 0.000006
 0.022318 0.000006 0.000125 0.006058 0.000006 0.002261 0.000006 0.006058 0.000006 0.000006 0.000006 0.006058 0.000006 0.000006 0.000125 0.950755 0.005940 0.000243 0.000006 0.000006
 0.022318 0.000006 0.000125 0.006058 0.000006 0.002261 0.000006 0.006058 0.000006 0.000006 0.000006 0.006058 0.000006 0.000006 0.000125 0.950755 0.005940 0.000243 0.000006 0.000006

********************************************************************************
Stopped because the next motif had no positive sites with scores > 0.
********************************************************************************
COMMAND:	streme --protein --p ./Data/v1_cluster_windows_15mers/cluster_20517.fasta --minw 3 --maxw 15 --thresh 0.05 --oc ./Results/v1_Top500_Run_20250504_162200/streme_out_cluster_20517
********************************************************************************
CPU:		Hirokis-MacBook-Air.local
********************************************************************************
FINALTIME:	0.17 seconds
********************************************************************************
