********************************************************************************
STREME - Sensitive, Thorough, Rapid, Enriched Motif Elicitation
********************************************************************************
MEME version 5.5.7 (Release date: Wed Jun 19 13:59:04 2024 -0700)

For further information on how to interpret these results please access https://meme-suite.org/meme.
To get a copy of the MEME Suite software please access https://meme-suite.org.

********************************************************************************


********************************************************************************
REFERENCE
********************************************************************************
If you use this program in your research, please cite:

Timothy L. Bailey,
"STREME: accurate and versatile sequence motif discovery",
Bioinformatics, Mar. 24, 2021.
********************************************************************************


ALPHABET= ACDEFGHIKLMNPQRSTVWY

strands: +

Background letter frequencies
A 0.105 C 0.0585 D 4.5e-05 E 4.5e-05 F 0.0369 G 0.00904 H 4.5e-05 I 0.0369 K 0.000945 L 0.222 M 0.0198 N 0.027 P 0.00725 Q 0.0846 R 0.0306 S 0.167 T 0.0567 V 0.0927 W 0.0261 Y 0.018 

MOTIF 1-VACQ STREME-1
letter-probability matrix: alength= 20 w= 4 nsites= 51 E= 1.4e-001
 0.119798 0.000164 0.000000 0.000000 0.000103 0.000025 0.000000 0.000103 0.000003 0.000622 0.000055 0.000076 0.000020 0.000237 0.000086 0.000466 0.000159 0.877961 0.000073 0.000050
 0.509736 0.000164 0.000000 0.000000 0.000103 0.000025 0.000000 0.142795 0.000003 0.120125 0.000055 0.000076 0.000020 0.000237 0.000086 0.000466 0.225727 0.000259 0.000073 0.000050
 0.000295 0.997369 0.000000 0.000000 0.000103 0.000025 0.000000 0.000103 0.000003 0.000622 0.000055 0.000076 0.000020 0.000237 0.000086 0.000466 0.000159 0.000259 0.000073 0.000050
 0.000295 0.000164 0.000000 0.000000 0.000103 0.000025 0.000000 0.000103 0.000003 0.000622 0.000055 0.000076 0.000020 0.854750 0.000086 0.143157 0.000159 0.000259 0.000073 0.000050

MOTIF 2-LALS STREME-2
letter-probability matrix: alength= 20 w= 4 nsites= 24 E= 3.8e-001
 0.000682 0.000379 0.000000 0.000000 0.000239 0.000058 0.000000 0.000239 0.000006 0.994971 0.000128 0.000175 0.000047 0.000547 0.000198 0.001077 0.000367 0.000600 0.000169 0.000117
 0.994215 0.000379 0.000000 0.000000 0.000239 0.000058 0.000000 0.000239 0.000006 0.001438 0.000128 0.000175 0.000047 0.000547 0.000198 0.001077 0.000367 0.000600 0.000169 0.000117
 0.000682 0.000379 0.000000 0.000000 0.000239 0.000058 0.000000 0.000239 0.000006 0.994971 0.000128 0.000175 0.000047 0.000547 0.000198 0.001077 0.000367 0.000600 0.000169 0.000117
 0.000682 0.000379 0.000000 0.000000 0.471875 0.000058 0.000000 0.000239 0.000006 0.001438 0.000128 0.000175 0.000047 0.000547 0.000198 0.522975 0.000367 0.000600 0.000169 0.000117

MOTIF 3-ILLVL STREME-3
letter-probability matrix: alength= 20 w= 5 nsites= 18 E= 3.8e-001
 0.009581 0.005322 0.000004 0.000004 0.003359 0.000822 0.000004 0.912450 0.000086 0.020216 0.001804 0.002459 0.000659 0.007695 0.002786 0.015144 0.005158 0.008431 0.002377 0.001641
 0.009581 0.005322 0.000004 0.000004 0.003359 0.000822 0.000004 0.003359 0.000086 0.929307 0.001804 0.002459 0.000659 0.007695 0.002786 0.015144 0.005158 0.008431 0.002377 0.001641
 0.009581 0.005322 0.000004 0.000004 0.003359 0.000822 0.000004 0.003359 0.000086 0.929307 0.001804 0.002459 0.000659 0.007695 0.002786 0.015144 0.005158 0.008431 0.002377 0.001641
 0.009581 0.005322 0.000004 0.000004 0.003359 0.000822 0.000004 0.003359 0.000086 0.020216 0.001804 0.002459 0.000659 0.007695 0.002786 0.015144 0.005158 0.917522 0.002377 0.001641
 0.009581 0.005322 0.000004 0.000004 0.003359 0.000822 0.000004 0.003359 0.000086 0.929307 0.001804 0.002459 0.000659 0.007695 0.002786 0.015144 0.005158 0.008431 0.002377 0.001641

MOTIF 4-SSNSLA STREME-4
letter-probability matrix: alength= 20 w= 6 nsites= 21 E= 4.0e+000
 0.000677 0.000376 0.000000 0.000000 0.000237 0.000058 0.000000 0.000237 0.000006 0.001428 0.000127 0.000174 0.000047 0.000543 0.000197 0.994650 0.000364 0.000595 0.000168 0.000116
 0.000677 0.000376 0.000000 0.000000 0.000237 0.000058 0.000000 0.000237 0.000006 0.001428 0.000127 0.000174 0.000047 0.000543 0.000197 0.994650 0.000364 0.000595 0.000168 0.000116
 0.000677 0.000376 0.000000 0.000000 0.000237 0.000058 0.000000 0.000237 0.000006 0.001428 0.000127 0.671702 0.000047 0.000543 0.000197 0.001069 0.000364 0.000595 0.000168 0.322168
 0.000677 0.000376 0.000000 0.000000 0.000237 0.000058 0.000000 0.000237 0.000006 0.001428 0.000127 0.000174 0.000047 0.000543 0.000197 0.994650 0.000364 0.000595 0.000168 0.000116
 0.000677 0.000376 0.000000 0.000000 0.000237 0.000058 0.000000 0.000237 0.000006 0.672956 0.000127 0.000174 0.000047 0.000543 0.322249 0.001069 0.000364 0.000595 0.000168 0.000116
 0.994257 0.000376 0.000000 0.000000 0.000237 0.000058 0.000000 0.000237 0.000006 0.001428 0.000127 0.000174 0.000047 0.000543 0.000197 0.001069 0.000364 0.000595 0.000168 0.000116

********************************************************************************
Stopped because 3 consecutive motifs exceeded the p-value threshold (0.05).
********************************************************************************
COMMAND:	streme --protein --p ./Data/v0_cluster_windows_15mers/cluster_19.fasta --minw 3 --maxw 15 --thresh 0.05 --oc ./Results/v0_Parallel_Run_20250503_171149/streme_out_cluster_19
********************************************************************************
CPU:		Hirokis-MacBook-Air.local
********************************************************************************
FINALTIME:	0.38 seconds
********************************************************************************
