********************************************************************************
STREME - Sensitive, Thorough, Rapid, Enriched Motif Elicitation
********************************************************************************
MEME version 5.5.7 (Release date: Wed Jun 19 13:59:04 2024 -0700)

For further information on how to interpret these results please access https://meme-suite.org/meme.
To get a copy of the MEME Suite software please access https://meme-suite.org.

********************************************************************************


********************************************************************************
REFERENCE
********************************************************************************
If you use this program in your research, please cite:

Timothy L. Bailey,
"STREME: accurate and versatile sequence motif discovery",
Bioinformatics, Mar. 24, 2021.
********************************************************************************


ALPHABET= ACDEFGHIKLMNPQRSTVWY

strands: +

Background letter frequencies
A 0.154 C 6.79e-05 D 6.79e-05 E 6.79e-05 F 6.79e-05 G 0.512 H 6.79e-05 I 6.79e-05 K 6.79e-05 L 0.00143 M 6.79e-05 N 6.79e-05 P 6.79e-05 Q 0.145 R 0.0055 S 0.0218 T 0.00279 V 0.0245 W 6.79e-05 Y 0.132 

MOTIF 1-QGGYGGGAYGGQGVA STREME-1
letter-probability matrix: alength= 20 w= 15 nsites= 49 S= 3.9e-029
 0.013964 0.000006 0.000006 0.000006 0.000006 0.046573 0.000006 0.000006 0.000006 0.000130 0.000006 0.000006 0.000006 0.922309 0.000500 0.001983 0.000253 0.002229 0.000006 0.011991
 0.013964 0.000006 0.000006 0.000006 0.000006 0.955664 0.000006 0.000006 0.000006 0.000130 0.000006 0.000006 0.000006 0.013218 0.000500 0.001983 0.000253 0.002229 0.000006 0.011991
 0.013964 0.000006 0.000006 0.000006 0.000006 0.955664 0.000006 0.000006 0.000006 0.000130 0.000006 0.000006 0.000006 0.013218 0.000500 0.001983 0.000253 0.002229 0.000006 0.011991
 0.013964 0.000006 0.000006 0.000006 0.000006 0.046573 0.000006 0.000006 0.000006 0.000130 0.000006 0.000006 0.000006 0.013218 0.000500 0.001983 0.000253 0.002229 0.000006 0.921082
 0.013964 0.000006 0.000006 0.000006 0.000006 0.955664 0.000006 0.000006 0.000006 0.000130 0.000006 0.000006 0.000006 0.013218 0.000500 0.001983 0.000253 0.002229 0.000006 0.011991
 0.013964 0.000006 0.000006 0.000006 0.000006 0.955664 0.000006 0.000006 0.000006 0.000130 0.000006 0.000006 0.000006 0.013218 0.000500 0.001983 0.000253 0.002229 0.000006 0.011991
 0.013964 0.000006 0.000006 0.000006 0.000006 0.955664 0.000006 0.000006 0.000006 0.000130 0.000006 0.000006 0.000006 0.013218 0.000500 0.001983 0.000253 0.002229 0.000006 0.011991
 0.923055 0.000006 0.000006 0.000006 0.000006 0.046573 0.000006 0.000006 0.000006 0.000130 0.000006 0.000006 0.000006 0.013218 0.000500 0.001983 0.000253 0.002229 0.000006 0.011991
 0.013964 0.000006 0.000006 0.000006 0.000006 0.046573 0.000006 0.000006 0.000006 0.000130 0.000006 0.000006 0.000006 0.013218 0.000500 0.001983 0.000253 0.002229 0.000006 0.921082
 0.013964 0.000006 0.000006 0.000006 0.000006 0.955664 0.000006 0.000006 0.000006 0.000130 0.000006 0.000006 0.000006 0.013218 0.000500 0.001983 0.000253 0.002229 0.000006 0.011991
 0.013964 0.000006 0.000006 0.000006 0.000006 0.955664 0.000006 0.000006 0.000006 0.000130 0.000006 0.000006 0.000006 0.013218 0.000500 0.001983 0.000253 0.002229 0.000006 0.011991
 0.013964 0.000006 0.000006 0.000006 0.000006 0.046573 0.000006 0.000006 0.000006 0.000130 0.000006 0.000006 0.000006 0.922309 0.000500 0.001983 0.000253 0.002229 0.000006 0.011991
 0.013964 0.000006 0.000006 0.000006 0.000006 0.955664 0.000006 0.000006 0.000006 0.000130 0.000006 0.000006 0.000006 0.013218 0.000500 0.001983 0.000253 0.002229 0.000006 0.011991
 0.013964 0.000006 0.000006 0.000006 0.000006 0.046573 0.000006 0.000006 0.000006 0.000130 0.000006 0.000006 0.000006 0.013218 0.000500 0.001983 0.000253 0.911320 0.000006 0.011991
 0.923055 0.000006 0.000006 0.000006 0.000006 0.046573 0.000006 0.000006 0.000006 0.000130 0.000006 0.000006 0.000006 0.013218 0.000500 0.001983 0.000253 0.002229 0.000006 0.011991

MOTIF 2-QGS STREME-2
letter-probability matrix: alength= 20 w= 3 nsites= 2 S= 5.0e-001
 0.013964 0.000006 0.000006 0.000006 0.000006 0.046573 0.000006 0.000006 0.000006 0.000130 0.000006 0.000006 0.000006 0.922309 0.000500 0.001983 0.000253 0.002229 0.000006 0.011991
 0.013964 0.000006 0.000006 0.000006 0.000006 0.955664 0.000006 0.000006 0.000006 0.000130 0.000006 0.000006 0.000006 0.013218 0.000500 0.001983 0.000253 0.002229 0.000006 0.011991
 0.013964 0.000006 0.000006 0.000006 0.000006 0.046573 0.000006 0.000006 0.000006 0.000130 0.000006 0.000006 0.000006 0.013218 0.000500 0.911074 0.000253 0.002229 0.000006 0.011991

********************************************************************************
Stopped because the next motif had no positive sites with scores > 0.
********************************************************************************
COMMAND:	streme --protein --p ./Data/v1_cluster_windows_15mers/cluster_14472.fasta --minw 3 --maxw 15 --thresh 0.05 --oc ./Results/v1_Top500_Run_20250504_162200/streme_out_cluster_14472
********************************************************************************
CPU:		Hirokis-MacBook-Air.local
********************************************************************************
FINALTIME:	0.16 seconds
********************************************************************************
