********************************************************************************
STREME - Sensitive, Thorough, Rapid, Enriched Motif Elicitation
********************************************************************************
MEME version 5.5.7 (Release date: Wed Jun 19 13:59:04 2024 -0700)

For further information on how to interpret these results please access https://meme-suite.org/meme.
To get a copy of the MEME Suite software please access https://meme-suite.org.

********************************************************************************


********************************************************************************
REFERENCE
********************************************************************************
If you use this program in your research, please cite:

Timothy L. Bailey,
"STREME: accurate and versatile sequence motif discovery",
Bioinformatics, Mar. 24, 2021.
********************************************************************************


ALPHABET= ACDEFGHIKLMNPQRSTVWY

strands: +

Background letter frequencies
A 0.288 C 7.4e-05 D 0.0666 E 7.4e-05 F 7.4e-05 G 0.0814 H 7.4e-05 I 0.00895 K 7.4e-05 L 0.00155 M 0.00155 N 0.0622 P 7.4e-05 Q 0.0459 R 7.4e-05 S 0.244 T 0.0208 V 0.172 W 7.4e-05 Y 0.00599 

MOTIF 1-DAQAAVSN STREME-1
letter-probability matrix: alength= 20 w= 8 nsites= 44 S= 4.4e-025
 0.000816 0.000000 0.997360 0.000000 0.000000 0.000230 0.000000 0.000025 0.000000 0.000004 0.000004 0.000176 0.000000 0.000130 0.000000 0.000691 0.000059 0.000486 0.000000 0.000017
 0.938857 0.000000 0.000188 0.000000 0.000000 0.000230 0.000000 0.000025 0.000000 0.000004 0.000004 0.000176 0.000000 0.000130 0.000000 0.000691 0.000059 0.059616 0.000000 0.000017
 0.000816 0.000000 0.000188 0.000000 0.000000 0.039757 0.000000 0.000025 0.000000 0.000004 0.000004 0.000176 0.000000 0.754300 0.000000 0.204166 0.000059 0.000486 0.000000 0.000017
 0.997988 0.000000 0.000188 0.000000 0.000000 0.000230 0.000000 0.000025 0.000000 0.000004 0.000004 0.000176 0.000000 0.000130 0.000000 0.000691 0.000059 0.000486 0.000000 0.000017
 0.899331 0.000000 0.000188 0.000000 0.000000 0.000230 0.000000 0.000025 0.000000 0.000004 0.000004 0.000176 0.000000 0.000130 0.000000 0.000691 0.079112 0.020089 0.000000 0.000017
 0.000816 0.000000 0.000188 0.000000 0.000000 0.000230 0.000000 0.039232 0.000000 0.019608 0.019608 0.000176 0.000000 0.000130 0.000000 0.000691 0.000059 0.919243 0.000000 0.000017
 0.000816 0.000000 0.000188 0.000000 0.000000 0.000230 0.000000 0.000025 0.000000 0.000004 0.000004 0.000176 0.000000 0.000130 0.000000 0.958336 0.000059 0.000486 0.000000 0.039544
 0.000816 0.000000 0.000188 0.000000 0.000000 0.000230 0.000000 0.000025 0.000000 0.000004 0.000004 0.977744 0.000000 0.000130 0.000000 0.000691 0.019662 0.000486 0.000000 0.000017

MOTIF 2-SVS STREME-2
letter-probability matrix: alength= 20 w= 3 nsites= 40 S= 1.5e-014
 0.001053 0.000000 0.000243 0.000000 0.000000 0.000297 0.000000 0.000033 0.000000 0.000006 0.000006 0.000227 0.000000 0.000168 0.000000 0.910319 0.086997 0.000627 0.000000 0.000022
 0.001053 0.000000 0.000243 0.000000 0.000000 0.000297 0.000000 0.000033 0.000000 0.000006 0.000006 0.000227 0.000000 0.000168 0.000000 0.000892 0.025593 0.971458 0.000000 0.000022
 0.011422 0.000000 0.000243 0.000000 0.000000 0.000297 0.000000 0.000033 0.000000 0.000006 0.000006 0.000227 0.000000 0.000168 0.000000 0.986871 0.000076 0.000627 0.000000 0.000022

MOTIF 3-AVGA STREME-3
letter-probability matrix: alength= 20 w= 4 nsites= 37 S= 5.2e-014
 0.530881 0.000000 0.000310 0.000000 0.000000 0.000378 0.000000 0.000042 0.000000 0.000007 0.000007 0.000289 0.000000 0.000213 0.000000 0.466947 0.000097 0.000798 0.000000 0.000028
 0.033559 0.000000 0.000310 0.000000 0.000000 0.032596 0.000000 0.065002 0.000000 0.000007 0.000007 0.000289 0.000000 0.000213 0.000000 0.001135 0.000097 0.866754 0.000000 0.000028
 0.001341 0.000000 0.000310 0.000000 0.000000 0.995730 0.000000 0.000042 0.000000 0.000007 0.000007 0.000289 0.000000 0.000213 0.000000 0.001135 0.000097 0.000798 0.000000 0.000028
 0.996693 0.000000 0.000310 0.000000 0.000000 0.000378 0.000000 0.000042 0.000000 0.000007 0.000007 0.000289 0.000000 0.000213 0.000000 0.001135 0.000097 0.000798 0.000000 0.000028

MOTIF 4-YGGG STREME-4
letter-probability matrix: alength= 20 w= 4 nsites= 2 S= 2.5e-001
 0.026227 0.000007 0.006058 0.000007 0.000007 0.007403 0.000007 0.000814 0.000007 0.000141 0.000141 0.005654 0.000007 0.004175 0.000007 0.022200 0.001889 0.015609 0.000007 0.909636
 0.026227 0.000007 0.006058 0.000007 0.000007 0.916493 0.000007 0.000814 0.000007 0.000141 0.000141 0.005654 0.000007 0.004175 0.000007 0.022200 0.001889 0.015609 0.000007 0.000545
 0.026227 0.000007 0.006058 0.000007 0.000007 0.916493 0.000007 0.000814 0.000007 0.000141 0.000141 0.005654 0.000007 0.004175 0.000007 0.022200 0.001889 0.015609 0.000007 0.000545
 0.026227 0.000007 0.006058 0.000007 0.000007 0.916493 0.000007 0.000814 0.000007 0.000141 0.000141 0.005654 0.000007 0.004175 0.000007 0.022200 0.001889 0.015609 0.000007 0.000545

MOTIF 5-SAS STREME-5
letter-probability matrix: alength= 20 w= 3 nsites= 6 S= 3.7e-001
 0.026227 0.000007 0.006058 0.000007 0.000007 0.007403 0.000007 0.000814 0.000007 0.000141 0.000141 0.005654 0.000007 0.004175 0.000007 0.931290 0.001889 0.015609 0.000007 0.000545
 0.935318 0.000007 0.006058 0.000007 0.000007 0.007403 0.000007 0.000814 0.000007 0.000141 0.000141 0.005654 0.000007 0.004175 0.000007 0.022200 0.001889 0.015609 0.000007 0.000545
 0.026227 0.000007 0.006058 0.000007 0.000007 0.007403 0.000007 0.000814 0.000007 0.000141 0.000141 0.005654 0.000007 0.004175 0.000007 0.931290 0.001889 0.015609 0.000007 0.000545

********************************************************************************
Stopped because maximum number of motifs (5) reached.
********************************************************************************
COMMAND:	streme --protein --p ./Data/v1_cluster_windows_15mers/cluster_4882.fasta --minw 3 --maxw 15 --thresh 0.05 --oc ./Results/v1_Top500_Run_20250504_162200/streme_out_cluster_4882
********************************************************************************
CPU:		Hirokis-MacBook-Air.local
********************************************************************************
FINALTIME:	0.15 seconds
********************************************************************************
