********************************************************************************
STREME - Sensitive, Thorough, Rapid, Enriched Motif Elicitation
********************************************************************************
MEME version 5.5.7 (Release date: Wed Jun 19 13:59:04 2024 -0700)

For further information on how to interpret these results please access https://meme-suite.org/meme.
To get a copy of the MEME Suite software please access https://meme-suite.org.

********************************************************************************


********************************************************************************
REFERENCE
********************************************************************************
If you use this program in your research, please cite:

Timothy L. Bailey,
"STREME: accurate and versatile sequence motif discovery",
Bioinformatics, Mar. 24, 2021.
********************************************************************************


ALPHABET= ACDEFGHIKLMNPQRSTVWY

strands: +

Background letter frequencies
A 0.667 C 2.78e-05 D 0.00336 E 0.0134 F 2.78e-05 G 0.0867 H 2.78e-05 I 0.0028 K 2.78e-05 L 0.00891 M 2.78e-05 N 2.78e-05 P 0.0222 Q 0.00336 R 0.0217 S 0.159 T 0.00114 V 0.00891 W 0.00114 Y 2.78e-05 

MOTIF 1-AAAAAAAAA STREME-1
letter-probability matrix: alength= 20 w= 9 nsites= 104 E= 1.7e-004
 0.969768 0.000003 0.000305 0.001214 0.000003 0.007878 0.000003 0.000255 0.000003 0.000810 0.000003 0.000003 0.002022 0.000305 0.001971 0.014437 0.000103 0.000810 0.000103 0.000003
 0.969768 0.000003 0.000305 0.001214 0.000003 0.007878 0.000003 0.000255 0.000003 0.000810 0.000003 0.000003 0.002022 0.000305 0.001971 0.014437 0.000103 0.000810 0.000103 0.000003
 0.969768 0.000003 0.000305 0.001214 0.000003 0.007878 0.000003 0.000255 0.000003 0.000810 0.000003 0.000003 0.002022 0.000305 0.001971 0.014437 0.000103 0.000810 0.000103 0.000003
 0.969768 0.000003 0.000305 0.001214 0.000003 0.007878 0.000003 0.000255 0.000003 0.000810 0.000003 0.000003 0.002022 0.000305 0.001971 0.014437 0.000103 0.000810 0.000103 0.000003
 0.969768 0.000003 0.000305 0.001214 0.000003 0.007878 0.000003 0.000255 0.000003 0.000810 0.000003 0.000003 0.002022 0.000305 0.001971 0.014437 0.000103 0.000810 0.000103 0.000003
 0.969768 0.000003 0.000305 0.001214 0.000003 0.007878 0.000003 0.000255 0.000003 0.000810 0.000003 0.000003 0.002022 0.000305 0.001971 0.014437 0.000103 0.000810 0.000103 0.000003
 0.969768 0.000003 0.000305 0.001214 0.000003 0.007878 0.000003 0.000255 0.000003 0.000810 0.000003 0.000003 0.002022 0.000305 0.001971 0.014437 0.000103 0.000810 0.000103 0.000003
 0.969768 0.000003 0.000305 0.001214 0.000003 0.007878 0.000003 0.000255 0.000003 0.000810 0.000003 0.000003 0.002022 0.000305 0.001971 0.014437 0.000103 0.000810 0.000103 0.000003
 0.969768 0.000003 0.000305 0.001214 0.000003 0.007878 0.000003 0.000255 0.000003 0.000810 0.000003 0.000003 0.002022 0.000305 0.001971 0.014437 0.000103 0.000810 0.000103 0.000003

MOTIF 2-GSG STREME-2
letter-probability matrix: alength= 20 w= 3 nsites= 94 E= 1.7e-004
 0.001215 0.000000 0.051006 0.000024 0.000000 0.671664 0.000000 0.025419 0.000000 0.077852 0.000000 0.000000 0.000040 0.000006 0.000039 0.121362 0.000002 0.051367 0.000002 0.000000
 0.001215 0.000000 0.000006 0.000024 0.000000 0.000158 0.000000 0.000005 0.000000 0.000016 0.000000 0.000000 0.145994 0.000006 0.000039 0.852515 0.000002 0.000016 0.000002 0.000000
 0.001215 0.000000 0.000006 0.143736 0.000000 0.498112 0.000000 0.000005 0.000000 0.000016 0.000000 0.000000 0.000040 0.000006 0.000039 0.356803 0.000002 0.000016 0.000002 0.000000

MOTIF 3-ESS STREME-3
letter-probability matrix: alength= 20 w= 3 nsites= 12 E= 3.8e+000
 0.060677 0.000003 0.000305 0.910305 0.000003 0.007878 0.000003 0.000255 0.000003 0.000810 0.000003 0.000003 0.002022 0.000305 0.001971 0.014437 0.000103 0.000810 0.000103 0.000003
 0.060677 0.000003 0.000305 0.001214 0.000003 0.007878 0.000003 0.000255 0.000003 0.000810 0.000003 0.000003 0.002022 0.000305 0.001971 0.923528 0.000103 0.000810 0.000103 0.000003
 0.060677 0.000003 0.000305 0.001214 0.000003 0.007878 0.000003 0.000255 0.000003 0.000810 0.000003 0.000003 0.002022 0.000305 0.001971 0.923528 0.000103 0.000810 0.000103 0.000003

MOTIF 4-AAAASAAAA STREME-4
letter-probability matrix: alength= 20 w= 9 nsites= 4 E= 5.0e+000
 0.969768 0.000003 0.000305 0.001214 0.000003 0.007878 0.000003 0.000255 0.000003 0.000810 0.000003 0.000003 0.002022 0.000305 0.001971 0.014437 0.000103 0.000810 0.000103 0.000003
 0.969768 0.000003 0.000305 0.001214 0.000003 0.007878 0.000003 0.000255 0.000003 0.000810 0.000003 0.000003 0.002022 0.000305 0.001971 0.014437 0.000103 0.000810 0.000103 0.000003
 0.969768 0.000003 0.000305 0.001214 0.000003 0.007878 0.000003 0.000255 0.000003 0.000810 0.000003 0.000003 0.002022 0.000305 0.001971 0.014437 0.000103 0.000810 0.000103 0.000003
 0.969768 0.000003 0.000305 0.001214 0.000003 0.007878 0.000003 0.000255 0.000003 0.000810 0.000003 0.000003 0.002022 0.000305 0.001971 0.014437 0.000103 0.000810 0.000103 0.000003
 0.060677 0.000003 0.000305 0.001214 0.000003 0.007878 0.000003 0.000255 0.000003 0.000810 0.000003 0.000003 0.002022 0.000305 0.001971 0.923528 0.000103 0.000810 0.000103 0.000003
 0.969768 0.000003 0.000305 0.001214 0.000003 0.007878 0.000003 0.000255 0.000003 0.000810 0.000003 0.000003 0.002022 0.000305 0.001971 0.014437 0.000103 0.000810 0.000103 0.000003
 0.969768 0.000003 0.000305 0.001214 0.000003 0.007878 0.000003 0.000255 0.000003 0.000810 0.000003 0.000003 0.002022 0.000305 0.001971 0.014437 0.000103 0.000810 0.000103 0.000003
 0.969768 0.000003 0.000305 0.001214 0.000003 0.007878 0.000003 0.000255 0.000003 0.000810 0.000003 0.000003 0.002022 0.000305 0.001971 0.014437 0.000103 0.000810 0.000103 0.000003
 0.969768 0.000003 0.000305 0.001214 0.000003 0.007878 0.000003 0.000255 0.000003 0.000810 0.000003 0.000003 0.002022 0.000305 0.001971 0.014437 0.000103 0.000810 0.000103 0.000003

MOTIF 5-RLS STREME-5
letter-probability matrix: alength= 20 w= 3 nsites= 3 E= 5.0e+000
 0.060677 0.000003 0.000305 0.001214 0.000003 0.007878 0.000003 0.000255 0.000003 0.000810 0.000003 0.000003 0.002022 0.000305 0.911062 0.014437 0.000103 0.000810 0.000103 0.000003
 0.060677 0.000003 0.000305 0.001214 0.000003 0.007878 0.000003 0.000255 0.000003 0.909901 0.000003 0.000003 0.002022 0.000305 0.001971 0.014437 0.000103 0.000810 0.000103 0.000003
 0.060677 0.000003 0.000305 0.001214 0.000003 0.007878 0.000003 0.000255 0.000003 0.000810 0.000003 0.000003 0.002022 0.000305 0.001971 0.923528 0.000103 0.000810 0.000103 0.000003

********************************************************************************
Stopped because 3 consecutive motifs exceeded the p-value threshold (0.05).
********************************************************************************
COMMAND:	streme --protein --p ./Data/v1_cluster_windows_15mers/cluster_21253.fasta --minw 3 --maxw 15 --thresh 0.05 --oc ./Results/v1_Top500_Run_20250504_162200/streme_out_cluster_21253
********************************************************************************
CPU:		Hirokis-MacBook-Air.local
********************************************************************************
FINALTIME:	0.30 seconds
********************************************************************************
