********************************************************************************
STREME - Sensitive, Thorough, Rapid, Enriched Motif Elicitation
********************************************************************************
MEME version 5.5.7 (Release date: Wed Jun 19 13:59:04 2024 -0700)

For further information on how to interpret these results please access https://meme-suite.org/meme.
To get a copy of the MEME Suite software please access https://meme-suite.org.

********************************************************************************


********************************************************************************
REFERENCE
********************************************************************************
If you use this program in your research, please cite:

Timothy L. Bailey,
"STREME: accurate and versatile sequence motif discovery",
Bioinformatics, Mar. 24, 2021.
********************************************************************************


ALPHABET= ACDEFGHIKLMNPQRSTVWY

strands: +

Background letter frequencies
A 0.061 C 0.0666 D 0.00214 E 0.131 F 3.51e-05 G 0.131 H 3.51e-05 I 0.0225 K 0.000736 L 0.0905 M 0.121 N 3.51e-05 P 3.51e-05 Q 0.0674 R 3.51e-05 S 0.0674 T 3.51e-05 V 0.238 W 3.51e-05 Y 3.51e-05 

MOTIF 1-GLSGCEVMVQVLLEV STREME-1
letter-probability matrix: alength= 20 w= 15 nsites= 95 E= 2.1e-005
 0.005548 0.006058 0.000194 0.011926 0.000003 0.921016 0.000003 0.002043 0.000067 0.008226 0.010971 0.000003 0.000003 0.006123 0.000003 0.006123 0.000003 0.021679 0.000003 0.000003
 0.005548 0.006058 0.000194 0.011926 0.000003 0.011926 0.000003 0.002043 0.000067 0.917317 0.010971 0.000003 0.000003 0.006123 0.000003 0.006123 0.000003 0.021679 0.000003 0.000003
 0.005548 0.006058 0.000194 0.011926 0.000003 0.011926 0.000003 0.002043 0.000067 0.008226 0.010971 0.000003 0.000003 0.006123 0.000003 0.915214 0.000003 0.021679 0.000003 0.000003
 0.005548 0.006058 0.000194 0.011926 0.000003 0.921016 0.000003 0.002043 0.000067 0.008226 0.010971 0.000003 0.000003 0.006123 0.000003 0.006123 0.000003 0.021679 0.000003 0.000003
 0.005548 0.915149 0.000194 0.011926 0.000003 0.011926 0.000003 0.002043 0.000067 0.008226 0.010971 0.000003 0.000003 0.006123 0.000003 0.006123 0.000003 0.021679 0.000003 0.000003
 0.005548 0.006058 0.000194 0.921016 0.000003 0.011926 0.000003 0.002043 0.000067 0.008226 0.010971 0.000003 0.000003 0.006123 0.000003 0.006123 0.000003 0.021679 0.000003 0.000003
 0.005548 0.006058 0.000194 0.011926 0.000003 0.011926 0.000003 0.002043 0.000067 0.008226 0.010971 0.000003 0.000003 0.006123 0.000003 0.006123 0.000003 0.930770 0.000003 0.000003
 0.005548 0.006058 0.000194 0.011926 0.000003 0.011926 0.000003 0.002043 0.000067 0.008226 0.920062 0.000003 0.000003 0.006123 0.000003 0.006123 0.000003 0.021679 0.000003 0.000003
 0.005548 0.006058 0.000194 0.011926 0.000003 0.011926 0.000003 0.002043 0.000067 0.008226 0.010971 0.000003 0.000003 0.006123 0.000003 0.006123 0.000003 0.930770 0.000003 0.000003
 0.005548 0.006058 0.000194 0.011926 0.000003 0.011926 0.000003 0.002043 0.000067 0.008226 0.010971 0.000003 0.000003 0.915214 0.000003 0.006123 0.000003 0.021679 0.000003 0.000003
 0.005548 0.006058 0.000194 0.011926 0.000003 0.011926 0.000003 0.002043 0.000067 0.008226 0.010971 0.000003 0.000003 0.006123 0.000003 0.006123 0.000003 0.930770 0.000003 0.000003
 0.005548 0.006058 0.000194 0.011926 0.000003 0.011926 0.000003 0.002043 0.000067 0.917317 0.010971 0.000003 0.000003 0.006123 0.000003 0.006123 0.000003 0.021679 0.000003 0.000003
 0.005548 0.006058 0.000194 0.011926 0.000003 0.011926 0.000003 0.002043 0.000067 0.917317 0.010971 0.000003 0.000003 0.006123 0.000003 0.006123 0.000003 0.021679 0.000003 0.000003
 0.005548 0.006058 0.000194 0.921016 0.000003 0.011926 0.000003 0.002043 0.000067 0.008226 0.010971 0.000003 0.000003 0.006123 0.000003 0.006123 0.000003 0.021679 0.000003 0.000003
 0.005548 0.006058 0.000194 0.011926 0.000003 0.011926 0.000003 0.002043 0.000067 0.008226 0.010971 0.000003 0.000003 0.006123 0.000003 0.006123 0.000003 0.930770 0.000003 0.000003

********************************************************************************
Stopped because the next motif had no positive sites with scores > 0.
********************************************************************************
COMMAND:	streme --protein --p ./Data/v1_cluster_windows_15mers/cluster_21259.fasta --minw 3 --maxw 15 --thresh 0.05 --oc ./Results/v1_Top500_Run_20250504_162200/streme_out_cluster_21259
********************************************************************************
CPU:		Hirokis-MacBook-Air.local
********************************************************************************
FINALTIME:	0.15 seconds
********************************************************************************
