********************************************************************************
STREME - Sensitive, Thorough, Rapid, Enriched Motif Elicitation
********************************************************************************
MEME version 5.5.7 (Release date: Wed Jun 19 13:59:04 2024 -0700)

For further information on how to interpret these results please access https://meme-suite.org/meme.
To get a copy of the MEME Suite software please access https://meme-suite.org.

********************************************************************************


********************************************************************************
REFERENCE
********************************************************************************
If you use this program in your research, please cite:

Timothy L. Bailey,
"STREME: accurate and versatile sequence motif discovery",
Bioinformatics, Mar. 24, 2021.
********************************************************************************


ALPHABET= ACDEFGHIKLMNPQRSTVWY

strands: +

Background letter frequencies
A 0.21 C 8.32e-05 D 8.32e-05 E 0.0666 F 0.00508 G 8.32e-05 H 8.32e-05 I 8.32e-05 K 8.32e-05 L 0.07 M 0.0666 N 0.0733 P 0.065 Q 8.32e-05 R 0.0666 S 0.256 T 0.00175 V 0.0666 W 8.32e-05 Y 0.0517 

MOTIF 1-PEASNRMSNVASALS STREME-1
letter-probability matrix: alength= 20 w= 15 nsites= 40 S= 9.3e-024
 0.019065 0.000008 0.000008 0.006058 0.000461 0.000008 0.000008 0.000008 0.000008 0.006361 0.006058 0.006663 0.914998 0.000008 0.006058 0.023301 0.000159 0.006058 0.000008 0.004697
 0.019065 0.000008 0.000008 0.915149 0.000461 0.000008 0.000008 0.000008 0.000008 0.006361 0.006058 0.006663 0.005908 0.000008 0.006058 0.023301 0.000159 0.006058 0.000008 0.004697
 0.928156 0.000008 0.000008 0.006058 0.000461 0.000008 0.000008 0.000008 0.000008 0.006361 0.006058 0.006663 0.005908 0.000008 0.006058 0.023301 0.000159 0.006058 0.000008 0.004697
 0.019065 0.000008 0.000008 0.006058 0.000461 0.000008 0.000008 0.000008 0.000008 0.006361 0.006058 0.006663 0.005908 0.000008 0.006058 0.932392 0.000159 0.006058 0.000008 0.004697
 0.019065 0.000008 0.000008 0.006058 0.000461 0.000008 0.000008 0.000008 0.000008 0.006361 0.006058 0.915754 0.005908 0.000008 0.006058 0.023301 0.000159 0.006058 0.000008 0.004697
 0.019065 0.000008 0.000008 0.006058 0.000461 0.000008 0.000008 0.000008 0.000008 0.006361 0.006058 0.006663 0.005908 0.000008 0.915149 0.023301 0.000159 0.006058 0.000008 0.004697
 0.019065 0.000008 0.000008 0.006058 0.000461 0.000008 0.000008 0.000008 0.000008 0.006361 0.915149 0.006663 0.005908 0.000008 0.006058 0.023301 0.000159 0.006058 0.000008 0.004697
 0.019065 0.000008 0.000008 0.006058 0.000461 0.000008 0.000008 0.000008 0.000008 0.006361 0.006058 0.006663 0.005908 0.000008 0.006058 0.932392 0.000159 0.006058 0.000008 0.004697
 0.019065 0.000008 0.000008 0.006058 0.000461 0.000008 0.000008 0.000008 0.000008 0.006361 0.006058 0.915754 0.005908 0.000008 0.006058 0.023301 0.000159 0.006058 0.000008 0.004697
 0.019065 0.000008 0.000008 0.006058 0.000461 0.000008 0.000008 0.000008 0.000008 0.006361 0.006058 0.006663 0.005908 0.000008 0.006058 0.023301 0.000159 0.915149 0.000008 0.004697
 0.928156 0.000008 0.000008 0.006058 0.000461 0.000008 0.000008 0.000008 0.000008 0.006361 0.006058 0.006663 0.005908 0.000008 0.006058 0.023301 0.000159 0.006058 0.000008 0.004697
 0.019065 0.000008 0.000008 0.006058 0.000461 0.000008 0.000008 0.000008 0.000008 0.006361 0.006058 0.006663 0.005908 0.000008 0.006058 0.932392 0.000159 0.006058 0.000008 0.004697
 0.928156 0.000008 0.000008 0.006058 0.000461 0.000008 0.000008 0.000008 0.000008 0.006361 0.006058 0.006663 0.005908 0.000008 0.006058 0.023301 0.000159 0.006058 0.000008 0.004697
 0.019065 0.000008 0.000008 0.006058 0.000461 0.000008 0.000008 0.000008 0.000008 0.915452 0.006058 0.006663 0.005908 0.000008 0.006058 0.023301 0.000159 0.006058 0.000008 0.004697
 0.019065 0.000008 0.000008 0.006058 0.000461 0.000008 0.000008 0.000008 0.000008 0.006361 0.006058 0.006663 0.005908 0.000008 0.006058 0.932392 0.000159 0.006058 0.000008 0.004697

MOTIF 2-EAS STREME-2
letter-probability matrix: alength= 20 w= 3 nsites= 1 S= 7.5e-001
 0.019065 0.000008 0.000008 0.915149 0.000461 0.000008 0.000008 0.000008 0.000008 0.006361 0.006058 0.006663 0.005908 0.000008 0.006058 0.023301 0.000159 0.006058 0.000008 0.004697
 0.928156 0.000008 0.000008 0.006058 0.000461 0.000008 0.000008 0.000008 0.000008 0.006361 0.006058 0.006663 0.005908 0.000008 0.006058 0.023301 0.000159 0.006058 0.000008 0.004697
 0.019065 0.000008 0.000008 0.006058 0.000461 0.000008 0.000008 0.000008 0.000008 0.006361 0.006058 0.006663 0.005908 0.000008 0.006058 0.932392 0.000159 0.006058 0.000008 0.004697

********************************************************************************
Stopped because the next motif had no positive sites with scores > 0.
********************************************************************************
COMMAND:	streme --protein --p ./Data/v1_cluster_windows_15mers/cluster_16245.fasta --minw 3 --maxw 15 --thresh 0.05 --oc ./Results/v1_Top500_Run_20250504_162200/streme_out_cluster_16245
********************************************************************************
CPU:		Hirokis-MacBook-Air.local
********************************************************************************
FINALTIME:	0.14 seconds
********************************************************************************
