********************************************************************************
STREME - Sensitive, Thorough, Rapid, Enriched Motif Elicitation
********************************************************************************
MEME version 5.5.7 (Release date: Wed Jun 19 13:59:04 2024 -0700)

For further information on how to interpret these results please access https://meme-suite.org/meme.
To get a copy of the MEME Suite software please access https://meme-suite.org.

********************************************************************************


********************************************************************************
REFERENCE
********************************************************************************
If you use this program in your research, please cite:

Timothy L. Bailey,
"STREME: accurate and versatile sequence motif discovery",
Bioinformatics, Mar. 24, 2021.
********************************************************************************


ALPHABET= ACDEFGHIKLMNPQRSTVWY

strands: +

Background letter frequencies
A 0.247 C 7.92e-05 D 0.027 E 0.0762 F 7.92e-05 G 0.0999 H 7.92e-05 I 0.0666 K 7.92e-05 L 7.92e-05 M 7.92e-05 N 0.119 P 7.92e-05 Q 7.92e-05 R 0.0143 S 0.279 T 0.054 V 0.0159 W 7.92e-05 Y 7.92e-05 

MOTIF 1-DAGAINESTASSAAS STREME-1
letter-probability matrix: alength= 20 w= 15 nsites= 42 S= 6.0e-025
 0.022483 0.000007 0.911547 0.006923 0.000007 0.009084 0.000007 0.006058 0.000007 0.000007 0.000007 0.010810 0.000007 0.000007 0.001304 0.025365 0.004906 0.001448 0.000007 0.000007
 0.931574 0.000007 0.002456 0.006923 0.000007 0.009084 0.000007 0.006058 0.000007 0.000007 0.000007 0.010810 0.000007 0.000007 0.001304 0.025365 0.004906 0.001448 0.000007 0.000007
 0.022483 0.000007 0.002456 0.006923 0.000007 0.918175 0.000007 0.006058 0.000007 0.000007 0.000007 0.010810 0.000007 0.000007 0.001304 0.025365 0.004906 0.001448 0.000007 0.000007
 0.931574 0.000007 0.002456 0.006923 0.000007 0.009084 0.000007 0.006058 0.000007 0.000007 0.000007 0.010810 0.000007 0.000007 0.001304 0.025365 0.004906 0.001448 0.000007 0.000007
 0.022483 0.000007 0.002456 0.006923 0.000007 0.009084 0.000007 0.915149 0.000007 0.000007 0.000007 0.010810 0.000007 0.000007 0.001304 0.025365 0.004906 0.001448 0.000007 0.000007
 0.022483 0.000007 0.002456 0.006923 0.000007 0.009084 0.000007 0.006058 0.000007 0.000007 0.000007 0.919901 0.000007 0.000007 0.001304 0.025365 0.004906 0.001448 0.000007 0.000007
 0.022483 0.000007 0.002456 0.916014 0.000007 0.009084 0.000007 0.006058 0.000007 0.000007 0.000007 0.010810 0.000007 0.000007 0.001304 0.025365 0.004906 0.001448 0.000007 0.000007
 0.022483 0.000007 0.002456 0.006923 0.000007 0.009084 0.000007 0.006058 0.000007 0.000007 0.000007 0.010810 0.000007 0.000007 0.001304 0.934456 0.004906 0.001448 0.000007 0.000007
 0.022483 0.000007 0.002456 0.006923 0.000007 0.009084 0.000007 0.006058 0.000007 0.000007 0.000007 0.010810 0.000007 0.000007 0.001304 0.025365 0.913997 0.001448 0.000007 0.000007
 0.931574 0.000007 0.002456 0.006923 0.000007 0.009084 0.000007 0.006058 0.000007 0.000007 0.000007 0.010810 0.000007 0.000007 0.001304 0.025365 0.004906 0.001448 0.000007 0.000007
 0.022483 0.000007 0.002456 0.006923 0.000007 0.009084 0.000007 0.006058 0.000007 0.000007 0.000007 0.010810 0.000007 0.000007 0.001304 0.934456 0.004906 0.001448 0.000007 0.000007
 0.022483 0.000007 0.002456 0.006923 0.000007 0.009084 0.000007 0.006058 0.000007 0.000007 0.000007 0.010810 0.000007 0.000007 0.001304 0.934456 0.004906 0.001448 0.000007 0.000007
 0.931574 0.000007 0.002456 0.006923 0.000007 0.009084 0.000007 0.006058 0.000007 0.000007 0.000007 0.010810 0.000007 0.000007 0.001304 0.025365 0.004906 0.001448 0.000007 0.000007
 0.931574 0.000007 0.002456 0.006923 0.000007 0.009084 0.000007 0.006058 0.000007 0.000007 0.000007 0.010810 0.000007 0.000007 0.001304 0.025365 0.004906 0.001448 0.000007 0.000007
 0.022483 0.000007 0.002456 0.006923 0.000007 0.009084 0.000007 0.006058 0.000007 0.000007 0.000007 0.010810 0.000007 0.000007 0.001304 0.934456 0.004906 0.001448 0.000007 0.000007

********************************************************************************
Stopped because the next motif had no positive sites with scores > 0.
********************************************************************************
COMMAND:	streme --protein --p ./Data/v1_cluster_windows_15mers/cluster_17868.fasta --minw 3 --maxw 15 --thresh 0.05 --oc ./Results/v1_Top500_Run_20250504_162200/streme_out_cluster_17868
********************************************************************************
CPU:		Hirokis-MacBook-Air.local
********************************************************************************
FINALTIME:	0.15 seconds
********************************************************************************
