********************************************************************************
STREME - Sensitive, Thorough, Rapid, Enriched Motif Elicitation
********************************************************************************
MEME version 5.5.7 (Release date: Wed Jun 19 13:59:04 2024 -0700)

For further information on how to interpret these results please access https://meme-suite.org/meme.
To get a copy of the MEME Suite software please access https://meme-suite.org.

********************************************************************************


********************************************************************************
REFERENCE
********************************************************************************
If you use this program in your research, please cite:

Timothy L. Bailey,
"STREME: accurate and versatile sequence motif discovery",
Bioinformatics, Mar. 24, 2021.
********************************************************************************


ALPHABET= ACDEFGHIKLMNPQRSTVWY

strands: +

Background letter frequencies
A 0.334 C 6.94e-05 D 0.00146 E 6.94e-05 F 6.94e-05 G 6.94e-05 H 6.94e-05 I 0.007 K 6.94e-05 L 6.94e-05 M 6.94e-05 N 0.0181 P 6.94e-05 Q 6.94e-05 R 6.94e-05 S 0.348 T 0.216 V 0.0736 W 6.94e-05 Y 6.94e-05 

MOTIF 1-ASSAASSVTTT STREME-1
letter-probability matrix: alength= 20 w= 11 nsites= 48 S= 1.6e-028
 0.998323 0.000000 0.000004 0.000000 0.000000 0.000000 0.000000 0.000018 0.000000 0.000000 0.000000 0.000046 0.000000 0.000000 0.000000 0.000877 0.000545 0.000185 0.000000 0.000000
 0.036034 0.000000 0.000004 0.000000 0.000000 0.000000 0.000000 0.000018 0.000000 0.000000 0.000000 0.000046 0.000000 0.000000 0.000000 0.909969 0.053742 0.000185 0.000000 0.000000
 0.000842 0.000000 0.000004 0.000000 0.000000 0.000000 0.000000 0.000018 0.000000 0.000000 0.000000 0.053242 0.000000 0.000000 0.000000 0.945161 0.000545 0.000185 0.000000 0.000000
 0.998323 0.000000 0.000004 0.000000 0.000000 0.000000 0.000000 0.000018 0.000000 0.000000 0.000000 0.000046 0.000000 0.000000 0.000000 0.000877 0.000545 0.000185 0.000000 0.000000
 0.998323 0.000000 0.000004 0.000000 0.000000 0.000000 0.000000 0.000018 0.000000 0.000000 0.000000 0.000046 0.000000 0.000000 0.000000 0.000877 0.000545 0.000185 0.000000 0.000000
 0.000842 0.000000 0.000004 0.000000 0.000000 0.000000 0.000000 0.000018 0.000000 0.000000 0.000000 0.000046 0.000000 0.000000 0.000000 0.998358 0.000545 0.000185 0.000000 0.000000
 0.000842 0.000000 0.000004 0.000000 0.000000 0.000000 0.000000 0.000018 0.000000 0.000000 0.000000 0.000046 0.000000 0.000000 0.000000 0.889403 0.109500 0.000185 0.000000 0.000000
 0.000842 0.000000 0.000004 0.000000 0.000000 0.000000 0.000000 0.034943 0.000000 0.000000 0.000000 0.000046 0.000000 0.000000 0.000000 0.000877 0.000545 0.962740 0.000000 0.000000
 0.142428 0.000000 0.000004 0.000000 0.000000 0.000000 0.000000 0.000018 0.000000 0.000000 0.000000 0.000046 0.000000 0.000000 0.000000 0.000877 0.856440 0.000185 0.000000 0.000000
 0.000842 0.000000 0.000004 0.000000 0.000000 0.000000 0.000000 0.000018 0.000000 0.000000 0.000000 0.000046 0.000000 0.000000 0.000000 0.000877 0.998026 0.000185 0.000000 0.000000
 0.071502 0.000000 0.000004 0.000000 0.000000 0.000000 0.000000 0.000018 0.000000 0.000000 0.000000 0.000046 0.000000 0.000000 0.000000 0.018340 0.909903 0.000185 0.000000 0.000000

MOTIF 2-ASSA STREME-2
letter-probability matrix: alength= 20 w= 4 nsites= 33 S= 6.1e-006
 0.939484 0.000006 0.000132 0.000006 0.000006 0.000006 0.000006 0.000637 0.000006 0.000006 0.000006 0.001646 0.000006 0.000006 0.000006 0.031656 0.019674 0.006689 0.000006 0.000006
 0.030393 0.000006 0.000132 0.000006 0.000006 0.000006 0.000006 0.000637 0.000006 0.000006 0.000006 0.001646 0.000006 0.000006 0.000006 0.940747 0.019674 0.006689 0.000006 0.000006
 0.030393 0.000006 0.000132 0.000006 0.000006 0.000006 0.000006 0.000637 0.000006 0.000006 0.000006 0.001646 0.000006 0.000006 0.000006 0.940747 0.019674 0.006689 0.000006 0.000006
 0.939484 0.000006 0.000132 0.000006 0.000006 0.000006 0.000006 0.000637 0.000006 0.000006 0.000006 0.001646 0.000006 0.000006 0.000006 0.031656 0.019674 0.006689 0.000006 0.000006

MOTIF 3-AVNT STREME-3
letter-probability matrix: alength= 20 w= 4 nsites= 9 S= 1.3e-003
 0.868221 0.000001 0.120257 0.000001 0.000001 0.000001 0.000001 0.000121 0.000001 0.000001 0.000001 0.000314 0.000001 0.000001 0.000001 0.006040 0.003754 0.001276 0.000001 0.000001
 0.005799 0.000001 0.000025 0.000001 0.000001 0.000001 0.000001 0.362652 0.000001 0.000001 0.000001 0.000314 0.000001 0.000001 0.000001 0.006040 0.003754 0.621400 0.000001 0.000001
 0.005799 0.000001 0.000025 0.000001 0.000001 0.000001 0.000001 0.000121 0.000001 0.000001 0.000001 0.982968 0.000001 0.000001 0.000001 0.006040 0.003754 0.001276 0.000001 0.000001
 0.005799 0.000001 0.000025 0.000001 0.000001 0.000001 0.000001 0.000121 0.000001 0.000001 0.000001 0.000314 0.000001 0.000001 0.000001 0.006040 0.986408 0.001276 0.000001 0.000001

MOTIF 4-AVST STREME-4
letter-probability matrix: alength= 20 w= 4 nsites= 1 S= 5.0e-001
 0.916071 0.000009 0.000184 0.000009 0.000009 0.000009 0.000009 0.000883 0.000009 0.000009 0.000009 0.002282 0.000009 0.000009 0.000009 0.043904 0.027285 0.009278 0.000009 0.000009
 0.042151 0.000009 0.000184 0.000009 0.000009 0.000009 0.000009 0.000883 0.000009 0.000009 0.000009 0.002282 0.000009 0.000009 0.000009 0.043904 0.027285 0.883198 0.000009 0.000009
 0.042151 0.000009 0.000184 0.000009 0.000009 0.000009 0.000009 0.000883 0.000009 0.000009 0.000009 0.002282 0.000009 0.000009 0.000009 0.917824 0.027285 0.009278 0.000009 0.000009
 0.042151 0.000009 0.000184 0.000009 0.000009 0.000009 0.000009 0.000883 0.000009 0.000009 0.000009 0.002282 0.000009 0.000009 0.000009 0.043904 0.901205 0.009278 0.000009 0.000009

MOTIF 5-ATST STREME-5
letter-probability matrix: alength= 20 w= 4 nsites= 4 S= 8.4e-001
 0.939484 0.000006 0.000132 0.000006 0.000006 0.000006 0.000006 0.000637 0.000006 0.000006 0.000006 0.001646 0.000006 0.000006 0.000006 0.031656 0.019674 0.006689 0.000006 0.000006
 0.030393 0.000006 0.000132 0.000006 0.000006 0.000006 0.000006 0.000637 0.000006 0.000006 0.000006 0.001646 0.000006 0.000006 0.000006 0.031656 0.928765 0.006689 0.000006 0.000006
 0.030393 0.000006 0.000132 0.000006 0.000006 0.000006 0.000006 0.000637 0.000006 0.000006 0.000006 0.001646 0.000006 0.000006 0.000006 0.940747 0.019674 0.006689 0.000006 0.000006
 0.030393 0.000006 0.000132 0.000006 0.000006 0.000006 0.000006 0.000637 0.000006 0.000006 0.000006 0.001646 0.000006 0.000006 0.000006 0.031656 0.928765 0.006689 0.000006 0.000006

********************************************************************************
Stopped because maximum number of motifs (5) reached.
********************************************************************************
COMMAND:	streme --protein --p ./Data/v1_cluster_windows_15mers/cluster_7728.fasta --minw 3 --maxw 15 --thresh 0.05 --oc ./Results/v1_Top500_Run_20250504_162200/streme_out_cluster_7728
********************************************************************************
CPU:		Hirokis-MacBook-Air.local
********************************************************************************
FINALTIME:	0.17 seconds
********************************************************************************
