********************************************************************************
STREME - Sensitive, Thorough, Rapid, Enriched Motif Elicitation
********************************************************************************
MEME version 5.5.7 (Release date: Wed Jun 19 13:59:04 2024 -0700)

For further information on how to interpret these results please access https://meme-suite.org/meme.
To get a copy of the MEME Suite software please access https://meme-suite.org.

********************************************************************************


********************************************************************************
REFERENCE
********************************************************************************
If you use this program in your research, please cite:

Timothy L. Bailey,
"STREME: accurate and versatile sequence motif discovery",
Bioinformatics, Mar. 24, 2021.
********************************************************************************


ALPHABET= ACDEFGHIKLMNPQRSTVWY

strands: +

Background letter frequencies
A 0.295 C 5.55e-05 D 5.55e-05 E 5.55e-05 F 0.00117 G 5.55e-05 H 5.55e-05 I 5.55e-05 K 5.55e-05 L 0.0678 M 5.55e-05 N 5.55e-05 P 0.0578 Q 0.00228 R 0.0667 S 0.436 T 0.00339 V 0.0689 W 5.55e-05 Y 5.55e-05 

MOTIF 1-SPSASASVAASRLSS STREME-1
letter-probability matrix: alength= 20 w= 15 nsites= 60 E= 1.1e-003
 0.000724 0.000000 0.000000 0.000000 0.000003 0.000000 0.000000 0.000000 0.000000 0.000166 0.000000 0.000000 0.000142 0.000006 0.000163 0.981634 0.016993 0.000169 0.000000 0.000000
 0.086343 0.000000 0.000000 0.000000 0.000003 0.000000 0.000000 0.000000 0.000000 0.017151 0.000000 0.000000 0.878103 0.000006 0.000163 0.001069 0.016993 0.000169 0.000000 0.000000
 0.326080 0.000000 0.000000 0.000000 0.000003 0.000000 0.000000 0.000000 0.000000 0.000166 0.000000 0.000000 0.000142 0.000006 0.000163 0.673262 0.000008 0.000169 0.000000 0.000000
 0.981289 0.000000 0.000000 0.000000 0.000003 0.000000 0.000000 0.000000 0.000000 0.000166 0.000000 0.000000 0.000142 0.000006 0.000163 0.018053 0.000008 0.000169 0.000000 0.000000
 0.069359 0.000000 0.000000 0.000000 0.000003 0.000000 0.000000 0.000000 0.000000 0.000166 0.000000 0.000000 0.000142 0.000006 0.000163 0.912999 0.016993 0.000169 0.000000 0.000000
 0.981289 0.000000 0.000000 0.000000 0.000003 0.000000 0.000000 0.000000 0.000000 0.000166 0.000000 0.000000 0.000142 0.000006 0.000163 0.001069 0.000008 0.017153 0.000000 0.000000
 0.000724 0.000000 0.000000 0.000000 0.016987 0.000000 0.000000 0.000000 0.000000 0.000166 0.000000 0.000000 0.000142 0.000006 0.000163 0.981634 0.000008 0.000169 0.000000 0.000000
 0.000724 0.000000 0.000000 0.000000 0.000003 0.000000 0.000000 0.000000 0.000000 0.000166 0.000000 0.000000 0.000142 0.000006 0.000163 0.001069 0.000008 0.997718 0.000000 0.000000
 0.998273 0.000000 0.000000 0.000000 0.000003 0.000000 0.000000 0.000000 0.000000 0.000166 0.000000 0.000000 0.000142 0.000006 0.000163 0.001069 0.000008 0.000169 0.000000 0.000000
 0.998273 0.000000 0.000000 0.000000 0.000003 0.000000 0.000000 0.000000 0.000000 0.000166 0.000000 0.000000 0.000142 0.000006 0.000163 0.001069 0.000008 0.000169 0.000000 0.000000
 0.000724 0.000000 0.000000 0.000000 0.000003 0.000000 0.000000 0.000000 0.000000 0.000166 0.000000 0.000000 0.000142 0.000006 0.000163 0.998619 0.000008 0.000169 0.000000 0.000000
 0.000724 0.000000 0.000000 0.000000 0.000003 0.000000 0.000000 0.000000 0.000000 0.000166 0.000000 0.000000 0.000142 0.000006 0.997713 0.001069 0.000008 0.000169 0.000000 0.000000
 0.000724 0.000000 0.000000 0.000000 0.000003 0.000000 0.000000 0.000000 0.000000 0.997716 0.000000 0.000000 0.000142 0.000006 0.000163 0.001069 0.000008 0.000169 0.000000 0.000000
 0.000724 0.000000 0.000000 0.000000 0.000003 0.000000 0.000000 0.000000 0.000000 0.000166 0.000000 0.000000 0.000142 0.000006 0.000163 0.998619 0.000008 0.000169 0.000000 0.000000
 0.017708 0.000000 0.000000 0.000000 0.000003 0.000000 0.000000 0.000000 0.000000 0.000166 0.000000 0.000000 0.000142 0.033975 0.000163 0.947665 0.000008 0.000169 0.000000 0.000000

********************************************************************************
Stopped because the next motif had no positive sites with scores > 0.
********************************************************************************
COMMAND:	streme --protein --p ./Data/v1_cluster_windows_15mers/cluster_11315.fasta --minw 3 --maxw 15 --thresh 0.05 --oc ./Results/v1_Top500_Run_20250504_162200/streme_out_cluster_11315
********************************************************************************
CPU:		Hirokis-MacBook-Air.local
********************************************************************************
FINALTIME:	0.15 seconds
********************************************************************************
