********************************************************************************
STREME - Sensitive, Thorough, Rapid, Enriched Motif Elicitation
********************************************************************************
MEME version 5.5.7 (Release date: Wed Jun 19 13:59:04 2024 -0700)

For further information on how to interpret these results please access https://meme-suite.org/meme.
To get a copy of the MEME Suite software please access https://meme-suite.org.

********************************************************************************


********************************************************************************
REFERENCE
********************************************************************************
If you use this program in your research, please cite:

Timothy L. Bailey,
"STREME: accurate and versatile sequence motif discovery",
Bioinformatics, Mar. 24, 2021.
********************************************************************************


ALPHABET= ACDEFGHIKLMNPQRSTVWY

strands: +

Background letter frequencies
A 0.195 C 8.53e-05 D 8.53e-05 E 8.53e-05 F 0.0035 G 0.149 H 8.53e-05 I 0.0854 K 8.53e-05 L 0.0837 M 0.012 N 0.111 P 8.53e-05 Q 8.53e-05 R 8.53e-05 S 0.237 T 0.0035 V 0.12 W 8.53e-05 Y 8.53e-05 

MOTIF 1-IASGGAAALSNVISN STREME-1
letter-probability matrix: alength= 20 w= 15 nsites= 39 S= 3.7e-023
 0.017693 0.000008 0.000008 0.000008 0.000318 0.013501 0.000008 0.916856 0.000008 0.007610 0.001094 0.010092 0.000008 0.000008 0.000008 0.021575 0.000318 0.010865 0.000008 0.000008
 0.926784 0.000008 0.000008 0.000008 0.000318 0.013501 0.000008 0.007765 0.000008 0.007610 0.001094 0.010092 0.000008 0.000008 0.000008 0.021575 0.000318 0.010865 0.000008 0.000008
 0.017693 0.000008 0.000008 0.000008 0.000318 0.013501 0.000008 0.007765 0.000008 0.007610 0.001094 0.010092 0.000008 0.000008 0.000008 0.930666 0.000318 0.010865 0.000008 0.000008
 0.017693 0.000008 0.000008 0.000008 0.000318 0.922592 0.000008 0.007765 0.000008 0.007610 0.001094 0.010092 0.000008 0.000008 0.000008 0.021575 0.000318 0.010865 0.000008 0.000008
 0.017693 0.000008 0.000008 0.000008 0.000318 0.922592 0.000008 0.007765 0.000008 0.007610 0.001094 0.010092 0.000008 0.000008 0.000008 0.021575 0.000318 0.010865 0.000008 0.000008
 0.926784 0.000008 0.000008 0.000008 0.000318 0.013501 0.000008 0.007765 0.000008 0.007610 0.001094 0.010092 0.000008 0.000008 0.000008 0.021575 0.000318 0.010865 0.000008 0.000008
 0.926784 0.000008 0.000008 0.000008 0.000318 0.013501 0.000008 0.007765 0.000008 0.007610 0.001094 0.010092 0.000008 0.000008 0.000008 0.021575 0.000318 0.010865 0.000008 0.000008
 0.926784 0.000008 0.000008 0.000008 0.000318 0.013501 0.000008 0.007765 0.000008 0.007610 0.001094 0.010092 0.000008 0.000008 0.000008 0.021575 0.000318 0.010865 0.000008 0.000008
 0.017693 0.000008 0.000008 0.000008 0.000318 0.013501 0.000008 0.007765 0.000008 0.916701 0.001094 0.010092 0.000008 0.000008 0.000008 0.021575 0.000318 0.010865 0.000008 0.000008
 0.017693 0.000008 0.000008 0.000008 0.000318 0.013501 0.000008 0.007765 0.000008 0.007610 0.001094 0.010092 0.000008 0.000008 0.000008 0.930666 0.000318 0.010865 0.000008 0.000008
 0.017693 0.000008 0.000008 0.000008 0.000318 0.013501 0.000008 0.007765 0.000008 0.007610 0.001094 0.919183 0.000008 0.000008 0.000008 0.021575 0.000318 0.010865 0.000008 0.000008
 0.017693 0.000008 0.000008 0.000008 0.000318 0.013501 0.000008 0.007765 0.000008 0.007610 0.001094 0.010092 0.000008 0.000008 0.000008 0.021575 0.000318 0.919956 0.000008 0.000008
 0.017693 0.000008 0.000008 0.000008 0.000318 0.013501 0.000008 0.916856 0.000008 0.007610 0.001094 0.010092 0.000008 0.000008 0.000008 0.021575 0.000318 0.010865 0.000008 0.000008
 0.017693 0.000008 0.000008 0.000008 0.000318 0.013501 0.000008 0.007765 0.000008 0.007610 0.001094 0.010092 0.000008 0.000008 0.000008 0.930666 0.000318 0.010865 0.000008 0.000008
 0.017693 0.000008 0.000008 0.000008 0.000318 0.013501 0.000008 0.007765 0.000008 0.007610 0.001094 0.919183 0.000008 0.000008 0.000008 0.021575 0.000318 0.010865 0.000008 0.000008

********************************************************************************
Stopped because the next motif had no positive sites with scores > 0.
********************************************************************************
COMMAND:	streme --protein --p ./Data/v1_cluster_windows_15mers/cluster_21244.fasta --minw 3 --maxw 15 --thresh 0.05 --oc ./Results/v1_Top500_Run_20250504_162200/streme_out_cluster_21244
********************************************************************************
CPU:		Hirokis-MacBook-Air.local
********************************************************************************
FINALTIME:	0.17 seconds
********************************************************************************
