********************************************************************************
STREME - Sensitive, Thorough, Rapid, Enriched Motif Elicitation
********************************************************************************
MEME version 5.5.7 (Release date: Wed Jun 19 13:59:04 2024 -0700)

For further information on how to interpret these results please access https://meme-suite.org/meme.
To get a copy of the MEME Suite software please access https://meme-suite.org.

********************************************************************************


********************************************************************************
REFERENCE
********************************************************************************
If you use this program in your research, please cite:

Timothy L. Bailey,
"STREME: accurate and versatile sequence motif discovery",
Bioinformatics, Mar. 24, 2021.
********************************************************************************


ALPHABET= ACDEFGHIKLMNPQRSTVWY

strands: +

Background letter frequencies
A 0.0394 C 7.56e-05 D 0.00461 E 7.56e-05 F 0.00764 G 0.0787 H 0.00159 I 0.0424 K 7.56e-05 L 0.142 M 7.56e-05 N 0.177 P 0.117 Q 0.0666 R 0.056 S 0.176 T 0.0167 V 0.0742 W 7.56e-05 Y 7.56e-05 

MOTIF 1-SLVQNGRPNIASLPN STREME-1
letter-probability matrix: alength= 20 w= 15 nsites= 44 S= 3.8e-026
 0.000124 0.000000 0.000015 0.000000 0.000024 0.000248 0.000005 0.000133 0.000000 0.000447 0.000000 0.000557 0.000367 0.000209 0.000176 0.821987 0.175473 0.000233 0.000000 0.000000
 0.000124 0.000000 0.000015 0.000000 0.000024 0.000248 0.000005 0.000133 0.000000 0.975514 0.000000 0.000557 0.000367 0.000209 0.000176 0.000552 0.000053 0.022023 0.000000 0.000000
 0.000124 0.000000 0.000015 0.000000 0.000024 0.000248 0.000005 0.000133 0.000000 0.000447 0.000000 0.000557 0.000367 0.000209 0.000176 0.000552 0.000053 0.997090 0.000000 0.000000
 0.021914 0.000000 0.000015 0.000000 0.000024 0.000248 0.000005 0.000133 0.000000 0.000447 0.000000 0.000557 0.000367 0.909907 0.000176 0.065921 0.000053 0.000233 0.000000 0.000000
 0.000124 0.000000 0.000015 0.000000 0.000024 0.022037 0.000005 0.000133 0.000000 0.000447 0.000000 0.953834 0.000367 0.000209 0.000176 0.000552 0.021842 0.000233 0.000000 0.000000
 0.000124 0.000000 0.000015 0.000000 0.000024 0.997104 0.000005 0.000133 0.000000 0.000447 0.000000 0.000557 0.000367 0.000209 0.000176 0.000552 0.000053 0.000233 0.000000 0.000000
 0.000124 0.000000 0.000015 0.000000 0.000024 0.000248 0.000005 0.000133 0.000000 0.000447 0.000000 0.000557 0.000367 0.110625 0.843038 0.022342 0.021842 0.000233 0.000000 0.000000
 0.000124 0.000000 0.000015 0.000000 0.000024 0.000248 0.000005 0.000133 0.000000 0.000447 0.000000 0.000557 0.997223 0.000209 0.000176 0.000552 0.000053 0.000233 0.000000 0.000000
 0.000124 0.000000 0.043594 0.000000 0.000024 0.000248 0.021795 0.000133 0.000000 0.000447 0.000000 0.932044 0.000367 0.000209 0.000176 0.000552 0.000053 0.000233 0.000000 0.000000
 0.000124 0.000000 0.000015 0.000000 0.065393 0.000248 0.000005 0.668677 0.000000 0.175868 0.000000 0.000557 0.000367 0.000209 0.000176 0.000552 0.000053 0.087756 0.000000 0.000000
 0.577743 0.000000 0.000015 0.000000 0.000024 0.156905 0.000005 0.000133 0.000000 0.000447 0.000000 0.022346 0.000367 0.000209 0.000176 0.241342 0.000053 0.000233 0.000000 0.000000
 0.021914 0.000000 0.000015 0.000000 0.000024 0.000248 0.000005 0.000133 0.000000 0.000447 0.000000 0.000557 0.000367 0.000209 0.000176 0.975619 0.000053 0.000233 0.000000 0.000000
 0.000124 0.000000 0.000015 0.000000 0.000024 0.000248 0.000005 0.000133 0.000000 0.997304 0.000000 0.000557 0.000367 0.000209 0.000176 0.000552 0.000053 0.000233 0.000000 0.000000
 0.000124 0.000000 0.000015 0.000000 0.000024 0.000248 0.000005 0.000133 0.000000 0.000447 0.000000 0.000557 0.775559 0.000209 0.000176 0.222216 0.000053 0.000233 0.000000 0.000000
 0.000124 0.000000 0.000015 0.000000 0.000024 0.000248 0.000005 0.000133 0.000000 0.000447 0.000000 0.798709 0.000367 0.000209 0.000176 0.199256 0.000053 0.000233 0.000000 0.000000

********************************************************************************
Stopped because the next motif had no positive sites with scores > 0.
********************************************************************************
COMMAND:	streme --protein --p ./Data/v1_cluster_windows_15mers/cluster_11099.fasta --minw 3 --maxw 15 --thresh 0.05 --oc ./Results/v1_Top500_Run_20250504_162200/streme_out_cluster_11099
********************************************************************************
CPU:		Hirokis-MacBook-Air.local
********************************************************************************
FINALTIME:	0.12 seconds
********************************************************************************
