********************************************************************************
STREME - Sensitive, Thorough, Rapid, Enriched Motif Elicitation
********************************************************************************
MEME version 5.5.7 (Release date: Wed Jun 19 13:59:04 2024 -0700)

For further information on how to interpret these results please access https://meme-suite.org/meme.
To get a copy of the MEME Suite software please access https://meme-suite.org.

********************************************************************************


********************************************************************************
REFERENCE
********************************************************************************
If you use this program in your research, please cite:

Timothy L. Bailey,
"STREME: accurate and versatile sequence motif discovery",
Bioinformatics, Mar. 24, 2021.
********************************************************************************


ALPHABET= ACDEFGHIKLMNPQRSTVWY

strands: +

Background letter frequencies
A 0.106 C 7.92e-05 D 7.92e-05 E 7.92e-05 F 0.00166 G 0.62 H 7.92e-05 I 7.92e-05 K 7.92e-05 L 0.054 M 7.92e-05 N 7.92e-05 P 7.92e-05 Q 0.17 R 0.027 S 0.00166 T 7.92e-05 V 0.00483 W 7.92e-05 Y 0.0143 

MOTIF 1-GGQGAGQ STREME-1
letter-probability matrix: alength= 20 w= 7 nsites= 42 S= 6.0e-025
 0.000298 0.000000 0.000000 0.000000 0.000005 0.998932 0.000000 0.000000 0.000000 0.000151 0.000000 0.000000 0.000000 0.000476 0.000076 0.000005 0.000000 0.000014 0.000000 0.000040
 0.000298 0.000000 0.000000 0.000000 0.000005 0.998932 0.000000 0.000000 0.000000 0.000151 0.000000 0.000000 0.000000 0.000476 0.000076 0.000005 0.000000 0.000014 0.000000 0.000040
 0.000298 0.000000 0.000000 0.000000 0.000005 0.001739 0.000000 0.000000 0.000000 0.000151 0.000000 0.000000 0.000000 0.997670 0.000076 0.000005 0.000000 0.000014 0.000000 0.000040
 0.000298 0.000000 0.000000 0.000000 0.000005 0.979477 0.000000 0.000000 0.000000 0.000151 0.000000 0.000000 0.000000 0.000476 0.000076 0.000005 0.000000 0.019469 0.000000 0.000040
 0.966728 0.000000 0.000000 0.000000 0.000005 0.032502 0.000000 0.000000 0.000000 0.000151 0.000000 0.000000 0.000000 0.000476 0.000076 0.000005 0.000000 0.000014 0.000000 0.000040
 0.000298 0.000000 0.000000 0.000000 0.000005 0.998932 0.000000 0.000000 0.000000 0.000151 0.000000 0.000000 0.000000 0.000476 0.000076 0.000005 0.000000 0.000014 0.000000 0.000040
 0.000298 0.000000 0.000000 0.000000 0.000005 0.445661 0.000000 0.000000 0.000000 0.000151 0.000000 0.000000 0.000000 0.553748 0.000076 0.000005 0.000000 0.000014 0.000000 0.000040

MOTIF 2-AGGL STREME-2
letter-probability matrix: alength= 20 w= 4 nsites= 39 S= 3.2e-019
 0.628964 0.000000 0.000000 0.000000 0.000005 0.002048 0.000000 0.000000 0.000000 0.000178 0.000000 0.000000 0.000000 0.000561 0.368172 0.000005 0.000000 0.000016 0.000000 0.000047
 0.000351 0.000000 0.000000 0.000000 0.000005 0.998743 0.000000 0.000000 0.000000 0.000178 0.000000 0.000000 0.000000 0.000561 0.000089 0.000005 0.000000 0.000016 0.000000 0.000047
 0.000351 0.000000 0.000000 0.000000 0.000005 0.998743 0.000000 0.000000 0.000000 0.000178 0.000000 0.000000 0.000000 0.000561 0.000089 0.000005 0.000000 0.000016 0.000000 0.000047
 0.000351 0.000000 0.000000 0.000000 0.022912 0.002048 0.000000 0.000000 0.000000 0.877874 0.000000 0.000000 0.000000 0.000561 0.000089 0.000005 0.000000 0.000016 0.000000 0.096141

MOTIF 3-LGGY STREME-3
letter-probability matrix: alength= 20 w= 4 nsites= 2 S= 2.5e-001
 0.009663 0.000007 0.000007 0.000007 0.000151 0.056333 0.000007 0.000007 0.000007 0.913996 0.000007 0.000007 0.000007 0.015426 0.002456 0.000151 0.000007 0.000439 0.000007 0.001304
 0.009663 0.000007 0.000007 0.000007 0.000151 0.965424 0.000007 0.000007 0.000007 0.004905 0.000007 0.000007 0.000007 0.015426 0.002456 0.000151 0.000007 0.000439 0.000007 0.001304
 0.009663 0.000007 0.000007 0.000007 0.000151 0.965424 0.000007 0.000007 0.000007 0.004905 0.000007 0.000007 0.000007 0.015426 0.002456 0.000151 0.000007 0.000439 0.000007 0.001304
 0.009663 0.000007 0.000007 0.000007 0.000151 0.056333 0.000007 0.000007 0.000007 0.004905 0.000007 0.000007 0.000007 0.015426 0.002456 0.000151 0.000007 0.000439 0.000007 0.910394

MOTIF 4-VGQG STREME-4
letter-probability matrix: alength= 20 w= 4 nsites= 2 S= 2.5e-001
 0.009663 0.000007 0.000007 0.000007 0.000151 0.056333 0.000007 0.000007 0.000007 0.004905 0.000007 0.000007 0.000007 0.015426 0.002456 0.000151 0.000007 0.909530 0.000007 0.001304
 0.009663 0.000007 0.000007 0.000007 0.000151 0.965424 0.000007 0.000007 0.000007 0.004905 0.000007 0.000007 0.000007 0.015426 0.002456 0.000151 0.000007 0.000439 0.000007 0.001304
 0.009663 0.000007 0.000007 0.000007 0.000151 0.056333 0.000007 0.000007 0.000007 0.004905 0.000007 0.000007 0.000007 0.924517 0.002456 0.000151 0.000007 0.000439 0.000007 0.001304
 0.009663 0.000007 0.000007 0.000007 0.000151 0.965424 0.000007 0.000007 0.000007 0.004905 0.000007 0.000007 0.000007 0.015426 0.002456 0.000151 0.000007 0.000439 0.000007 0.001304

MOTIF 5-QGGYGGQ STREME-5
letter-probability matrix: alength= 20 w= 7 nsites= 1 S= 5.0e-001
 0.013402 0.000010 0.000010 0.000010 0.000210 0.078128 0.000010 0.000010 0.000010 0.006803 0.000010 0.000010 0.000010 0.895315 0.003406 0.000210 0.000010 0.000609 0.000010 0.001808
 0.013402 0.000010 0.000010 0.000010 0.000210 0.952048 0.000010 0.000010 0.000010 0.006803 0.000010 0.000010 0.000010 0.021395 0.003406 0.000210 0.000010 0.000609 0.000010 0.001808
 0.013402 0.000010 0.000010 0.000010 0.000210 0.952048 0.000010 0.000010 0.000010 0.006803 0.000010 0.000010 0.000010 0.021395 0.003406 0.000210 0.000010 0.000609 0.000010 0.001808
 0.013402 0.000010 0.000010 0.000010 0.000210 0.078128 0.000010 0.000010 0.000010 0.006803 0.000010 0.000010 0.000010 0.021395 0.003406 0.000210 0.000010 0.000609 0.000010 0.875728
 0.013402 0.000010 0.000010 0.000010 0.000210 0.952048 0.000010 0.000010 0.000010 0.006803 0.000010 0.000010 0.000010 0.021395 0.003406 0.000210 0.000010 0.000609 0.000010 0.001808
 0.013402 0.000010 0.000010 0.000010 0.000210 0.952048 0.000010 0.000010 0.000010 0.006803 0.000010 0.000010 0.000010 0.021395 0.003406 0.000210 0.000010 0.000609 0.000010 0.001808
 0.013402 0.000010 0.000010 0.000010 0.000210 0.078128 0.000010 0.000010 0.000010 0.006803 0.000010 0.000010 0.000010 0.895315 0.003406 0.000210 0.000010 0.000609 0.000010 0.001808

********************************************************************************
Stopped because maximum number of motifs (5) reached.
********************************************************************************
COMMAND:	streme --protein --p ./Data/v1_cluster_windows_15mers/cluster_16464.fasta --minw 3 --maxw 15 --thresh 0.05 --oc ./Results/v1_Top500_Run_20250504_162200/streme_out_cluster_16464
********************************************************************************
CPU:		Hirokis-MacBook-Air.local
********************************************************************************
FINALTIME:	0.24 seconds
********************************************************************************
