********************************************************************************
STREME - Sensitive, Thorough, Rapid, Enriched Motif Elicitation
********************************************************************************
MEME version 5.5.7 (Release date: Wed Jun 19 13:59:04 2024 -0700)

For further information on how to interpret these results please access https://meme-suite.org/meme.
To get a copy of the MEME Suite software please access https://meme-suite.org.

********************************************************************************


********************************************************************************
REFERENCE
********************************************************************************
If you use this program in your research, please cite:

Timothy L. Bailey,
"STREME: accurate and versatile sequence motif discovery",
Bioinformatics, Mar. 24, 2021.
********************************************************************************


ALPHABET= ACDEFGHIKLMNPQRSTVWY

strands: +

Background letter frequencies
A 0.639 C 3.7e-05 D 3.7e-05 E 0.023 F 0.00596 G 0.02 H 3.7e-05 I 0.000777 K 0.00226 L 3.7e-05 M 3.7e-05 N 0.00596 P 0.000777 Q 3.7e-05 R 0.0593 S 0.199 T 0.0252 V 0.0119 W 3.7e-05 Y 0.0067 

MOTIF 1-AARSAAAARAAA STREME-1
letter-probability matrix: alength= 20 w= 12 nsites= 33 E= 1.6e-001
 0.816359 0.000000 0.000000 0.000118 0.000031 0.000103 0.000000 0.000004 0.000012 0.000000 0.000000 0.000031 0.000004 0.000000 0.000305 0.001026 0.000130 0.000061 0.000000 0.181816
 0.998140 0.000000 0.000000 0.000118 0.000031 0.000103 0.000000 0.000004 0.000012 0.000000 0.000000 0.000031 0.000004 0.000000 0.000305 0.001026 0.000130 0.000061 0.000000 0.000035
 0.003291 0.000000 0.000000 0.181900 0.000031 0.000103 0.000000 0.000004 0.000012 0.000000 0.000000 0.000031 0.000004 0.000000 0.813373 0.001026 0.000130 0.000061 0.000000 0.000035
 0.260163 0.000000 0.000000 0.000118 0.000031 0.000103 0.000000 0.000004 0.000012 0.000000 0.000000 0.000031 0.000004 0.000000 0.000305 0.739002 0.000130 0.000061 0.000000 0.000035
 0.998140 0.000000 0.000000 0.000118 0.000031 0.000103 0.000000 0.000004 0.000012 0.000000 0.000000 0.000031 0.000004 0.000000 0.000305 0.001026 0.000130 0.000061 0.000000 0.000035
 0.998140 0.000000 0.000000 0.000118 0.000031 0.000103 0.000000 0.000004 0.000012 0.000000 0.000000 0.000031 0.000004 0.000000 0.000305 0.001026 0.000130 0.000061 0.000000 0.000035
 0.998140 0.000000 0.000000 0.000118 0.000031 0.000103 0.000000 0.000004 0.000012 0.000000 0.000000 0.000031 0.000004 0.000000 0.000305 0.001026 0.000130 0.000061 0.000000 0.000035
 0.998140 0.000000 0.000000 0.000118 0.000031 0.000103 0.000000 0.000004 0.000012 0.000000 0.000000 0.000031 0.000004 0.000000 0.000305 0.001026 0.000130 0.000061 0.000000 0.000035
 0.003291 0.000000 0.000000 0.000118 0.000031 0.000103 0.000000 0.000004 0.000012 0.000000 0.000000 0.000031 0.000004 0.000000 0.995154 0.001026 0.000130 0.000061 0.000000 0.000035
 0.671600 0.000000 0.000000 0.000118 0.000031 0.000103 0.000000 0.000004 0.000012 0.000000 0.000000 0.000031 0.000004 0.000000 0.000305 0.327565 0.000130 0.000061 0.000000 0.000035
 0.998140 0.000000 0.000000 0.000118 0.000031 0.000103 0.000000 0.000004 0.000012 0.000000 0.000000 0.000031 0.000004 0.000000 0.000305 0.001026 0.000130 0.000061 0.000000 0.000035
 0.998140 0.000000 0.000000 0.000118 0.000031 0.000103 0.000000 0.000004 0.000012 0.000000 0.000000 0.000031 0.000004 0.000000 0.000305 0.001026 0.000130 0.000061 0.000000 0.000035

MOTIF 2-AAASSAAAS STREME-2
letter-probability matrix: alength= 20 w= 9 nsites= 17 E= 9.4e-001
 0.534449 0.000000 0.000000 0.000218 0.000056 0.197819 0.000000 0.000007 0.065701 0.000000 0.000000 0.198877 0.000007 0.000000 0.000561 0.001887 0.000239 0.000113 0.000000 0.000063
 0.996578 0.000000 0.000000 0.000218 0.000056 0.000190 0.000000 0.000007 0.000021 0.000000 0.000000 0.000056 0.000007 0.000000 0.000561 0.001887 0.000239 0.000113 0.000000 0.000063
 0.864629 0.000000 0.000000 0.000218 0.000056 0.000190 0.000000 0.000007 0.000021 0.000000 0.000000 0.000056 0.000007 0.000000 0.000561 0.001887 0.132188 0.000113 0.000000 0.000063
 0.006053 0.000000 0.000000 0.000218 0.000056 0.000190 0.000000 0.000007 0.000021 0.000000 0.000000 0.000056 0.000007 0.000000 0.000561 0.992411 0.000239 0.000113 0.000000 0.000063
 0.006053 0.000000 0.000000 0.000218 0.000056 0.000190 0.000000 0.000007 0.000021 0.000000 0.000000 0.000056 0.000007 0.000000 0.000561 0.992411 0.000239 0.000113 0.000000 0.000063
 0.996578 0.000000 0.000000 0.000218 0.000056 0.000190 0.000000 0.000007 0.000021 0.000000 0.000000 0.000056 0.000007 0.000000 0.000561 0.001887 0.000239 0.000113 0.000000 0.000063
 0.732679 0.000000 0.000000 0.000218 0.000056 0.000190 0.000000 0.000007 0.000021 0.000000 0.000000 0.000056 0.000007 0.000000 0.264460 0.001887 0.000239 0.000113 0.000000 0.000063
 0.798949 0.000000 0.000000 0.000218 0.000056 0.000190 0.000000 0.000007 0.000021 0.000000 0.000000 0.000056 0.000007 0.000000 0.000561 0.133836 0.065918 0.000113 0.000000 0.000063
 0.006053 0.000000 0.000000 0.000218 0.000056 0.000190 0.000000 0.000007 0.000021 0.000000 0.000000 0.000056 0.000007 0.000000 0.000561 0.992411 0.000239 0.000113 0.000000 0.000063

MOTIF 3-TSV STREME-3
letter-probability matrix: alength= 20 w= 3 nsites= 9 E= 2.0e+000
 0.058077 0.000003 0.000003 0.002089 0.000542 0.001820 0.000003 0.000071 0.000205 0.000003 0.000003 0.000542 0.000071 0.000003 0.005387 0.018101 0.911382 0.001080 0.000003 0.000609
 0.058077 0.000003 0.000003 0.002089 0.000542 0.001820 0.000003 0.000071 0.000205 0.000003 0.000003 0.000542 0.000071 0.000003 0.005387 0.927192 0.002291 0.001080 0.000003 0.000609
 0.058077 0.000003 0.000003 0.002089 0.000542 0.001820 0.000003 0.000071 0.000205 0.000003 0.000003 0.000542 0.000071 0.000003 0.005387 0.018101 0.002291 0.910171 0.000003 0.000609

MOTIF 4-SSAAAAAAAEA STREME-4
letter-probability matrix: alength= 20 w= 11 nsites= 19 E= 4.0e+000
 0.004600 0.000000 0.000000 0.000165 0.000043 0.000144 0.000000 0.000006 0.000016 0.000000 0.000000 0.000043 0.000006 0.000000 0.000427 0.994233 0.000181 0.000086 0.000000 0.000048
 0.004600 0.000000 0.000000 0.000165 0.000043 0.000144 0.000000 0.000006 0.000016 0.000000 0.000000 0.000043 0.000006 0.000000 0.000427 0.994233 0.000181 0.000086 0.000000 0.000048
 0.997400 0.000000 0.000000 0.000165 0.000043 0.000144 0.000000 0.000006 0.000016 0.000000 0.000000 0.000043 0.000006 0.000000 0.000427 0.001434 0.000181 0.000086 0.000000 0.000048
 0.997400 0.000000 0.000000 0.000165 0.000043 0.000144 0.000000 0.000006 0.000016 0.000000 0.000000 0.000043 0.000006 0.000000 0.000427 0.001434 0.000181 0.000086 0.000000 0.000048
 0.997400 0.000000 0.000000 0.000165 0.000043 0.000144 0.000000 0.000006 0.000016 0.000000 0.000000 0.000043 0.000006 0.000000 0.000427 0.001434 0.000181 0.000086 0.000000 0.000048
 0.691038 0.000000 0.000000 0.000165 0.000043 0.000144 0.000000 0.000006 0.000016 0.000000 0.000000 0.000043 0.000006 0.000000 0.000427 0.307795 0.000181 0.000086 0.000000 0.000048
 0.997400 0.000000 0.000000 0.000165 0.000043 0.000144 0.000000 0.000006 0.000016 0.000000 0.000000 0.000043 0.000006 0.000000 0.000427 0.001434 0.000181 0.000086 0.000000 0.000048
 0.997400 0.000000 0.000000 0.000165 0.000043 0.000144 0.000000 0.000006 0.000016 0.000000 0.000000 0.000043 0.000006 0.000000 0.000427 0.001434 0.000181 0.000086 0.000000 0.000048
 0.997400 0.000000 0.000000 0.000165 0.000043 0.000144 0.000000 0.000006 0.000016 0.000000 0.000000 0.000043 0.000006 0.000000 0.000427 0.001434 0.000181 0.000086 0.000000 0.000048
 0.310961 0.000000 0.000000 0.686604 0.000043 0.000144 0.000000 0.000006 0.000016 0.000000 0.000000 0.000043 0.000006 0.000000 0.000427 0.001434 0.000181 0.000086 0.000000 0.000048
 0.997400 0.000000 0.000000 0.000165 0.000043 0.000144 0.000000 0.000006 0.000016 0.000000 0.000000 0.000043 0.000006 0.000000 0.000427 0.001434 0.000181 0.000086 0.000000 0.000048

********************************************************************************
Stopped because 3 consecutive motifs exceeded the p-value threshold (0.05).
********************************************************************************
COMMAND:	streme --protein --p ./Data/v1_cluster_windows_15mers/cluster_5110.fasta --minw 3 --maxw 15 --thresh 0.05 --oc ./Results/v1_Top500_Run_20250504_162200/streme_out_cluster_5110
********************************************************************************
CPU:		Hirokis-MacBook-Air.local
********************************************************************************
FINALTIME:	0.21 seconds
********************************************************************************
