********************************************************************************
STREME - Sensitive, Thorough, Rapid, Enriched Motif Elicitation
********************************************************************************
MEME version 5.5.7 (Release date: Wed Jun 19 13:59:04 2024 -0700)

For further information on how to interpret these results please access https://meme-suite.org/meme.
To get a copy of the MEME Suite software please access https://meme-suite.org.

********************************************************************************


********************************************************************************
REFERENCE
********************************************************************************
If you use this program in your research, please cite:

Timothy L. Bailey,
"STREME: accurate and versatile sequence motif discovery",
Bioinformatics, Mar. 24, 2021.
********************************************************************************


ALPHABET= ACDEFGHIKLMNPQRSTVWY

strands: +

Background letter frequencies
A 0.205 C 8.32e-05 D 0.0666 E 8.32e-05 F 8.32e-05 G 0.0883 H 8.32e-05 I 8.32e-05 K 8.32e-05 L 0.0683 M 8.32e-05 N 0.035 P 0.0517 Q 8.32e-05 R 0.00175 S 0.328 T 0.0234 V 0.132 W 8.32e-05 Y 8.32e-05 

MOTIF 1-LASSGPSDVNVVSST STREME-1
letter-probability matrix: alength= 20 w= 15 nsites= 40 S= 9.3e-024
 0.018610 0.000008 0.006058 0.000008 0.000008 0.008025 0.000008 0.000008 0.000008 0.915300 0.000008 0.003184 0.004697 0.000008 0.000159 0.029811 0.002126 0.011955 0.000008 0.000008
 0.927701 0.000008 0.006058 0.000008 0.000008 0.008025 0.000008 0.000008 0.000008 0.006209 0.000008 0.003184 0.004697 0.000008 0.000159 0.029811 0.002126 0.011955 0.000008 0.000008
 0.018610 0.000008 0.006058 0.000008 0.000008 0.008025 0.000008 0.000008 0.000008 0.006209 0.000008 0.003184 0.004697 0.000008 0.000159 0.938902 0.002126 0.011955 0.000008 0.000008
 0.018610 0.000008 0.006058 0.000008 0.000008 0.008025 0.000008 0.000008 0.000008 0.006209 0.000008 0.003184 0.004697 0.000008 0.000159 0.938902 0.002126 0.011955 0.000008 0.000008
 0.018610 0.000008 0.006058 0.000008 0.000008 0.917116 0.000008 0.000008 0.000008 0.006209 0.000008 0.003184 0.004697 0.000008 0.000159 0.029811 0.002126 0.011955 0.000008 0.000008
 0.018610 0.000008 0.006058 0.000008 0.000008 0.008025 0.000008 0.000008 0.000008 0.006209 0.000008 0.003184 0.913788 0.000008 0.000159 0.029811 0.002126 0.011955 0.000008 0.000008
 0.018610 0.000008 0.006058 0.000008 0.000008 0.008025 0.000008 0.000008 0.000008 0.006209 0.000008 0.003184 0.004697 0.000008 0.000159 0.938902 0.002126 0.011955 0.000008 0.000008
 0.018610 0.000008 0.915149 0.000008 0.000008 0.008025 0.000008 0.000008 0.000008 0.006209 0.000008 0.003184 0.004697 0.000008 0.000159 0.029811 0.002126 0.011955 0.000008 0.000008
 0.018610 0.000008 0.006058 0.000008 0.000008 0.008025 0.000008 0.000008 0.000008 0.006209 0.000008 0.003184 0.004697 0.000008 0.000159 0.029811 0.002126 0.921046 0.000008 0.000008
 0.018610 0.000008 0.006058 0.000008 0.000008 0.008025 0.000008 0.000008 0.000008 0.006209 0.000008 0.912275 0.004697 0.000008 0.000159 0.029811 0.002126 0.011955 0.000008 0.000008
 0.018610 0.000008 0.006058 0.000008 0.000008 0.008025 0.000008 0.000008 0.000008 0.006209 0.000008 0.003184 0.004697 0.000008 0.000159 0.029811 0.002126 0.921046 0.000008 0.000008
 0.018610 0.000008 0.006058 0.000008 0.000008 0.008025 0.000008 0.000008 0.000008 0.006209 0.000008 0.003184 0.004697 0.000008 0.000159 0.029811 0.002126 0.921046 0.000008 0.000008
 0.018610 0.000008 0.006058 0.000008 0.000008 0.008025 0.000008 0.000008 0.000008 0.006209 0.000008 0.003184 0.004697 0.000008 0.000159 0.938902 0.002126 0.011955 0.000008 0.000008
 0.018610 0.000008 0.006058 0.000008 0.000008 0.008025 0.000008 0.000008 0.000008 0.006209 0.000008 0.003184 0.004697 0.000008 0.000159 0.938902 0.002126 0.011955 0.000008 0.000008
 0.018610 0.000008 0.006058 0.000008 0.000008 0.008025 0.000008 0.000008 0.000008 0.006209 0.000008 0.003184 0.004697 0.000008 0.000159 0.029811 0.911216 0.011955 0.000008 0.000008

MOTIF 2-AAAL STREME-2
letter-probability matrix: alength= 20 w= 4 nsites= 2 S= 2.5e-001
 0.946492 0.000006 0.004484 0.000006 0.000006 0.005939 0.000006 0.000006 0.000006 0.004596 0.000006 0.002356 0.003476 0.000006 0.000118 0.022063 0.001573 0.008848 0.000006 0.000006
 0.946492 0.000006 0.004484 0.000006 0.000006 0.005939 0.000006 0.000006 0.000006 0.004596 0.000006 0.002356 0.003476 0.000006 0.000118 0.022063 0.001573 0.008848 0.000006 0.000006
 0.480132 0.000006 0.004484 0.000006 0.000006 0.005939 0.000006 0.000006 0.000006 0.004596 0.000006 0.002356 0.469835 0.000006 0.000118 0.022063 0.001573 0.008848 0.000006 0.000006
 0.013773 0.000006 0.004484 0.000006 0.000006 0.005939 0.000006 0.000006 0.000006 0.937314 0.000006 0.002356 0.003476 0.000006 0.000118 0.022063 0.001573 0.008848 0.000006 0.000006

MOTIF 3-GAA STREME-3
letter-probability matrix: alength= 20 w= 3 nsites= 1 S= 7.5e-001
 0.018610 0.000008 0.006058 0.000008 0.000008 0.917116 0.000008 0.000008 0.000008 0.006209 0.000008 0.003184 0.004697 0.000008 0.000159 0.029811 0.002126 0.011955 0.000008 0.000008
 0.927701 0.000008 0.006058 0.000008 0.000008 0.008025 0.000008 0.000008 0.000008 0.006209 0.000008 0.003184 0.004697 0.000008 0.000159 0.029811 0.002126 0.011955 0.000008 0.000008
 0.927701 0.000008 0.006058 0.000008 0.000008 0.008025 0.000008 0.000008 0.000008 0.006209 0.000008 0.003184 0.004697 0.000008 0.000159 0.029811 0.002126 0.011955 0.000008 0.000008

********************************************************************************
Stopped because the next motif had no positive sites with scores > 0.
********************************************************************************
COMMAND:	streme --protein --p ./Data/v1_cluster_windows_15mers/cluster_2232.fasta --minw 3 --maxw 15 --thresh 0.05 --oc ./Results/v1_Top500_Run_20250504_162200/streme_out_cluster_2232
********************************************************************************
CPU:		Hirokis-MacBook-Air.local
********************************************************************************
FINALTIME:	0.15 seconds
********************************************************************************
