********************************************************************************
STREME - Sensitive, Thorough, Rapid, Enriched Motif Elicitation
********************************************************************************
MEME version 5.5.7 (Release date: Wed Jun 19 13:59:04 2024 -0700)

For further information on how to interpret these results please access https://meme-suite.org/meme.
To get a copy of the MEME Suite software please access https://meme-suite.org.

********************************************************************************


********************************************************************************
REFERENCE
********************************************************************************
If you use this program in your research, please cite:

Timothy L. Bailey,
"STREME: accurate and versatile sequence motif discovery",
Bioinformatics, Mar. 24, 2021.
********************************************************************************


ALPHABET= ACDEFGHIKLMNPQRSTVWY

strands: +

Background letter frequencies
A 0.00179 C 8.53e-05 D 8.53e-05 E 8.53e-05 F 8.53e-05 G 0.466 H 8.53e-05 I 8.53e-05 K 8.53e-05 L 8.53e-05 M 8.53e-05 N 8.53e-05 P 0.266 Q 0.0666 R 0.0052 S 0.125 T 8.53e-05 V 8.53e-05 W 8.53e-05 Y 0.0683 

MOTIF 1-GGYGPGPQGPSGPRS STREME-1
letter-probability matrix: alength= 20 w= 15 nsites= 39 S= 3.7e-023
 0.000163 0.000008 0.000008 0.000008 0.000008 0.951451 0.000008 0.000008 0.000008 0.000008 0.000008 0.000008 0.024207 0.006058 0.000473 0.011335 0.000008 0.000008 0.000008 0.006212
 0.000163 0.000008 0.000008 0.000008 0.000008 0.951451 0.000008 0.000008 0.000008 0.000008 0.000008 0.000008 0.024207 0.006058 0.000473 0.011335 0.000008 0.000008 0.000008 0.006212
 0.000163 0.000008 0.000008 0.000008 0.000008 0.042360 0.000008 0.000008 0.000008 0.000008 0.000008 0.000008 0.024207 0.006058 0.000473 0.011335 0.000008 0.000008 0.000008 0.915303
 0.000163 0.000008 0.000008 0.000008 0.000008 0.951451 0.000008 0.000008 0.000008 0.000008 0.000008 0.000008 0.024207 0.006058 0.000473 0.011335 0.000008 0.000008 0.000008 0.006212
 0.000163 0.000008 0.000008 0.000008 0.000008 0.042360 0.000008 0.000008 0.000008 0.000008 0.000008 0.000008 0.933298 0.006058 0.000473 0.011335 0.000008 0.000008 0.000008 0.006212
 0.000163 0.000008 0.000008 0.000008 0.000008 0.951451 0.000008 0.000008 0.000008 0.000008 0.000008 0.000008 0.024207 0.006058 0.000473 0.011335 0.000008 0.000008 0.000008 0.006212
 0.000163 0.000008 0.000008 0.000008 0.000008 0.042360 0.000008 0.000008 0.000008 0.000008 0.000008 0.000008 0.933298 0.006058 0.000473 0.011335 0.000008 0.000008 0.000008 0.006212
 0.000163 0.000008 0.000008 0.000008 0.000008 0.042360 0.000008 0.000008 0.000008 0.000008 0.000008 0.000008 0.024207 0.915149 0.000473 0.011335 0.000008 0.000008 0.000008 0.006212
 0.000163 0.000008 0.000008 0.000008 0.000008 0.951451 0.000008 0.000008 0.000008 0.000008 0.000008 0.000008 0.024207 0.006058 0.000473 0.011335 0.000008 0.000008 0.000008 0.006212
 0.000163 0.000008 0.000008 0.000008 0.000008 0.042360 0.000008 0.000008 0.000008 0.000008 0.000008 0.000008 0.933298 0.006058 0.000473 0.011335 0.000008 0.000008 0.000008 0.006212
 0.000163 0.000008 0.000008 0.000008 0.000008 0.042360 0.000008 0.000008 0.000008 0.000008 0.000008 0.000008 0.024207 0.006058 0.000473 0.920426 0.000008 0.000008 0.000008 0.006212
 0.000163 0.000008 0.000008 0.000008 0.000008 0.951451 0.000008 0.000008 0.000008 0.000008 0.000008 0.000008 0.024207 0.006058 0.000473 0.011335 0.000008 0.000008 0.000008 0.006212
 0.000163 0.000008 0.000008 0.000008 0.000008 0.042360 0.000008 0.000008 0.000008 0.000008 0.000008 0.000008 0.933298 0.006058 0.000473 0.011335 0.000008 0.000008 0.000008 0.006212
 0.000163 0.000008 0.000008 0.000008 0.000008 0.042360 0.000008 0.000008 0.000008 0.000008 0.000008 0.000008 0.024207 0.006058 0.909564 0.011335 0.000008 0.000008 0.000008 0.006212
 0.000163 0.000008 0.000008 0.000008 0.000008 0.042360 0.000008 0.000008 0.000008 0.000008 0.000008 0.000008 0.024207 0.006058 0.000473 0.920426 0.000008 0.000008 0.000008 0.006212

MOTIF 2-YGP STREME-2
letter-probability matrix: alength= 20 w= 3 nsites= 1 S= 9.9e-001
 0.000163 0.000008 0.000008 0.000008 0.000008 0.042360 0.000008 0.000008 0.000008 0.000008 0.000008 0.000008 0.024207 0.006058 0.000473 0.011335 0.000008 0.000008 0.000008 0.915303
 0.000163 0.000008 0.000008 0.000008 0.000008 0.951451 0.000008 0.000008 0.000008 0.000008 0.000008 0.000008 0.024207 0.006058 0.000473 0.011335 0.000008 0.000008 0.000008 0.006212
 0.000163 0.000008 0.000008 0.000008 0.000008 0.042360 0.000008 0.000008 0.000008 0.000008 0.000008 0.000008 0.933298 0.006058 0.000473 0.011335 0.000008 0.000008 0.000008 0.006212

********************************************************************************
Stopped because the next motif had no positive sites with scores > 0.
********************************************************************************
COMMAND:	streme --protein --p ./Data/v1_cluster_windows_15mers/cluster_17235.fasta --minw 3 --maxw 15 --thresh 0.05 --oc ./Results/v1_Top500_Run_20250504_162200/streme_out_cluster_17235
********************************************************************************
CPU:		Hirokis-MacBook-Air.local
********************************************************************************
FINALTIME:	0.13 seconds
********************************************************************************
