********************************************************************************
STREME - Sensitive, Thorough, Rapid, Enriched Motif Elicitation
********************************************************************************
MEME version 5.5.7 (Release date: Wed Jun 19 13:59:04 2024 -0700)

For further information on how to interpret these results please access https://meme-suite.org/meme.
To get a copy of the MEME Suite software please access https://meme-suite.org.

********************************************************************************


********************************************************************************
REFERENCE
********************************************************************************
If you use this program in your research, please cite:

Timothy L. Bailey,
"STREME: accurate and versatile sequence motif discovery",
Bioinformatics, Mar. 24, 2021.
********************************************************************************


ALPHABET= ACDEFGHIKLMNPQRSTVWY

strands: +

Background letter frequencies
A 0.396 C 2.62e-05 D 0.0672 E 0.00212 F 0.000551 G 0.37 H 2.62e-05 I 2.62e-05 K 2.62e-05 L 2.62e-05 M 2.62e-05 N 0.00527 P 2.62e-05 Q 0.000551 R 0.00422 S 0.0472 T 2.62e-05 V 2.62e-05 W 2.62e-05 Y 0.107 

MOTIF 1-GYGYGDGGAAAAAA STREME-1
letter-probability matrix: alength= 20 w= 14 nsites= 126 E= 1.9e-005
 0.035963 0.000002 0.006107 0.000193 0.000050 0.942718 0.000002 0.000002 0.000002 0.000002 0.000002 0.000479 0.000002 0.000050 0.000384 0.004295 0.000002 0.000002 0.000002 0.009736
 0.035963 0.000002 0.006107 0.000193 0.000050 0.033627 0.000002 0.000002 0.000002 0.000002 0.000002 0.000479 0.000002 0.000050 0.000384 0.004295 0.000002 0.000002 0.000002 0.918827
 0.035963 0.000002 0.006107 0.000193 0.000050 0.942718 0.000002 0.000002 0.000002 0.000002 0.000002 0.000479 0.000002 0.000050 0.000384 0.004295 0.000002 0.000002 0.000002 0.009736
 0.035963 0.000002 0.006107 0.000193 0.000050 0.033627 0.000002 0.000002 0.000002 0.000002 0.000002 0.000479 0.000002 0.000050 0.000384 0.004295 0.000002 0.000002 0.000002 0.918827
 0.035963 0.000002 0.006107 0.000193 0.000050 0.942718 0.000002 0.000002 0.000002 0.000002 0.000002 0.000479 0.000002 0.000050 0.000384 0.004295 0.000002 0.000002 0.000002 0.009736
 0.035963 0.000002 0.915198 0.000193 0.000050 0.033627 0.000002 0.000002 0.000002 0.000002 0.000002 0.000479 0.000002 0.000050 0.000384 0.004295 0.000002 0.000002 0.000002 0.009736
 0.035963 0.000002 0.006107 0.000193 0.000050 0.942718 0.000002 0.000002 0.000002 0.000002 0.000002 0.000479 0.000002 0.000050 0.000384 0.004295 0.000002 0.000002 0.000002 0.009736
 0.035963 0.000002 0.006107 0.000193 0.000050 0.942718 0.000002 0.000002 0.000002 0.000002 0.000002 0.000479 0.000002 0.000050 0.000384 0.004295 0.000002 0.000002 0.000002 0.009736
 0.945054 0.000002 0.006107 0.000193 0.000050 0.033627 0.000002 0.000002 0.000002 0.000002 0.000002 0.000479 0.000002 0.000050 0.000384 0.004295 0.000002 0.000002 0.000002 0.009736
 0.945054 0.000002 0.006107 0.000193 0.000050 0.033627 0.000002 0.000002 0.000002 0.000002 0.000002 0.000479 0.000002 0.000050 0.000384 0.004295 0.000002 0.000002 0.000002 0.009736
 0.945054 0.000002 0.006107 0.000193 0.000050 0.033627 0.000002 0.000002 0.000002 0.000002 0.000002 0.000479 0.000002 0.000050 0.000384 0.004295 0.000002 0.000002 0.000002 0.009736
 0.945054 0.000002 0.006107 0.000193 0.000050 0.033627 0.000002 0.000002 0.000002 0.000002 0.000002 0.000479 0.000002 0.000050 0.000384 0.004295 0.000002 0.000002 0.000002 0.009736
 0.945054 0.000002 0.006107 0.000193 0.000050 0.033627 0.000002 0.000002 0.000002 0.000002 0.000002 0.000479 0.000002 0.000050 0.000384 0.004295 0.000002 0.000002 0.000002 0.009736
 0.945054 0.000002 0.006107 0.000193 0.000050 0.033627 0.000002 0.000002 0.000002 0.000002 0.000002 0.000479 0.000002 0.000050 0.000384 0.004295 0.000002 0.000002 0.000002 0.009736

MOTIF 2-GRG STREME-2
letter-probability matrix: alength= 20 w= 3 nsites= 4 E= 2.0e+000
 0.035963 0.000002 0.006107 0.000193 0.000050 0.942718 0.000002 0.000002 0.000002 0.000002 0.000002 0.000479 0.000002 0.000050 0.000384 0.004295 0.000002 0.000002 0.000002 0.009736
 0.035963 0.000002 0.006107 0.000193 0.000050 0.033627 0.000002 0.000002 0.000002 0.000002 0.000002 0.000479 0.000002 0.000050 0.909475 0.004295 0.000002 0.000002 0.000002 0.009736
 0.035963 0.000002 0.006107 0.000193 0.000050 0.942718 0.000002 0.000002 0.000002 0.000002 0.000002 0.000479 0.000002 0.000050 0.000384 0.004295 0.000002 0.000002 0.000002 0.009736

MOTIF 3-GYG STREME-3
letter-probability matrix: alength= 20 w= 3 nsites= 11 E= 2.0e+000
 0.035963 0.000002 0.006107 0.000193 0.000050 0.942718 0.000002 0.000002 0.000002 0.000002 0.000002 0.000479 0.000002 0.000050 0.000384 0.004295 0.000002 0.000002 0.000002 0.009736
 0.035963 0.000002 0.006107 0.000193 0.000050 0.033627 0.000002 0.000002 0.000002 0.000002 0.000002 0.000479 0.000002 0.000050 0.000384 0.004295 0.000002 0.000002 0.000002 0.918827
 0.035963 0.000002 0.006107 0.000193 0.000050 0.942718 0.000002 0.000002 0.000002 0.000002 0.000002 0.000479 0.000002 0.000050 0.000384 0.004295 0.000002 0.000002 0.000002 0.009736

MOTIF 4-GSA STREME-4
letter-probability matrix: alength= 20 w= 3 nsites= 1 E= 4.0e+000
 0.035963 0.000002 0.006107 0.000193 0.000050 0.942718 0.000002 0.000002 0.000002 0.000002 0.000002 0.000479 0.000002 0.000050 0.000384 0.004295 0.000002 0.000002 0.000002 0.009736
 0.035963 0.000002 0.006107 0.000193 0.000050 0.033627 0.000002 0.000002 0.000002 0.000002 0.000002 0.000479 0.000002 0.000050 0.000384 0.913386 0.000002 0.000002 0.000002 0.009736
 0.945054 0.000002 0.006107 0.000193 0.000050 0.033627 0.000002 0.000002 0.000002 0.000002 0.000002 0.000479 0.000002 0.000050 0.000384 0.004295 0.000002 0.000002 0.000002 0.009736

********************************************************************************
Stopped because 3 consecutive motifs exceeded the p-value threshold (0.05).
********************************************************************************
COMMAND:	streme --protein --p ./Data/v1_cluster_windows_15mers/cluster_12546.fasta --minw 3 --maxw 15 --thresh 0.05 --oc ./Results/v1_Top500_Run_20250504_162200/streme_out_cluster_12546
********************************************************************************
CPU:		Hirokis-MacBook-Air.local
********************************************************************************
FINALTIME:	0.23 seconds
********************************************************************************
