********************************************************************************
STREME - Sensitive, Thorough, Rapid, Enriched Motif Elicitation
********************************************************************************
MEME version 5.5.7 (Release date: Wed Jun 19 13:59:04 2024 -0700)

For further information on how to interpret these results please access https://meme-suite.org/meme.
To get a copy of the MEME Suite software please access https://meme-suite.org.

********************************************************************************


********************************************************************************
REFERENCE
********************************************************************************
If you use this program in your research, please cite:

Timothy L. Bailey,
"STREME: accurate and versatile sequence motif discovery",
Bioinformatics, Mar. 24, 2021.
********************************************************************************


ALPHABET= ACDEFGHIKLMNPQRSTVWY

strands: +

Background letter frequencies
A 0.0504 C 8.12e-05 D 0.00658 E 8.12e-05 F 0.0082 G 0.0796 H 0.00171 I 0.0439 K 8.12e-05 L 0.136 M 8.12e-05 N 0.119 P 0.111 Q 0.0553 R 0.0666 S 0.224 T 0.0244 V 0.0731 W 8.12e-05 Y 8.12e-05 

MOTIF 1-LVSNGRPNF STREME-1
letter-probability matrix: alength= 20 w= 9 nsites= 41 S= 2.4e-024
 0.004583 0.000007 0.000598 0.000007 0.000745 0.007239 0.000155 0.003992 0.000007 0.921491 0.000007 0.010782 0.010046 0.005025 0.006058 0.020373 0.002221 0.006648 0.000007 0.000007
 0.004583 0.000007 0.000598 0.000007 0.000745 0.007239 0.000155 0.003992 0.000007 0.012400 0.000007 0.010782 0.010046 0.005025 0.006058 0.020373 0.002221 0.915739 0.000007 0.000007
 0.004583 0.000007 0.000598 0.000007 0.000745 0.007239 0.000155 0.003992 0.000007 0.012400 0.000007 0.010782 0.010046 0.005025 0.006058 0.929464 0.002221 0.006648 0.000007 0.000007
 0.004583 0.000007 0.000598 0.000007 0.000745 0.007239 0.000155 0.003992 0.000007 0.012400 0.000007 0.919873 0.010046 0.005025 0.006058 0.020373 0.002221 0.006648 0.000007 0.000007
 0.004583 0.000007 0.000598 0.000007 0.000745 0.916330 0.000155 0.003992 0.000007 0.012400 0.000007 0.010782 0.010046 0.005025 0.006058 0.020373 0.002221 0.006648 0.000007 0.000007
 0.004583 0.000007 0.000598 0.000007 0.000745 0.007239 0.000155 0.003992 0.000007 0.012400 0.000007 0.010782 0.010046 0.005025 0.915149 0.020373 0.002221 0.006648 0.000007 0.000007
 0.004583 0.000007 0.000598 0.000007 0.000745 0.007239 0.000155 0.003992 0.000007 0.012400 0.000007 0.010782 0.919136 0.005025 0.006058 0.020373 0.002221 0.006648 0.000007 0.000007
 0.004583 0.000007 0.000598 0.000007 0.000745 0.007239 0.000155 0.003992 0.000007 0.012400 0.000007 0.919873 0.010046 0.005025 0.006058 0.020373 0.002221 0.006648 0.000007 0.000007
 0.004583 0.000007 0.000598 0.000007 0.909836 0.007239 0.000155 0.003992 0.000007 0.012400 0.000007 0.010782 0.010046 0.005025 0.006058 0.020373 0.002221 0.006648 0.000007 0.000007

MOTIF 2-IASLP STREME-2
letter-probability matrix: alength= 20 w= 5 nsites= 30 S= 1.4e-013
 0.004583 0.000007 0.000598 0.000007 0.000745 0.007239 0.000155 0.913083 0.000007 0.012400 0.000007 0.010782 0.010046 0.005025 0.006058 0.020373 0.002221 0.006648 0.000007 0.000007
 0.913674 0.000007 0.000598 0.000007 0.000745 0.007239 0.000155 0.003992 0.000007 0.012400 0.000007 0.010782 0.010046 0.005025 0.006058 0.020373 0.002221 0.006648 0.000007 0.000007
 0.004583 0.000007 0.000598 0.000007 0.000745 0.007239 0.000155 0.003992 0.000007 0.012400 0.000007 0.010782 0.010046 0.005025 0.006058 0.929464 0.002221 0.006648 0.000007 0.000007
 0.004583 0.000007 0.000598 0.000007 0.000745 0.007239 0.000155 0.003992 0.000007 0.921491 0.000007 0.010782 0.010046 0.005025 0.006058 0.020373 0.002221 0.006648 0.000007 0.000007
 0.004583 0.000007 0.000598 0.000007 0.000745 0.007239 0.000155 0.003992 0.000007 0.012400 0.000007 0.010782 0.919136 0.005025 0.006058 0.020373 0.002221 0.006648 0.000007 0.000007

MOTIF 3-SSLS STREME-3
letter-probability matrix: alength= 20 w= 4 nsites= 6 S= 1.3e-002
 0.004583 0.000007 0.000598 0.000007 0.000745 0.007239 0.000155 0.003992 0.000007 0.012400 0.000007 0.010782 0.010046 0.005025 0.006058 0.929464 0.002221 0.006648 0.000007 0.000007
 0.004583 0.000007 0.000598 0.000007 0.000745 0.007239 0.000155 0.003992 0.000007 0.012400 0.000007 0.010782 0.010046 0.005025 0.006058 0.929464 0.002221 0.006648 0.000007 0.000007
 0.004583 0.000007 0.000598 0.000007 0.000745 0.007239 0.000155 0.003992 0.000007 0.921491 0.000007 0.010782 0.010046 0.005025 0.006058 0.020373 0.002221 0.006648 0.000007 0.000007
 0.004583 0.000007 0.000598 0.000007 0.000745 0.007239 0.000155 0.003992 0.000007 0.012400 0.000007 0.010782 0.010046 0.005025 0.006058 0.929464 0.002221 0.006648 0.000007 0.000007

MOTIF 4-LSSLP STREME-4
letter-probability matrix: alength= 20 w= 5 nsites= 2 S= 2.5e-001
 0.004583 0.000007 0.000598 0.000007 0.000745 0.007239 0.000155 0.003992 0.000007 0.921491 0.000007 0.010782 0.010046 0.005025 0.006058 0.020373 0.002221 0.006648 0.000007 0.000007
 0.004583 0.000007 0.000598 0.000007 0.000745 0.007239 0.000155 0.003992 0.000007 0.012400 0.000007 0.010782 0.010046 0.005025 0.006058 0.929464 0.002221 0.006648 0.000007 0.000007
 0.004583 0.000007 0.000598 0.000007 0.000745 0.007239 0.000155 0.003992 0.000007 0.012400 0.000007 0.010782 0.010046 0.005025 0.006058 0.929464 0.002221 0.006648 0.000007 0.000007
 0.004583 0.000007 0.000598 0.000007 0.000745 0.007239 0.000155 0.003992 0.000007 0.921491 0.000007 0.010782 0.010046 0.005025 0.006058 0.020373 0.002221 0.006648 0.000007 0.000007
 0.004583 0.000007 0.000598 0.000007 0.000745 0.007239 0.000155 0.003992 0.000007 0.012400 0.000007 0.010782 0.919136 0.005025 0.006058 0.020373 0.002221 0.006648 0.000007 0.000007

MOTIF 5-VSNLS STREME-5
letter-probability matrix: alength= 20 w= 5 nsites= 1 S= 5.0e-001
 0.006356 0.000010 0.000829 0.000010 0.001034 0.010040 0.000215 0.005536 0.000010 0.017197 0.000010 0.014953 0.013932 0.006970 0.008402 0.028255 0.003080 0.883140 0.000010 0.000010
 0.006356 0.000010 0.000829 0.000010 0.001034 0.010040 0.000215 0.005536 0.000010 0.017197 0.000010 0.014953 0.013932 0.006970 0.008402 0.902175 0.003080 0.009220 0.000010 0.000010
 0.006356 0.000010 0.000829 0.000010 0.001034 0.010040 0.000215 0.005536 0.000010 0.017197 0.000010 0.888873 0.013932 0.006970 0.008402 0.028255 0.003080 0.009220 0.000010 0.000010
 0.006356 0.000010 0.000829 0.000010 0.001034 0.010040 0.000215 0.005536 0.000010 0.891117 0.000010 0.014953 0.013932 0.006970 0.008402 0.028255 0.003080 0.009220 0.000010 0.000010
 0.006356 0.000010 0.000829 0.000010 0.001034 0.010040 0.000215 0.005536 0.000010 0.017197 0.000010 0.014953 0.013932 0.006970 0.008402 0.902175 0.003080 0.009220 0.000010 0.000010

********************************************************************************
Stopped because maximum number of motifs (5) reached.
********************************************************************************
COMMAND:	streme --protein --p ./Data/v1_cluster_windows_15mers/cluster_2064.fasta --minw 3 --maxw 15 --thresh 0.05 --oc ./Results/v1_Top500_Run_20250504_162200/streme_out_cluster_2064
********************************************************************************
CPU:		Hirokis-MacBook-Air.local
********************************************************************************
FINALTIME:	0.18 seconds
********************************************************************************
