********************************************************************************
STREME - Sensitive, Thorough, Rapid, Enriched Motif Elicitation
********************************************************************************
MEME version 5.5.7 (Release date: Wed Jun 19 13:59:04 2024 -0700)

For further information on how to interpret these results please access https://meme-suite.org/meme.
To get a copy of the MEME Suite software please access https://meme-suite.org.

********************************************************************************


********************************************************************************
REFERENCE
********************************************************************************
If you use this program in your research, please cite:

Timothy L. Bailey,
"STREME: accurate and versatile sequence motif discovery",
Bioinformatics, Mar. 24, 2021.
********************************************************************************


ALPHABET= ACDEFGHIKLMNPQRSTVWY

strands: +

Background letter frequencies
A 0.14 C 8.32e-05 D 0.00341 E 8.32e-05 F 8.32e-05 G 0.549 H 8.32e-05 I 8.32e-05 K 8.32e-05 L 0.0234 M 8.32e-05 N 8.32e-05 P 0.00175 Q 0.0849 R 0.0683 S 0.0483 T 0.00341 V 0.00507 W 8.32e-05 Y 0.0716 

MOTIF 1-AGRGGYG STREME-1
letter-probability matrix: alength= 20 w= 7 nsites= 38 S= 8.0e-021
 0.479955 0.000000 0.000012 0.000000 0.000000 0.366385 0.000000 0.000000 0.000000 0.000084 0.000000 0.000000 0.000006 0.000306 0.000246 0.050080 0.000012 0.000018 0.000000 0.102893
 0.000504 0.000000 0.000012 0.000000 0.000000 0.998377 0.000000 0.000000 0.000000 0.000084 0.000000 0.000000 0.000006 0.000306 0.000246 0.000174 0.000012 0.000018 0.000000 0.000258
 0.000504 0.000000 0.000012 0.000000 0.000000 0.001977 0.000000 0.000000 0.000000 0.000084 0.000000 0.000000 0.000006 0.129840 0.867111 0.000174 0.000012 0.000018 0.000000 0.000258
 0.000504 0.000000 0.000012 0.000000 0.000000 0.998377 0.000000 0.000000 0.000000 0.000084 0.000000 0.000000 0.000006 0.000306 0.000246 0.000174 0.000012 0.000018 0.000000 0.000258
 0.000504 0.000000 0.000012 0.000000 0.000000 0.998377 0.000000 0.000000 0.000000 0.000084 0.000000 0.000000 0.000006 0.000306 0.000246 0.000174 0.000012 0.000018 0.000000 0.000258
 0.025456 0.000000 0.000012 0.000000 0.000000 0.001977 0.000000 0.000000 0.000000 0.182008 0.000000 0.000000 0.000006 0.000306 0.000246 0.050080 0.000012 0.024971 0.000000 0.714923
 0.000504 0.000000 0.000012 0.000000 0.000000 0.998377 0.000000 0.000000 0.000000 0.000084 0.000000 0.000000 0.000006 0.000306 0.000246 0.000174 0.000012 0.000018 0.000000 0.000258

MOTIF 2-SGQ STREME-2
letter-probability matrix: alength= 20 w= 3 nsites= 7 S= 5.9e-003
 0.012717 0.000008 0.000310 0.000008 0.000008 0.049923 0.000008 0.000008 0.000008 0.002125 0.000008 0.000008 0.000159 0.007721 0.006209 0.913485 0.000310 0.000461 0.000008 0.006511
 0.012717 0.000008 0.000310 0.000008 0.000008 0.959014 0.000008 0.000008 0.000008 0.002125 0.000008 0.000008 0.000159 0.007721 0.006209 0.004394 0.000310 0.000461 0.000008 0.006511
 0.012717 0.000008 0.000310 0.000008 0.000008 0.049923 0.000008 0.000008 0.000008 0.002125 0.000008 0.000008 0.000159 0.916812 0.006209 0.004394 0.000310 0.000461 0.000008 0.006511

MOTIF 3-AGQ STREME-3
letter-probability matrix: alength= 20 w= 3 nsites= 6 S= 5.4e-002
 0.921808 0.000008 0.000310 0.000008 0.000008 0.049923 0.000008 0.000008 0.000008 0.002125 0.000008 0.000008 0.000159 0.007721 0.006209 0.004394 0.000310 0.000461 0.000008 0.006511
 0.012717 0.000008 0.000310 0.000008 0.000008 0.959014 0.000008 0.000008 0.000008 0.002125 0.000008 0.000008 0.000159 0.007721 0.006209 0.004394 0.000310 0.000461 0.000008 0.006511
 0.012717 0.000008 0.000310 0.000008 0.000008 0.049923 0.000008 0.000008 0.000008 0.002125 0.000008 0.000008 0.000159 0.916812 0.006209 0.004394 0.000310 0.000461 0.000008 0.006511

MOTIF 4-AAA STREME-4
letter-probability matrix: alength= 20 w= 3 nsites= 3 S= 1.2e-001
 0.921808 0.000008 0.000310 0.000008 0.000008 0.049923 0.000008 0.000008 0.000008 0.002125 0.000008 0.000008 0.000159 0.007721 0.006209 0.004394 0.000310 0.000461 0.000008 0.006511
 0.921808 0.000008 0.000310 0.000008 0.000008 0.049923 0.000008 0.000008 0.000008 0.002125 0.000008 0.000008 0.000159 0.007721 0.006209 0.004394 0.000310 0.000461 0.000008 0.006511
 0.921808 0.000008 0.000310 0.000008 0.000008 0.049923 0.000008 0.000008 0.000008 0.002125 0.000008 0.000008 0.000159 0.007721 0.006209 0.004394 0.000310 0.000461 0.000008 0.006511

MOTIF 5-YGSQ STREME-5
letter-probability matrix: alength= 20 w= 4 nsites= 3 S= 1.2e-001
 0.012717 0.000008 0.000310 0.000008 0.000008 0.049923 0.000008 0.000008 0.000008 0.002125 0.000008 0.000008 0.000159 0.007721 0.006209 0.004394 0.000310 0.000461 0.000008 0.915602
 0.012717 0.000008 0.000310 0.000008 0.000008 0.959014 0.000008 0.000008 0.000008 0.002125 0.000008 0.000008 0.000159 0.007721 0.006209 0.004394 0.000310 0.000461 0.000008 0.006511
 0.012717 0.000008 0.000310 0.000008 0.000008 0.049923 0.000008 0.000008 0.000008 0.002125 0.000008 0.000008 0.000159 0.007721 0.006209 0.913485 0.000310 0.000461 0.000008 0.006511
 0.012717 0.000008 0.000310 0.000008 0.000008 0.049923 0.000008 0.000008 0.000008 0.002125 0.000008 0.000008 0.000159 0.916812 0.006209 0.004394 0.000310 0.000461 0.000008 0.006511

********************************************************************************
Stopped because maximum number of motifs (5) reached.
********************************************************************************
COMMAND:	streme --protein --p ./Data/v1_cluster_windows_15mers/cluster_11644.fasta --minw 3 --maxw 15 --thresh 0.05 --oc ./Results/v1_Top500_Run_20250504_162200/streme_out_cluster_11644
********************************************************************************
CPU:		Hirokis-MacBook-Air.local
********************************************************************************
FINALTIME:	0.22 seconds
********************************************************************************
