********************************************************************************
STREME - Sensitive, Thorough, Rapid, Enriched Motif Elicitation
********************************************************************************
MEME version 5.5.7 (Release date: Wed Jun 19 13:59:04 2024 -0700)

For further information on how to interpret these results please access https://meme-suite.org/meme.
To get a copy of the MEME Suite software please access https://meme-suite.org.

********************************************************************************


********************************************************************************
REFERENCE
********************************************************************************
If you use this program in your research, please cite:

Timothy L. Bailey,
"STREME: accurate and versatile sequence motif discovery",
Bioinformatics, Mar. 24, 2021.
********************************************************************************


ALPHABET= ACDEFGHIKLMNPQRSTVWY

strands: +

Background letter frequencies
A 0.112 C 5.28e-05 D 0.0402 E 5.28e-05 F 5.28e-05 G 0.0201 H 5.28e-05 I 0.00851 K 5.28e-05 L 0.131 M 5.28e-05 N 0.11 P 0.0614 Q 5.28e-05 R 5.28e-05 S 0.293 T 0.0286 V 0.195 W 5.28e-05 Y 5.28e-05 

MOTIF 1-PSDANVVSSALSNLV STREME-1
letter-probability matrix: alength= 20 w= 15 nsites= 63 E= 3.2e-003
 0.010190 0.000005 0.003656 0.000005 0.000005 0.001831 0.000005 0.000774 0.000005 0.011918 0.000005 0.010000 0.914669 0.000005 0.000005 0.026626 0.002599 0.017690 0.000005 0.000005
 0.010190 0.000005 0.003656 0.000005 0.000005 0.001831 0.000005 0.000774 0.000005 0.011918 0.000005 0.010000 0.005578 0.000005 0.000005 0.935717 0.002599 0.017690 0.000005 0.000005
 0.010190 0.000005 0.912747 0.000005 0.000005 0.001831 0.000005 0.000774 0.000005 0.011918 0.000005 0.010000 0.005578 0.000005 0.000005 0.026626 0.002599 0.017690 0.000005 0.000005
 0.919281 0.000005 0.003656 0.000005 0.000005 0.001831 0.000005 0.000774 0.000005 0.011918 0.000005 0.010000 0.005578 0.000005 0.000005 0.026626 0.002599 0.017690 0.000005 0.000005
 0.010190 0.000005 0.003656 0.000005 0.000005 0.001831 0.000005 0.000774 0.000005 0.011918 0.000005 0.919090 0.005578 0.000005 0.000005 0.026626 0.002599 0.017690 0.000005 0.000005
 0.010190 0.000005 0.003656 0.000005 0.000005 0.001831 0.000005 0.000774 0.000005 0.011918 0.000005 0.010000 0.005578 0.000005 0.000005 0.026626 0.002599 0.926781 0.000005 0.000005
 0.010190 0.000005 0.003656 0.000005 0.000005 0.001831 0.000005 0.000774 0.000005 0.011918 0.000005 0.010000 0.005578 0.000005 0.000005 0.026626 0.002599 0.926781 0.000005 0.000005
 0.010190 0.000005 0.003656 0.000005 0.000005 0.001831 0.000005 0.000774 0.000005 0.011918 0.000005 0.010000 0.005578 0.000005 0.000005 0.935717 0.002599 0.017690 0.000005 0.000005
 0.010190 0.000005 0.003656 0.000005 0.000005 0.001831 0.000005 0.000774 0.000005 0.011918 0.000005 0.010000 0.005578 0.000005 0.000005 0.935717 0.002599 0.017690 0.000005 0.000005
 0.919281 0.000005 0.003656 0.000005 0.000005 0.001831 0.000005 0.000774 0.000005 0.011918 0.000005 0.010000 0.005578 0.000005 0.000005 0.026626 0.002599 0.017690 0.000005 0.000005
 0.010190 0.000005 0.003656 0.000005 0.000005 0.001831 0.000005 0.000774 0.000005 0.921009 0.000005 0.010000 0.005578 0.000005 0.000005 0.026626 0.002599 0.017690 0.000005 0.000005
 0.010190 0.000005 0.003656 0.000005 0.000005 0.001831 0.000005 0.000774 0.000005 0.011918 0.000005 0.010000 0.005578 0.000005 0.000005 0.935717 0.002599 0.017690 0.000005 0.000005
 0.010190 0.000005 0.003656 0.000005 0.000005 0.001831 0.000005 0.000774 0.000005 0.011918 0.000005 0.919090 0.005578 0.000005 0.000005 0.026626 0.002599 0.017690 0.000005 0.000005
 0.010190 0.000005 0.003656 0.000005 0.000005 0.001831 0.000005 0.000774 0.000005 0.921009 0.000005 0.010000 0.005578 0.000005 0.000005 0.026626 0.002599 0.017690 0.000005 0.000005
 0.010190 0.000005 0.003656 0.000005 0.000005 0.001831 0.000005 0.000774 0.000005 0.011918 0.000005 0.010000 0.005578 0.000005 0.000005 0.026626 0.002599 0.926781 0.000005 0.000005

MOTIF 2-NPA STREME-2
letter-probability matrix: alength= 20 w= 3 nsites= 4 E= 3.0e+000
 0.010190 0.000005 0.003656 0.000005 0.000005 0.001831 0.000005 0.000774 0.000005 0.011918 0.000005 0.919090 0.005578 0.000005 0.000005 0.026626 0.002599 0.017690 0.000005 0.000005
 0.010190 0.000005 0.003656 0.000005 0.000005 0.001831 0.000005 0.000774 0.000005 0.011918 0.000005 0.010000 0.914669 0.000005 0.000005 0.026626 0.002599 0.017690 0.000005 0.000005
 0.919281 0.000005 0.003656 0.000005 0.000005 0.001831 0.000005 0.000774 0.000005 0.011918 0.000005 0.010000 0.005578 0.000005 0.000005 0.026626 0.002599 0.017690 0.000005 0.000005

MOTIF 3-VPS STREME-3
letter-probability matrix: alength= 20 w= 3 nsites= 1 E= 3.0e+000
 0.010190 0.000005 0.003656 0.000005 0.000005 0.001831 0.000005 0.000774 0.000005 0.011918 0.000005 0.010000 0.005578 0.000005 0.000005 0.026626 0.002599 0.926781 0.000005 0.000005
 0.010190 0.000005 0.003656 0.000005 0.000005 0.001831 0.000005 0.000774 0.000005 0.011918 0.000005 0.010000 0.914669 0.000005 0.000005 0.026626 0.002599 0.017690 0.000005 0.000005
 0.010190 0.000005 0.003656 0.000005 0.000005 0.001831 0.000005 0.000774 0.000005 0.011918 0.000005 0.010000 0.005578 0.000005 0.000005 0.935717 0.002599 0.017690 0.000005 0.000005

********************************************************************************
Stopped because the next motif had no positive sites with scores > 0.
********************************************************************************
COMMAND:	streme --protein --p ./Data/v1_cluster_windows_15mers/cluster_20733.fasta --minw 3 --maxw 15 --thresh 0.05 --oc ./Results/v1_Top500_Run_20250504_162200/streme_out_cluster_20733
********************************************************************************
CPU:		Hirokis-MacBook-Air.local
********************************************************************************
FINALTIME:	0.19 seconds
********************************************************************************
