********************************************************************************
STREME - Sensitive, Thorough, Rapid, Enriched Motif Elicitation
********************************************************************************
MEME version 5.5.7 (Release date: Wed Jun 19 13:59:04 2024 -0700)

For further information on how to interpret these results please access https://meme-suite.org/meme.
To get a copy of the MEME Suite software please access https://meme-suite.org.

********************************************************************************


********************************************************************************
REFERENCE
********************************************************************************
If you use this program in your research, please cite:

Timothy L. Bailey,
"STREME: accurate and versatile sequence motif discovery",
Bioinformatics, Mar. 24, 2021.
********************************************************************************


ALPHABET= ACDEFGHIKLMNPQRSTVWY

strands: +

Background letter frequencies
A 0.0696 C 4.9e-05 D 0.0451 E 0.0461 F 4.9e-05 G 0.121 H 0.0569 I 0.0911 K 0.00299 L 0.0696 M 4.9e-05 N 0.0569 P 0.00103 Q 0.0226 R 0.00299 S 0.124 T 0.0676 V 0.173 W 4.9e-05 Y 0.049 

MOTIF 1-VHILGSATIGEVNYD STREME-1
letter-probability matrix: alength= 20 w= 15 nsites= 68 E= 4.3e-003
 0.006327 0.000004 0.004100 0.004189 0.000004 0.010955 0.005169 0.008286 0.000272 0.006327 0.000004 0.005169 0.000093 0.002053 0.000272 0.011310 0.006149 0.924855 0.000004 0.004457
 0.006327 0.000004 0.004100 0.004189 0.000004 0.010955 0.914260 0.008286 0.000272 0.006327 0.000004 0.005169 0.000093 0.002053 0.000272 0.011310 0.006149 0.015764 0.000004 0.004457
 0.006327 0.000004 0.004100 0.004189 0.000004 0.010955 0.005169 0.917377 0.000272 0.006327 0.000004 0.005169 0.000093 0.002053 0.000272 0.011310 0.006149 0.015764 0.000004 0.004457
 0.006327 0.000004 0.004100 0.004189 0.000004 0.010955 0.005169 0.008286 0.000272 0.915418 0.000004 0.005169 0.000093 0.002053 0.000272 0.011310 0.006149 0.015764 0.000004 0.004457
 0.006327 0.000004 0.004100 0.004189 0.000004 0.920046 0.005169 0.008286 0.000272 0.006327 0.000004 0.005169 0.000093 0.002053 0.000272 0.011310 0.006149 0.015764 0.000004 0.004457
 0.006327 0.000004 0.004100 0.004189 0.000004 0.010955 0.005169 0.008286 0.000272 0.006327 0.000004 0.005169 0.000093 0.002053 0.000272 0.920401 0.006149 0.015764 0.000004 0.004457
 0.915418 0.000004 0.004100 0.004189 0.000004 0.010955 0.005169 0.008286 0.000272 0.006327 0.000004 0.005169 0.000093 0.002053 0.000272 0.011310 0.006149 0.015764 0.000004 0.004457
 0.006327 0.000004 0.004100 0.004189 0.000004 0.010955 0.005169 0.008286 0.000272 0.006327 0.000004 0.005169 0.000093 0.002053 0.000272 0.011310 0.915239 0.015764 0.000004 0.004457
 0.006327 0.000004 0.004100 0.004189 0.000004 0.010955 0.005169 0.917377 0.000272 0.006327 0.000004 0.005169 0.000093 0.002053 0.000272 0.011310 0.006149 0.015764 0.000004 0.004457
 0.006327 0.000004 0.004100 0.004189 0.000004 0.920046 0.005169 0.008286 0.000272 0.006327 0.000004 0.005169 0.000093 0.002053 0.000272 0.011310 0.006149 0.015764 0.000004 0.004457
 0.006327 0.000004 0.004100 0.913280 0.000004 0.010955 0.005169 0.008286 0.000272 0.006327 0.000004 0.005169 0.000093 0.002053 0.000272 0.011310 0.006149 0.015764 0.000004 0.004457
 0.006327 0.000004 0.004100 0.004189 0.000004 0.010955 0.005169 0.008286 0.000272 0.006327 0.000004 0.005169 0.000093 0.002053 0.000272 0.011310 0.006149 0.924855 0.000004 0.004457
 0.006327 0.000004 0.004100 0.004189 0.000004 0.010955 0.005169 0.008286 0.000272 0.006327 0.000004 0.914260 0.000093 0.002053 0.000272 0.011310 0.006149 0.015764 0.000004 0.004457
 0.006327 0.000004 0.004100 0.004189 0.000004 0.010955 0.005169 0.008286 0.000272 0.006327 0.000004 0.005169 0.000093 0.002053 0.000272 0.011310 0.006149 0.015764 0.000004 0.913548
 0.006327 0.000004 0.913191 0.004189 0.000004 0.010955 0.005169 0.008286 0.000272 0.006327 0.000004 0.005169 0.000093 0.002053 0.000272 0.011310 0.006149 0.015764 0.000004 0.004457

MOTIF 2-SSS STREME-2
letter-probability matrix: alength= 20 w= 3 nsites= 5 E= 4.0e+000
 0.006327 0.000004 0.004100 0.004189 0.000004 0.010955 0.005169 0.008286 0.000272 0.006327 0.000004 0.005169 0.000093 0.002053 0.000272 0.920401 0.006149 0.015764 0.000004 0.004457
 0.006327 0.000004 0.004100 0.004189 0.000004 0.010955 0.005169 0.008286 0.000272 0.006327 0.000004 0.005169 0.000093 0.002053 0.000272 0.920401 0.006149 0.015764 0.000004 0.004457
 0.006327 0.000004 0.004100 0.004189 0.000004 0.010955 0.005169 0.008286 0.000272 0.006327 0.000004 0.005169 0.000093 0.002053 0.000272 0.920401 0.006149 0.015764 0.000004 0.004457

MOTIF 3-DSY STREME-3
letter-probability matrix: alength= 20 w= 3 nsites= 1 E= 4.0e+000
 0.008774 0.000006 0.879607 0.005810 0.000006 0.015193 0.007169 0.011492 0.000377 0.008774 0.000006 0.007169 0.000130 0.002847 0.000377 0.015685 0.008527 0.021863 0.000006 0.006181
 0.008774 0.000006 0.005687 0.005810 0.000006 0.015193 0.007169 0.011492 0.000377 0.008774 0.000006 0.007169 0.000130 0.002847 0.000377 0.889605 0.008527 0.021863 0.000006 0.006181
 0.008774 0.000006 0.005687 0.005810 0.000006 0.015193 0.007169 0.011492 0.000377 0.008774 0.000006 0.007169 0.000130 0.002847 0.000377 0.015685 0.008527 0.021863 0.000006 0.880101

MOTIF 4-DTS STREME-4
letter-probability matrix: alength= 20 w= 3 nsites= 1 E= 4.0e+000
 0.008774 0.000006 0.879607 0.005810 0.000006 0.015193 0.007169 0.011492 0.000377 0.008774 0.000006 0.007169 0.000130 0.002847 0.000377 0.015685 0.008527 0.021863 0.000006 0.006181
 0.008774 0.000006 0.005687 0.005810 0.000006 0.015193 0.007169 0.011492 0.000377 0.008774 0.000006 0.007169 0.000130 0.002847 0.000377 0.015685 0.882447 0.021863 0.000006 0.006181
 0.008774 0.000006 0.005687 0.005810 0.000006 0.015193 0.007169 0.011492 0.000377 0.008774 0.000006 0.007169 0.000130 0.002847 0.000377 0.889605 0.008527 0.021863 0.000006 0.006181

********************************************************************************
Stopped because 3 consecutive motifs exceeded the p-value threshold (0.05).
********************************************************************************
COMMAND:	streme --protein --p ./Data/v1_cluster_windows_15mers/cluster_8347.fasta --minw 3 --maxw 15 --thresh 0.05 --oc ./Results/v1_Top500_Run_20250504_162200/streme_out_cluster_8347
********************************************************************************
CPU:		Hirokis-MacBook-Air.local
********************************************************************************
FINALTIME:	0.19 seconds
********************************************************************************
