********************************************************************************
STREME - Sensitive, Thorough, Rapid, Enriched Motif Elicitation
********************************************************************************
MEME version 5.5.7 (Release date: Wed Jun 19 13:59:04 2024 -0700)

For further information on how to interpret these results please access https://meme-suite.org/meme.
To get a copy of the MEME Suite software please access https://meme-suite.org.

********************************************************************************


********************************************************************************
REFERENCE
********************************************************************************
If you use this program in your research, please cite:

Timothy L. Bailey,
"STREME: accurate and versatile sequence motif discovery",
Bioinformatics, Mar. 24, 2021.
********************************************************************************


ALPHABET= ACDEFGHIKLMNPQRSTVWY

strands: +

Background letter frequencies
A 0.0213 C 7.08e-05 D 0.0171 E 7.08e-05 F 7.08e-05 G 0.506 H 7.08e-05 I 0.00432 K 7.08e-05 L 0.19 M 0.00574 N 7.08e-05 P 0.00149 Q 0.0652 R 0.00715 S 0.0666 T 0.0383 V 0.00715 W 7.08e-05 Y 0.0695 

MOTIF 1-AGGLGGLGLYGQGSG STREME-1
letter-probability matrix: alength= 20 w= 15 nsites= 46 S= 3.0e-026
 0.911029 0.000006 0.001552 0.000006 0.000006 0.045973 0.000006 0.000393 0.000006 0.017264 0.000522 0.000006 0.000135 0.005930 0.000650 0.006058 0.003483 0.000650 0.000006 0.006316
 0.001938 0.000006 0.001552 0.000006 0.000006 0.955064 0.000006 0.000393 0.000006 0.017264 0.000522 0.000006 0.000135 0.005930 0.000650 0.006058 0.003483 0.000650 0.000006 0.006316
 0.001938 0.000006 0.001552 0.000006 0.000006 0.955064 0.000006 0.000393 0.000006 0.017264 0.000522 0.000006 0.000135 0.005930 0.000650 0.006058 0.003483 0.000650 0.000006 0.006316
 0.001938 0.000006 0.001552 0.000006 0.000006 0.045973 0.000006 0.000393 0.000006 0.926355 0.000522 0.000006 0.000135 0.005930 0.000650 0.006058 0.003483 0.000650 0.000006 0.006316
 0.001938 0.000006 0.001552 0.000006 0.000006 0.955064 0.000006 0.000393 0.000006 0.017264 0.000522 0.000006 0.000135 0.005930 0.000650 0.006058 0.003483 0.000650 0.000006 0.006316
 0.001938 0.000006 0.001552 0.000006 0.000006 0.955064 0.000006 0.000393 0.000006 0.017264 0.000522 0.000006 0.000135 0.005930 0.000650 0.006058 0.003483 0.000650 0.000006 0.006316
 0.001938 0.000006 0.001552 0.000006 0.000006 0.045973 0.000006 0.000393 0.000006 0.926355 0.000522 0.000006 0.000135 0.005930 0.000650 0.006058 0.003483 0.000650 0.000006 0.006316
 0.001938 0.000006 0.001552 0.000006 0.000006 0.955064 0.000006 0.000393 0.000006 0.017264 0.000522 0.000006 0.000135 0.005930 0.000650 0.006058 0.003483 0.000650 0.000006 0.006316
 0.001938 0.000006 0.001552 0.000006 0.000006 0.045973 0.000006 0.000393 0.000006 0.926355 0.000522 0.000006 0.000135 0.005930 0.000650 0.006058 0.003483 0.000650 0.000006 0.006316
 0.001938 0.000006 0.001552 0.000006 0.000006 0.045973 0.000006 0.000393 0.000006 0.017264 0.000522 0.000006 0.000135 0.005930 0.000650 0.006058 0.003483 0.000650 0.000006 0.915407
 0.001938 0.000006 0.001552 0.000006 0.000006 0.955064 0.000006 0.000393 0.000006 0.017264 0.000522 0.000006 0.000135 0.005930 0.000650 0.006058 0.003483 0.000650 0.000006 0.006316
 0.001938 0.000006 0.001552 0.000006 0.000006 0.045973 0.000006 0.000393 0.000006 0.017264 0.000522 0.000006 0.000135 0.915021 0.000650 0.006058 0.003483 0.000650 0.000006 0.006316
 0.001938 0.000006 0.001552 0.000006 0.000006 0.955064 0.000006 0.000393 0.000006 0.017264 0.000522 0.000006 0.000135 0.005930 0.000650 0.006058 0.003483 0.000650 0.000006 0.006316
 0.001938 0.000006 0.001552 0.000006 0.000006 0.045973 0.000006 0.000393 0.000006 0.017264 0.000522 0.000006 0.000135 0.005930 0.000650 0.915149 0.003483 0.000650 0.000006 0.006316
 0.001938 0.000006 0.001552 0.000006 0.000006 0.955064 0.000006 0.000393 0.000006 0.017264 0.000522 0.000006 0.000135 0.005930 0.000650 0.006058 0.003483 0.000650 0.000006 0.006316

MOTIF 2-DSY STREME-2
letter-probability matrix: alength= 20 w= 3 nsites= 2 S= 2.5e-001
 0.001938 0.000006 0.910643 0.000006 0.000006 0.045973 0.000006 0.000393 0.000006 0.017264 0.000522 0.000006 0.000135 0.005930 0.000650 0.006058 0.003483 0.000650 0.000006 0.006316
 0.001938 0.000006 0.001552 0.000006 0.000006 0.045973 0.000006 0.000393 0.000006 0.017264 0.000522 0.000006 0.000135 0.005930 0.000650 0.915149 0.003483 0.000650 0.000006 0.006316
 0.001938 0.000006 0.001552 0.000006 0.000006 0.045973 0.000006 0.000393 0.000006 0.017264 0.000522 0.000006 0.000135 0.005930 0.000650 0.006058 0.003483 0.000650 0.000006 0.915407

MOTIF 3-AGGRG STREME-3
letter-probability matrix: alength= 20 w= 5 nsites= 1 S= 5.0e-001
 0.876608 0.000009 0.002152 0.000009 0.000009 0.063759 0.000009 0.000545 0.000009 0.023943 0.000723 0.000009 0.000187 0.008224 0.000902 0.008402 0.004830 0.000902 0.000009 0.008760
 0.002688 0.000009 0.002152 0.000009 0.000009 0.937679 0.000009 0.000545 0.000009 0.023943 0.000723 0.000009 0.000187 0.008224 0.000902 0.008402 0.004830 0.000902 0.000009 0.008760
 0.002688 0.000009 0.002152 0.000009 0.000009 0.937679 0.000009 0.000545 0.000009 0.023943 0.000723 0.000009 0.000187 0.008224 0.000902 0.008402 0.004830 0.000902 0.000009 0.008760
 0.002688 0.000009 0.002152 0.000009 0.000009 0.063759 0.000009 0.000545 0.000009 0.023943 0.000723 0.000009 0.000187 0.008224 0.874822 0.008402 0.004830 0.000902 0.000009 0.008760
 0.002688 0.000009 0.002152 0.000009 0.000009 0.937679 0.000009 0.000545 0.000009 0.023943 0.000723 0.000009 0.000187 0.008224 0.000902 0.008402 0.004830 0.000902 0.000009 0.008760

MOTIF 4-GYGQG STREME-4
letter-probability matrix: alength= 20 w= 5 nsites= 1 S= 5.0e-001
 0.002688 0.000009 0.002152 0.000009 0.000009 0.937679 0.000009 0.000545 0.000009 0.023943 0.000723 0.000009 0.000187 0.008224 0.000902 0.008402 0.004830 0.000902 0.000009 0.008760
 0.002688 0.000009 0.002152 0.000009 0.000009 0.063759 0.000009 0.000545 0.000009 0.023943 0.000723 0.000009 0.000187 0.008224 0.000902 0.008402 0.004830 0.000902 0.000009 0.882680
 0.002688 0.000009 0.002152 0.000009 0.000009 0.937679 0.000009 0.000545 0.000009 0.023943 0.000723 0.000009 0.000187 0.008224 0.000902 0.008402 0.004830 0.000902 0.000009 0.008760
 0.002688 0.000009 0.002152 0.000009 0.000009 0.063759 0.000009 0.000545 0.000009 0.023943 0.000723 0.000009 0.000187 0.882144 0.000902 0.008402 0.004830 0.000902 0.000009 0.008760
 0.002688 0.000009 0.002152 0.000009 0.000009 0.937679 0.000009 0.000545 0.000009 0.023943 0.000723 0.000009 0.000187 0.008224 0.000902 0.008402 0.004830 0.000902 0.000009 0.008760

MOTIF 5-PLGQ STREME-5
letter-probability matrix: alength= 20 w= 4 nsites= 1 S= 5.0e-001
 0.002688 0.000009 0.002152 0.000009 0.000009 0.063759 0.000009 0.000545 0.000009 0.023943 0.000723 0.000009 0.874107 0.008224 0.000902 0.008402 0.004830 0.000902 0.000009 0.008760
 0.002688 0.000009 0.002152 0.000009 0.000009 0.063759 0.000009 0.000545 0.000009 0.897863 0.000723 0.000009 0.000187 0.008224 0.000902 0.008402 0.004830 0.000902 0.000009 0.008760
 0.002688 0.000009 0.002152 0.000009 0.000009 0.937679 0.000009 0.000545 0.000009 0.023943 0.000723 0.000009 0.000187 0.008224 0.000902 0.008402 0.004830 0.000902 0.000009 0.008760
 0.002688 0.000009 0.002152 0.000009 0.000009 0.063759 0.000009 0.000545 0.000009 0.023943 0.000723 0.000009 0.000187 0.882144 0.000902 0.008402 0.004830 0.000902 0.000009 0.008760

********************************************************************************
Stopped because maximum number of motifs (5) reached.
********************************************************************************
COMMAND:	streme --protein --p ./Data/v1_cluster_windows_15mers/cluster_45.fasta --minw 3 --maxw 15 --thresh 0.05 --oc ./Results/v1_Top500_Run_20250504_162200/streme_out_cluster_45
********************************************************************************
CPU:		Hirokis-MacBook-Air.local
********************************************************************************
FINALTIME:	0.17 seconds
********************************************************************************
