********************************************************************************
STREME - Sensitive, Thorough, Rapid, Enriched Motif Elicitation
********************************************************************************
MEME version 5.5.7 (Release date: Wed Jun 19 13:59:04 2024 -0700)

For further information on how to interpret these results please access https://meme-suite.org/meme.
To get a copy of the MEME Suite software please access https://meme-suite.org.

********************************************************************************


********************************************************************************
REFERENCE
********************************************************************************
If you use this program in your research, please cite:

Timothy L. Bailey,
"STREME: accurate and versatile sequence motif discovery",
Bioinformatics, Mar. 24, 2021.
********************************************************************************


ALPHABET= ACDEFGHIKLMNPQRSTVWY

strands: +

Background letter frequencies
A 0.134 C 6.05e-05 D 0.0715 E 6.05e-05 F 0.0509 G 0.137 H 6.05e-05 I 0.0194 K 0.0049 L 0.134 M 0.0134 N 0.13 P 0.00854 Q 0.0969 R 0.0388 S 0.0909 T 0.0146 V 0.017 W 6.05e-05 Y 0.0376 

MOTIF 1-QFGLDNSAMNG STREME-1
letter-probability matrix: alength= 20 w= 11 nsites= 54 E= 9.5e-002
 0.000386 0.000000 0.000205 0.000000 0.000146 0.000393 0.000000 0.000056 0.000014 0.000386 0.000038 0.000373 0.000025 0.997404 0.000112 0.000261 0.000042 0.000049 0.000000 0.000108
 0.000386 0.000000 0.000205 0.000000 0.731237 0.000393 0.000000 0.040192 0.000014 0.040523 0.000038 0.000373 0.000025 0.000279 0.000112 0.000261 0.000042 0.000049 0.000000 0.185870
 0.000386 0.000000 0.000205 0.000000 0.000146 0.528365 0.000000 0.000056 0.000014 0.469541 0.000038 0.000373 0.000025 0.000279 0.000112 0.000261 0.000042 0.000049 0.000000 0.000108
 0.000386 0.000000 0.000205 0.000000 0.000146 0.000393 0.000000 0.000056 0.000014 0.528358 0.000038 0.000373 0.000025 0.000279 0.469266 0.000261 0.000042 0.000049 0.000000 0.000108
 0.000386 0.000000 0.977409 0.000000 0.000146 0.000393 0.000000 0.000056 0.000014 0.000386 0.000038 0.020295 0.000025 0.000279 0.000112 0.000261 0.000042 0.000049 0.000000 0.000108
 0.000386 0.000000 0.000205 0.000000 0.000146 0.000393 0.000000 0.000056 0.000014 0.000386 0.000038 0.997498 0.000025 0.000279 0.000112 0.000261 0.000042 0.000049 0.000000 0.000108
 0.020309 0.000000 0.000205 0.000000 0.000146 0.000393 0.000000 0.000056 0.019936 0.000386 0.000038 0.303979 0.000025 0.000279 0.000112 0.634013 0.000042 0.000049 0.000000 0.020030
 0.656187 0.000000 0.000205 0.000000 0.000146 0.201086 0.000000 0.000056 0.000014 0.000386 0.000038 0.000373 0.000025 0.020201 0.000112 0.120972 0.000042 0.000049 0.000000 0.000108
 0.040523 0.000000 0.000205 0.000000 0.000146 0.060452 0.000000 0.060115 0.000014 0.221885 0.226530 0.000373 0.000025 0.223320 0.000112 0.000261 0.165882 0.000049 0.000000 0.000108
 0.246499 0.000000 0.000205 0.000000 0.000146 0.183590 0.000000 0.000056 0.060666 0.020309 0.000038 0.467692 0.000025 0.000279 0.000112 0.000261 0.000042 0.019971 0.000000 0.000108
 0.182990 0.000000 0.100401 0.000000 0.000146 0.241815 0.000000 0.000056 0.000014 0.000386 0.000038 0.206941 0.000025 0.146196 0.020034 0.020184 0.019964 0.000049 0.000000 0.060760

MOTIF 2-GYG STREME-2
letter-probability matrix: alength= 20 w= 3 nsites= 2 E= 4.0e+000
 0.012219 0.000006 0.006499 0.000006 0.004628 0.921537 0.000006 0.001766 0.000446 0.012219 0.001216 0.011782 0.000776 0.008810 0.003527 0.008260 0.001326 0.001546 0.000006 0.003417
 0.012219 0.000006 0.006499 0.000006 0.004628 0.012446 0.000006 0.001766 0.000446 0.012219 0.001216 0.011782 0.000776 0.008810 0.003527 0.008260 0.001326 0.001546 0.000006 0.912508
 0.012219 0.000006 0.006499 0.000006 0.004628 0.921537 0.000006 0.001766 0.000446 0.012219 0.001216 0.011782 0.000776 0.008810 0.003527 0.008260 0.001326 0.001546 0.000006 0.003417

MOTIF 3-YGV STREME-3
letter-probability matrix: alength= 20 w= 3 nsites= 2 E= 4.0e+000
 0.012219 0.000006 0.006499 0.000006 0.004628 0.012446 0.000006 0.001766 0.000446 0.012219 0.001216 0.011782 0.000776 0.008810 0.003527 0.008260 0.001326 0.001546 0.000006 0.912508
 0.012219 0.000006 0.006499 0.000006 0.004628 0.921537 0.000006 0.001766 0.000446 0.012219 0.001216 0.011782 0.000776 0.008810 0.003527 0.008260 0.001326 0.001546 0.000006 0.003417
 0.012219 0.000006 0.006499 0.000006 0.004628 0.012446 0.000006 0.001766 0.000446 0.012219 0.001216 0.011782 0.000776 0.008810 0.003527 0.008260 0.001326 0.910637 0.000006 0.003417

MOTIF 4-SGY STREME-4
letter-probability matrix: alength= 20 w= 3 nsites= 1 E= 4.0e+000
 0.012219 0.000006 0.006499 0.000006 0.004628 0.012446 0.000006 0.001766 0.000446 0.012219 0.001216 0.011782 0.000776 0.008810 0.003527 0.917351 0.001326 0.001546 0.000006 0.003417
 0.012219 0.000006 0.006499 0.000006 0.004628 0.921537 0.000006 0.001766 0.000446 0.012219 0.001216 0.011782 0.000776 0.008810 0.003527 0.008260 0.001326 0.001546 0.000006 0.003417
 0.012219 0.000006 0.006499 0.000006 0.004628 0.012446 0.000006 0.001766 0.000446 0.012219 0.001216 0.011782 0.000776 0.008810 0.003527 0.008260 0.001326 0.001546 0.000006 0.912508

********************************************************************************
Stopped because 3 consecutive motifs exceeded the p-value threshold (0.05).
********************************************************************************
COMMAND:	streme --protein --p ./Data/v1_cluster_windows_15mers/cluster_228.fasta --minw 3 --maxw 15 --thresh 0.05 --oc ./Results/v1_Top500_Run_20250504_162200/streme_out_cluster_228
********************************************************************************
CPU:		Hirokis-MacBook-Air.local
********************************************************************************
FINALTIME:	0.15 seconds
********************************************************************************
