********************************************************************************
STREME - Sensitive, Thorough, Rapid, Enriched Motif Elicitation
********************************************************************************
MEME version 5.5.7 (Release date: Wed Jun 19 13:59:04 2024 -0700)

For further information on how to interpret these results please access https://meme-suite.org/meme.
To get a copy of the MEME Suite software please access https://meme-suite.org.

********************************************************************************


********************************************************************************
REFERENCE
********************************************************************************
If you use this program in your research, please cite:

Timothy L. Bailey,
"STREME: accurate and versatile sequence motif discovery",
Bioinformatics, Mar. 24, 2021.
********************************************************************************


ALPHABET= ACDEFGHIKLMNPQRSTVWY

strands: +

Background letter frequencies
A 0.424 C 7.74e-05 D 0.0666 E 0.00162 F 0.00317 G 0.0775 H 7.74e-05 I 0.0156 K 0.00317 L 0.0326 M 7.74e-05 N 0.079 P 7.74e-05 Q 0.00162 R 0.014 S 0.158 T 0.0217 V 0.0326 W 7.74e-05 Y 0.0682 

MOTIF 1-ASJGANADASAYANA STREME-1
letter-probability matrix: alength= 20 w= 15 nsites= 42 S= 6.6e-024
 0.568584 0.000000 0.000256 0.000006 0.000012 0.000298 0.000000 0.000060 0.026637 0.000125 0.000000 0.000304 0.000000 0.000006 0.000054 0.214982 0.188289 0.000125 0.000000 0.000262
 0.163210 0.000000 0.000256 0.000006 0.000012 0.000298 0.000000 0.000060 0.000012 0.000125 0.000000 0.000304 0.000000 0.000006 0.000054 0.835185 0.000084 0.000125 0.000000 0.000262
 0.109507 0.000000 0.000256 0.000006 0.026637 0.000298 0.000000 0.243853 0.000012 0.483487 0.000000 0.000304 0.000000 0.000006 0.000054 0.000607 0.000084 0.134627 0.000000 0.000262
 0.001629 0.000000 0.000256 0.026631 0.000012 0.861955 0.000000 0.026684 0.000012 0.000125 0.000000 0.000304 0.000000 0.000006 0.081307 0.000607 0.000084 0.000125 0.000000 0.000262
 0.863286 0.000000 0.000256 0.000006 0.000012 0.000298 0.000000 0.000060 0.000012 0.000125 0.000000 0.000304 0.000000 0.000006 0.000054 0.108484 0.000084 0.026750 0.000000 0.000262
 0.216459 0.000000 0.000256 0.000006 0.000012 0.297306 0.000000 0.000060 0.000012 0.053374 0.000000 0.297800 0.000000 0.000006 0.000054 0.107559 0.000084 0.026750 0.000000 0.000262
 0.971164 0.000000 0.000256 0.000006 0.000012 0.000298 0.000000 0.000060 0.000012 0.000125 0.000000 0.000304 0.000000 0.000006 0.000054 0.000607 0.026708 0.000125 0.000000 0.000262
 0.001629 0.000000 0.996415 0.000006 0.000012 0.000298 0.000000 0.000060 0.000012 0.000125 0.000000 0.000304 0.000000 0.000006 0.000054 0.000607 0.000084 0.000125 0.000000 0.000262
 0.889911 0.000000 0.000256 0.000006 0.000012 0.000298 0.000000 0.000060 0.000012 0.000125 0.000000 0.000304 0.000000 0.000006 0.000054 0.000607 0.026708 0.081378 0.000000 0.000262
 0.216459 0.000000 0.000256 0.000006 0.000012 0.000298 0.000000 0.000060 0.000012 0.000125 0.000000 0.000304 0.000000 0.000006 0.000054 0.755312 0.000084 0.026750 0.000000 0.000262
 0.917915 0.000000 0.000256 0.000006 0.000012 0.000298 0.000000 0.000060 0.000012 0.000125 0.000000 0.000304 0.000000 0.000006 0.000054 0.080480 0.000084 0.000125 0.000000 0.000262
 0.001629 0.000000 0.000256 0.000006 0.000012 0.000298 0.000000 0.000060 0.000012 0.000125 0.000000 0.000304 0.000000 0.000006 0.000054 0.000607 0.000084 0.000125 0.000000 0.996421
 0.997788 0.000000 0.000256 0.000006 0.000012 0.000298 0.000000 0.000060 0.000012 0.000125 0.000000 0.000304 0.000000 0.000006 0.000054 0.000607 0.000084 0.000125 0.000000 0.000262
 0.001629 0.000000 0.000256 0.000006 0.000012 0.000298 0.000000 0.000060 0.026637 0.000125 0.000000 0.943214 0.000000 0.000006 0.026678 0.000607 0.000084 0.000125 0.000000 0.000262
 0.619039 0.000000 0.000256 0.000006 0.000012 0.000298 0.000000 0.000060 0.000012 0.000125 0.000000 0.000304 0.000000 0.000006 0.000054 0.191152 0.053787 0.134627 0.000000 0.000262

MOTIF 2-AYAAGL STREME-2
letter-probability matrix: alength= 20 w= 6 nsites= 1 S= 5.0e-001
 0.927402 0.000010 0.008402 0.000205 0.000400 0.009769 0.000010 0.001962 0.000400 0.004109 0.000010 0.009963 0.000010 0.000205 0.001766 0.019920 0.002742 0.004109 0.000010 0.008597
 0.053482 0.000010 0.008402 0.000205 0.000400 0.009769 0.000010 0.001962 0.000400 0.004109 0.000010 0.009963 0.000010 0.000205 0.001766 0.019920 0.002742 0.004109 0.000010 0.882517
 0.927402 0.000010 0.008402 0.000205 0.000400 0.009769 0.000010 0.001962 0.000400 0.004109 0.000010 0.009963 0.000010 0.000205 0.001766 0.019920 0.002742 0.004109 0.000010 0.008597
 0.927402 0.000010 0.008402 0.000205 0.000400 0.009769 0.000010 0.001962 0.000400 0.004109 0.000010 0.009963 0.000010 0.000205 0.001766 0.019920 0.002742 0.004109 0.000010 0.008597
 0.053482 0.000010 0.008402 0.000205 0.000400 0.883689 0.000010 0.001962 0.000400 0.004109 0.000010 0.009963 0.000010 0.000205 0.001766 0.019920 0.002742 0.004109 0.000010 0.008597
 0.053482 0.000010 0.008402 0.000205 0.000400 0.009769 0.000010 0.001962 0.000400 0.878029 0.000010 0.009963 0.000010 0.000205 0.001766 0.019920 0.002742 0.004109 0.000010 0.008597

MOTIF 3-DYAS STREME-3
letter-probability matrix: alength= 20 w= 4 nsites= 1 S= 5.0e-001
 0.053482 0.000010 0.882322 0.000205 0.000400 0.009769 0.000010 0.001962 0.000400 0.004109 0.000010 0.009963 0.000010 0.000205 0.001766 0.019920 0.002742 0.004109 0.000010 0.008597
 0.053482 0.000010 0.008402 0.000205 0.000400 0.009769 0.000010 0.001962 0.000400 0.004109 0.000010 0.009963 0.000010 0.000205 0.001766 0.019920 0.002742 0.004109 0.000010 0.882517
 0.927402 0.000010 0.008402 0.000205 0.000400 0.009769 0.000010 0.001962 0.000400 0.004109 0.000010 0.009963 0.000010 0.000205 0.001766 0.019920 0.002742 0.004109 0.000010 0.008597
 0.053482 0.000010 0.008402 0.000205 0.000400 0.009769 0.000010 0.001962 0.000400 0.004109 0.000010 0.009963 0.000010 0.000205 0.001766 0.893840 0.002742 0.004109 0.000010 0.008597

MOTIF 4-AFS STREME-4
letter-probability matrix: alength= 20 w= 3 nsites= 1 S= 7.5e-001
 0.947654 0.000007 0.006058 0.000148 0.000288 0.007044 0.000007 0.001415 0.000288 0.002963 0.000007 0.007184 0.000007 0.000148 0.001274 0.014363 0.001977 0.002963 0.000007 0.006199
 0.038563 0.000007 0.006058 0.000148 0.909379 0.007044 0.000007 0.001415 0.000288 0.002963 0.000007 0.007184 0.000007 0.000148 0.001274 0.014363 0.001977 0.002963 0.000007 0.006199
 0.038563 0.000007 0.006058 0.000148 0.000288 0.007044 0.000007 0.001415 0.000288 0.002963 0.000007 0.007184 0.000007 0.000148 0.001274 0.923454 0.001977 0.002963 0.000007 0.006199

********************************************************************************
Stopped because the next motif had no positive sites with scores > 0.
********************************************************************************
COMMAND:	streme --protein --p ./Data/v1_cluster_windows_15mers/cluster_294.fasta --minw 3 --maxw 15 --thresh 0.05 --oc ./Results/v1_Top500_Run_20250504_162200/streme_out_cluster_294
********************************************************************************
CPU:		Hirokis-MacBook-Air.local
********************************************************************************
FINALTIME:	0.18 seconds
********************************************************************************
