********************************************************************************
STREME - Sensitive, Thorough, Rapid, Enriched Motif Elicitation
********************************************************************************
MEME version 5.5.7 (Release date: Wed Jun 19 13:59:04 2024 -0700)

For further information on how to interpret these results please access https://meme-suite.org/meme.
To get a copy of the MEME Suite software please access https://meme-suite.org.

********************************************************************************


********************************************************************************
REFERENCE
********************************************************************************
If you use this program in your research, please cite:

Timothy L. Bailey,
"STREME: accurate and versatile sequence motif discovery",
Bioinformatics, Mar. 24, 2021.
********************************************************************************


ALPHABET= ACDEFGHIKLMNPQRSTVWY

strands: +

Background letter frequencies
A 0.0163 C 0.000398 D 0.011 E 0.00456 F 0.00532 G 0.338 H 1.89e-05 I 0.0591 K 1.89e-05 L 0.0704 M 0.000398 N 0.0731 P 0.061 Q 0.064 R 0.00153 S 0.143 T 0.0133 V 0.00494 W 1.89e-05 Y 0.133 

MOTIF 1-ISLGYGQNGYGPGSG STREME-1
letter-probability matrix: alength= 20 w= 15 nsites= 176 E= 8.6e-010
 0.000015 0.000000 0.000010 0.000004 0.019795 0.000321 0.000000 0.913058 0.000000 0.039889 0.006587 0.000069 0.000058 0.000061 0.000001 0.000136 0.000013 0.019854 0.000000 0.000127
 0.000015 0.000000 0.000010 0.000004 0.000005 0.000321 0.000000 0.000056 0.000000 0.000067 0.000000 0.000069 0.013261 0.000061 0.000001 0.979397 0.006599 0.000005 0.000000 0.000127
 0.000015 0.000000 0.000010 0.000004 0.046414 0.000321 0.000000 0.000056 0.000000 0.952708 0.000000 0.000069 0.000058 0.000061 0.000001 0.000136 0.000013 0.000005 0.000000 0.000127
 0.000015 0.000000 0.006597 0.000004 0.000005 0.972934 0.000000 0.000056 0.000000 0.000067 0.000000 0.000069 0.000058 0.000061 0.000001 0.000136 0.019862 0.000005 0.000000 0.000127
 0.000015 0.000000 0.000010 0.000004 0.000005 0.000321 0.000000 0.000056 0.000000 0.000067 0.000000 0.000069 0.000058 0.000061 0.000001 0.006723 0.000013 0.000005 0.000000 0.992590
 0.006602 0.000000 0.026386 0.000004 0.000005 0.966408 0.000000 0.000056 0.000000 0.000067 0.000000 0.000069 0.000058 0.000061 0.000001 0.000136 0.000013 0.000005 0.000000 0.000127
 0.000015 0.000000 0.000010 0.013177 0.000005 0.000321 0.000000 0.000056 0.000000 0.019917 0.000000 0.000069 0.000058 0.966088 0.000001 0.000136 0.000013 0.000005 0.000000 0.000127
 0.000015 0.000000 0.000010 0.000004 0.000005 0.000321 0.000000 0.000056 0.000000 0.000067 0.000000 0.999119 0.000058 0.000061 0.000001 0.000136 0.000013 0.000005 0.000000 0.000127
 0.000015 0.000000 0.000010 0.052847 0.000005 0.933326 0.000000 0.000056 0.000000 0.000067 0.000000 0.000069 0.000058 0.000061 0.000001 0.013339 0.000013 0.000005 0.000000 0.000127
 0.000015 0.000000 0.000010 0.000004 0.000005 0.215013 0.000000 0.000056 0.000000 0.000067 0.000000 0.000069 0.000058 0.000061 0.000001 0.000136 0.000013 0.006591 0.000000 0.777898
 0.006602 0.006587 0.013213 0.000004 0.000005 0.731957 0.000000 0.000056 0.000000 0.000067 0.000000 0.006656 0.000058 0.000061 0.019761 0.000136 0.000013 0.000005 0.000000 0.214819
 0.006602 0.000000 0.006597 0.000004 0.013208 0.182051 0.000000 0.000056 0.000000 0.006653 0.000000 0.000069 0.698580 0.000061 0.000001 0.079385 0.000013 0.006591 0.000000 0.000127
 0.019805 0.000000 0.000010 0.000004 0.000005 0.433434 0.000000 0.006643 0.000000 0.006653 0.000000 0.053064 0.214750 0.000061 0.000001 0.245634 0.013216 0.006591 0.000000 0.000127
 0.179251 0.000000 0.000010 0.000004 0.000005 0.040143 0.000000 0.000056 0.000000 0.013240 0.000000 0.033305 0.000058 0.000061 0.000001 0.566511 0.160635 0.006591 0.000000 0.000127
 0.000015 0.000000 0.118929 0.006591 0.000005 0.613038 0.000000 0.000056 0.000000 0.000067 0.000000 0.006656 0.006644 0.000061 0.006588 0.228032 0.000013 0.006591 0.000000 0.006713

MOTIF 2-GNA STREME-2
letter-probability matrix: alength= 20 w= 3 nsites= 1 E= 2.0e+000
 0.001482 0.000036 0.001000 0.000415 0.000484 0.939800 0.000002 0.005372 0.000002 0.006404 0.000036 0.006645 0.005544 0.005819 0.000139 0.013045 0.001206 0.000449 0.000002 0.012118
 0.001482 0.000036 0.001000 0.000415 0.000484 0.030709 0.000002 0.005372 0.000002 0.006404 0.000036 0.915736 0.005544 0.005819 0.000139 0.013045 0.001206 0.000449 0.000002 0.012118
 0.910573 0.000036 0.001000 0.000415 0.000484 0.030709 0.000002 0.005372 0.000002 0.006404 0.000036 0.006645 0.005544 0.005819 0.000139 0.013045 0.001206 0.000449 0.000002 0.012118

********************************************************************************
Stopped because the next motif had no positive sites with scores > 0.
********************************************************************************
COMMAND:	streme --protein --p ./Data/v1_cluster_windows_15mers/cluster_4635.fasta --minw 3 --maxw 15 --thresh 0.05 --oc ./Results/v1_Top500_Run_20250504_162200/streme_out_cluster_4635
********************************************************************************
CPU:		Hirokis-MacBook-Air.local
********************************************************************************
FINALTIME:	0.39 seconds
********************************************************************************
