********************************************************************************
STREME - Sensitive, Thorough, Rapid, Enriched Motif Elicitation
********************************************************************************
MEME version 5.5.7 (Release date: Wed Jun 19 13:59:04 2024 -0700)

For further information on how to interpret these results please access https://meme-suite.org/meme.
To get a copy of the MEME Suite software please access https://meme-suite.org.

********************************************************************************


********************************************************************************
REFERENCE
********************************************************************************
If you use this program in your research, please cite:

Timothy L. Bailey,
"STREME: accurate and versatile sequence motif discovery",
Bioinformatics, Mar. 24, 2021.
********************************************************************************


ALPHABET= ACDEFGHIKLMNPQRSTVWY

strands: +

Background letter frequencies
A 0.495 C 4.9e-05 D 0.00103 E 0.0284 F 4.9e-05 G 0.407 H 4.9e-05 I 4.9e-05 K 4.9e-05 L 4.9e-05 M 4.9e-05 N 4.9e-05 P 0.00201 Q 4.9e-05 R 0.0177 S 0.0382 T 4.9e-05 V 4.9e-05 W 4.9e-05 Y 0.00984 

MOTIF 1-GAGAGAGA STREME-1
letter-probability matrix: alength= 20 w= 8 nsites= 66 E= 3.0e-002
 0.001225 0.000000 0.000003 0.000070 0.000000 0.998533 0.000000 0.000000 0.000000 0.000000 0.000000 0.000000 0.000005 0.000000 0.000044 0.000095 0.000000 0.000000 0.000000 0.000024
 0.998749 0.000000 0.000003 0.000070 0.000000 0.001009 0.000000 0.000000 0.000000 0.000000 0.000000 0.000000 0.000005 0.000000 0.000044 0.000095 0.000000 0.000000 0.000000 0.000024
 0.001225 0.000000 0.000003 0.000070 0.000000 0.998533 0.000000 0.000000 0.000000 0.000000 0.000000 0.000000 0.000005 0.000000 0.000044 0.000095 0.000000 0.000000 0.000000 0.000024
 0.998749 0.000000 0.000003 0.000070 0.000000 0.001009 0.000000 0.000000 0.000000 0.000000 0.000000 0.000000 0.000005 0.000000 0.000044 0.000095 0.000000 0.000000 0.000000 0.000024
 0.001225 0.000000 0.000003 0.000070 0.000000 0.998533 0.000000 0.000000 0.000000 0.000000 0.000000 0.000000 0.000005 0.000000 0.000044 0.000095 0.000000 0.000000 0.000000 0.000024
 0.998749 0.000000 0.000003 0.000070 0.000000 0.001009 0.000000 0.000000 0.000000 0.000000 0.000000 0.000000 0.000005 0.000000 0.000044 0.000095 0.000000 0.000000 0.000000 0.000024
 0.067010 0.000000 0.000003 0.000070 0.000000 0.932748 0.000000 0.000000 0.000000 0.000000 0.000000 0.000000 0.000005 0.000000 0.000044 0.000095 0.000000 0.000000 0.000000 0.000024
 0.382490 0.000000 0.000003 0.325170 0.000000 0.292168 0.000000 0.000000 0.000000 0.000000 0.000000 0.000000 0.000005 0.000000 0.000044 0.000095 0.000000 0.000000 0.000000 0.000024

MOTIF 2-AAAA STREME-2
letter-probability matrix: alength= 20 w= 4 nsites= 33 E= 1.1e+000
 0.954062 0.000004 0.000093 0.002586 0.000004 0.037044 0.000004 0.000004 0.000004 0.000004 0.000004 0.000004 0.000183 0.000004 0.001607 0.003477 0.000004 0.000004 0.000004 0.000895
 0.954062 0.000004 0.000093 0.002586 0.000004 0.037044 0.000004 0.000004 0.000004 0.000004 0.000004 0.000004 0.000183 0.000004 0.001607 0.003477 0.000004 0.000004 0.000004 0.000895
 0.954062 0.000004 0.000093 0.002586 0.000004 0.037044 0.000004 0.000004 0.000004 0.000004 0.000004 0.000004 0.000183 0.000004 0.001607 0.003477 0.000004 0.000004 0.000004 0.000895
 0.954062 0.000004 0.000093 0.002586 0.000004 0.037044 0.000004 0.000004 0.000004 0.000004 0.000004 0.000004 0.000183 0.000004 0.001607 0.003477 0.000004 0.000004 0.000004 0.000895

MOTIF 3-GYG STREME-3
letter-probability matrix: alength= 20 w= 3 nsites= 8 E= 3.1e+000
 0.044971 0.000004 0.000093 0.002586 0.000004 0.946135 0.000004 0.000004 0.000004 0.000004 0.000004 0.000004 0.000183 0.000004 0.001607 0.003477 0.000004 0.000004 0.000004 0.000895
 0.044971 0.000004 0.000093 0.002586 0.000004 0.037044 0.000004 0.000004 0.000004 0.000004 0.000004 0.000004 0.000183 0.000004 0.001607 0.003477 0.000004 0.000004 0.000004 0.909986
 0.044971 0.000004 0.000093 0.002586 0.000004 0.946135 0.000004 0.000004 0.000004 0.000004 0.000004 0.000004 0.000183 0.000004 0.001607 0.003477 0.000004 0.000004 0.000004 0.000895

MOTIF 4-RGS STREME-4
letter-probability matrix: alength= 20 w= 3 nsites= 12 E= 4.0e+000
 0.044971 0.000004 0.000093 0.002586 0.000004 0.037044 0.000004 0.000004 0.000004 0.000004 0.000004 0.000004 0.000183 0.000004 0.910698 0.003477 0.000004 0.000004 0.000004 0.000895
 0.044971 0.000004 0.000093 0.002586 0.000004 0.946135 0.000004 0.000004 0.000004 0.000004 0.000004 0.000004 0.000183 0.000004 0.001607 0.003477 0.000004 0.000004 0.000004 0.000895
 0.044971 0.000004 0.000093 0.002586 0.000004 0.037044 0.000004 0.000004 0.000004 0.000004 0.000004 0.000004 0.000183 0.000004 0.001607 0.912568 0.000004 0.000004 0.000004 0.000895

********************************************************************************
Stopped because 3 consecutive motifs exceeded the p-value threshold (0.05).
********************************************************************************
COMMAND:	streme --protein --p ./Data/v1_cluster_windows_15mers/cluster_12673.fasta --minw 3 --maxw 15 --thresh 0.05 --oc ./Results/v1_Top500_Run_20250504_162200/streme_out_cluster_12673
********************************************************************************
CPU:		Hirokis-MacBook-Air.local
********************************************************************************
FINALTIME:	0.21 seconds
********************************************************************************
