********************************************************************************
STREME - Sensitive, Thorough, Rapid, Enriched Motif Elicitation
********************************************************************************
MEME version 5.5.7 (Release date: Wed Jun 19 13:59:04 2024 -0700)

For further information on how to interpret these results please access https://meme-suite.org/meme.
To get a copy of the MEME Suite software please access https://meme-suite.org.

********************************************************************************


********************************************************************************
REFERENCE
********************************************************************************
If you use this program in your research, please cite:

Timothy L. Bailey,
"STREME: accurate and versatile sequence motif discovery",
Bioinformatics, Mar. 24, 2021.
********************************************************************************


ALPHABET= ACDEFGHIKLMNPQRSTVWY

strands: +

Background letter frequencies
A 0.013 C 4.97e-05 D 0.00104 E 4.97e-05 F 0.015 G 0.185 H 4.97e-05 I 0.0408 K 0.00104 L 0.0428 M 0.00104 N 0.009 P 0.183 Q 0.0676 R 0.00303 S 0.22 T 0.0637 V 0.0836 W 4.97e-05 Y 0.0706 

MOTIF 1-SSSVJTSYGPGPQG STREME-1
letter-probability matrix: alength= 20 w= 14 nsites= 67 E= 3.2e-003
 0.016757 0.000000 0.000003 0.000000 0.135666 0.000446 0.000000 0.000098 0.000003 0.016829 0.000003 0.000022 0.033892 0.000163 0.000007 0.762135 0.033604 0.000202 0.000000 0.000170
 0.016757 0.000000 0.000003 0.000000 0.050212 0.000446 0.000000 0.134507 0.000003 0.033554 0.000003 0.000022 0.000442 0.000163 0.000007 0.393145 0.000154 0.370413 0.000000 0.000170
 0.000031 0.000000 0.000003 0.000000 0.016761 0.033897 0.000000 0.016824 0.000003 0.000103 0.016728 0.117705 0.000442 0.000163 0.016733 0.746631 0.000154 0.033652 0.000000 0.000170
 0.000031 0.000000 0.000003 0.000000 0.033487 0.000446 0.000000 0.083725 0.000003 0.050279 0.000003 0.033472 0.017167 0.000163 0.000007 0.117607 0.000154 0.596181 0.000000 0.067272
 0.000031 0.000000 0.000003 0.000000 0.000036 0.000446 0.000000 0.375988 0.000003 0.353589 0.000003 0.000022 0.000442 0.000163 0.000007 0.151664 0.000154 0.117279 0.000000 0.000170
 0.000031 0.000000 0.000003 0.000000 0.000036 0.000446 0.000000 0.000098 0.016728 0.050279 0.000003 0.000022 0.000442 0.000163 0.016733 0.050706 0.830487 0.033652 0.000000 0.000170
 0.016757 0.000000 0.000003 0.000000 0.016761 0.000446 0.000000 0.016824 0.000003 0.000103 0.000003 0.000022 0.000442 0.000163 0.000007 0.864315 0.083780 0.000202 0.000000 0.000170
 0.000031 0.000000 0.000003 0.000000 0.000036 0.000446 0.000000 0.000098 0.000003 0.000103 0.000003 0.000022 0.000442 0.000163 0.000007 0.000530 0.000154 0.000202 0.000000 0.997757
 0.000031 0.000000 0.000003 0.000000 0.000036 0.981308 0.000000 0.000098 0.000003 0.000103 0.000003 0.000022 0.000442 0.000163 0.000007 0.017255 0.000154 0.000202 0.000000 0.000170
 0.016757 0.000000 0.000003 0.000000 0.000036 0.000446 0.000000 0.000098 0.000003 0.000103 0.000003 0.000022 0.914202 0.000163 0.000007 0.067632 0.000154 0.000202 0.000000 0.000170
 0.118531 0.000000 0.016728 0.000000 0.000036 0.829358 0.000000 0.000098 0.000003 0.000103 0.000003 0.000022 0.000442 0.000163 0.000007 0.000530 0.016879 0.016927 0.000000 0.000170
 0.016757 0.000000 0.000003 0.000000 0.000036 0.000446 0.000000 0.000098 0.000003 0.067005 0.000003 0.000022 0.830775 0.050339 0.000007 0.033981 0.000154 0.000202 0.000000 0.000170
 0.000031 0.000000 0.000003 0.000000 0.000036 0.000446 0.000000 0.000098 0.000003 0.000103 0.000003 0.000022 0.000442 0.964300 0.016733 0.017255 0.000154 0.000202 0.000000 0.000170
 0.000031 0.000000 0.000003 0.000000 0.000036 0.931132 0.000000 0.000098 0.000003 0.000103 0.000003 0.000022 0.000442 0.000163 0.000007 0.000530 0.016879 0.050378 0.000000 0.000170

MOTIF 2-VSSV STREME-2
letter-probability matrix: alength= 20 w= 4 nsites= 1 E= 3.0e+000
 0.001635 0.000006 0.000132 0.000006 0.001886 0.023313 0.000006 0.005145 0.000132 0.005395 0.000132 0.001134 0.023073 0.008528 0.000382 0.027700 0.008028 0.884454 0.000006 0.008905
 0.001635 0.000006 0.000132 0.000006 0.001886 0.023313 0.000006 0.005145 0.000132 0.005395 0.000132 0.001134 0.023073 0.008528 0.000382 0.901620 0.008028 0.010534 0.000006 0.008905
 0.001635 0.000006 0.000132 0.000006 0.001886 0.023313 0.000006 0.005145 0.000132 0.005395 0.000132 0.001134 0.023073 0.008528 0.000382 0.901620 0.008028 0.010534 0.000006 0.008905
 0.001635 0.000006 0.000132 0.000006 0.001886 0.023313 0.000006 0.005145 0.000132 0.005395 0.000132 0.001134 0.023073 0.008528 0.000382 0.027700 0.008028 0.884454 0.000006 0.008905

MOTIF 3-LGP STREME-3
letter-probability matrix: alength= 20 w= 3 nsites= 1 E= 3.0e+000
 0.001179 0.000005 0.000095 0.000005 0.001360 0.016809 0.000005 0.003710 0.000095 0.912981 0.000095 0.000818 0.016637 0.006149 0.000276 0.019973 0.005788 0.007596 0.000005 0.006421
 0.001179 0.000005 0.000095 0.000005 0.001360 0.925900 0.000005 0.003710 0.000095 0.003890 0.000095 0.000818 0.016637 0.006149 0.000276 0.019973 0.005788 0.007596 0.000005 0.006421
 0.001179 0.000005 0.000095 0.000005 0.001360 0.016809 0.000005 0.003710 0.000095 0.003890 0.000095 0.000818 0.925728 0.006149 0.000276 0.019973 0.005788 0.007596 0.000005 0.006421

********************************************************************************
Stopped because the next motif had no positive sites with scores > 0.
********************************************************************************
COMMAND:	streme --protein --p ./Data/v1_cluster_windows_15mers/cluster_6066.fasta --minw 3 --maxw 15 --thresh 0.05 --oc ./Results/v1_Top500_Run_20250504_162200/streme_out_cluster_6066
********************************************************************************
CPU:		Hirokis-MacBook-Air.local
********************************************************************************
FINALTIME:	0.16 seconds
********************************************************************************
