********************************************************************************
STREME - Sensitive, Thorough, Rapid, Enriched Motif Elicitation
********************************************************************************
MEME version 5.5.7 (Release date: Wed Jun 19 13:59:04 2024 -0700)

For further information on how to interpret these results please access https://meme-suite.org/meme.
To get a copy of the MEME Suite software please access https://meme-suite.org.

********************************************************************************


********************************************************************************
REFERENCE
********************************************************************************
If you use this program in your research, please cite:

Timothy L. Bailey,
"STREME: accurate and versatile sequence motif discovery",
Bioinformatics, Mar. 24, 2021.
********************************************************************************


ALPHABET= ACDEFGHIKLMNPQRSTVWY

strands: +

Background letter frequencies
A 0.049 C 0.0666 D 0.0666 E 0.015 F 6.79e-05 G 0.129 H 6.79e-05 I 0.0177 K 0.00143 L 0.0653 M 6.79e-05 N 0.0449 P 0.0666 Q 0.131 R 0.00143 S 0.241 T 0.00143 V 0.101 W 6.79e-05 Y 0.00279 

MOTIF 1-VSQVSASQPGLSGCD STREME-1
letter-probability matrix: alength= 20 w= 15 nsites= 49 S= 3.9e-029
 0.004453 0.006058 0.006058 0.001365 0.000006 0.011737 0.000006 0.001612 0.000130 0.005936 0.000006 0.004082 0.006058 0.011864 0.000130 0.021873 0.000130 0.918237 0.000006 0.000253
 0.004453 0.006058 0.006058 0.001365 0.000006 0.011737 0.000006 0.001612 0.000130 0.005936 0.000006 0.004082 0.006058 0.011864 0.000130 0.930964 0.000130 0.009146 0.000006 0.000253
 0.004453 0.006058 0.006058 0.001365 0.000006 0.011737 0.000006 0.001612 0.000130 0.005936 0.000006 0.004082 0.006058 0.920955 0.000130 0.021873 0.000130 0.009146 0.000006 0.000253
 0.004453 0.006058 0.006058 0.001365 0.000006 0.011737 0.000006 0.001612 0.000130 0.005936 0.000006 0.004082 0.006058 0.011864 0.000130 0.021873 0.000130 0.918237 0.000006 0.000253
 0.004453 0.006058 0.006058 0.001365 0.000006 0.011737 0.000006 0.001612 0.000130 0.005936 0.000006 0.004082 0.006058 0.011864 0.000130 0.930964 0.000130 0.009146 0.000006 0.000253
 0.913544 0.006058 0.006058 0.001365 0.000006 0.011737 0.000006 0.001612 0.000130 0.005936 0.000006 0.004082 0.006058 0.011864 0.000130 0.021873 0.000130 0.009146 0.000006 0.000253
 0.004453 0.006058 0.006058 0.001365 0.000006 0.011737 0.000006 0.001612 0.000130 0.005936 0.000006 0.004082 0.006058 0.011864 0.000130 0.930964 0.000130 0.009146 0.000006 0.000253
 0.004453 0.006058 0.006058 0.001365 0.000006 0.011737 0.000006 0.001612 0.000130 0.005936 0.000006 0.004082 0.006058 0.920955 0.000130 0.021873 0.000130 0.009146 0.000006 0.000253
 0.004453 0.006058 0.006058 0.001365 0.000006 0.011737 0.000006 0.001612 0.000130 0.005936 0.000006 0.004082 0.915149 0.011864 0.000130 0.021873 0.000130 0.009146 0.000006 0.000253
 0.004453 0.006058 0.006058 0.001365 0.000006 0.920828 0.000006 0.001612 0.000130 0.005936 0.000006 0.004082 0.006058 0.011864 0.000130 0.021873 0.000130 0.009146 0.000006 0.000253
 0.004453 0.006058 0.006058 0.001365 0.000006 0.011737 0.000006 0.001612 0.000130 0.915027 0.000006 0.004082 0.006058 0.011864 0.000130 0.021873 0.000130 0.009146 0.000006 0.000253
 0.004453 0.006058 0.006058 0.001365 0.000006 0.011737 0.000006 0.001612 0.000130 0.005936 0.000006 0.004082 0.006058 0.011864 0.000130 0.930964 0.000130 0.009146 0.000006 0.000253
 0.004453 0.006058 0.006058 0.001365 0.000006 0.920828 0.000006 0.001612 0.000130 0.005936 0.000006 0.004082 0.006058 0.011864 0.000130 0.021873 0.000130 0.009146 0.000006 0.000253
 0.004453 0.915149 0.006058 0.001365 0.000006 0.011737 0.000006 0.001612 0.000130 0.005936 0.000006 0.004082 0.006058 0.011864 0.000130 0.021873 0.000130 0.009146 0.000006 0.000253
 0.004453 0.006058 0.915149 0.001365 0.000006 0.011737 0.000006 0.001612 0.000130 0.005936 0.000006 0.004082 0.006058 0.011864 0.000130 0.021873 0.000130 0.009146 0.000006 0.000253

MOTIF 2-SNS STREME-2
letter-probability matrix: alength= 20 w= 3 nsites= 6 S= 3.7e-001
 0.004453 0.006058 0.006058 0.001365 0.000006 0.011737 0.000006 0.001612 0.000130 0.005936 0.000006 0.004082 0.006058 0.011864 0.000130 0.930964 0.000130 0.009146 0.000006 0.000253
 0.004453 0.006058 0.006058 0.001365 0.000006 0.011737 0.000006 0.001612 0.000130 0.005936 0.000006 0.913173 0.006058 0.011864 0.000130 0.021873 0.000130 0.009146 0.000006 0.000253
 0.004453 0.006058 0.006058 0.001365 0.000006 0.011737 0.000006 0.001612 0.000130 0.005936 0.000006 0.004082 0.006058 0.011864 0.000130 0.930964 0.000130 0.009146 0.000006 0.000253

MOTIF 3-ASG STREME-3
letter-probability matrix: alength= 20 w= 3 nsites= 1 S= 7.5e-001
 0.913544 0.006058 0.006058 0.001365 0.000006 0.011737 0.000006 0.001612 0.000130 0.005936 0.000006 0.004082 0.006058 0.011864 0.000130 0.021873 0.000130 0.009146 0.000006 0.000253
 0.004453 0.006058 0.006058 0.001365 0.000006 0.011737 0.000006 0.001612 0.000130 0.005936 0.000006 0.004082 0.006058 0.011864 0.000130 0.930964 0.000130 0.009146 0.000006 0.000253
 0.004453 0.006058 0.006058 0.001365 0.000006 0.920828 0.000006 0.001612 0.000130 0.005936 0.000006 0.004082 0.006058 0.011864 0.000130 0.021873 0.000130 0.009146 0.000006 0.000253

MOTIF 4-IAS STREME-4
letter-probability matrix: alength= 20 w= 3 nsites= 1 S= 7.5e-001
 0.004453 0.006058 0.006058 0.001365 0.000006 0.011737 0.000006 0.910703 0.000130 0.005936 0.000006 0.004082 0.006058 0.011864 0.000130 0.021873 0.000130 0.009146 0.000006 0.000253
 0.913544 0.006058 0.006058 0.001365 0.000006 0.011737 0.000006 0.001612 0.000130 0.005936 0.000006 0.004082 0.006058 0.011864 0.000130 0.021873 0.000130 0.009146 0.000006 0.000253
 0.004453 0.006058 0.006058 0.001365 0.000006 0.011737 0.000006 0.001612 0.000130 0.005936 0.000006 0.004082 0.006058 0.011864 0.000130 0.930964 0.000130 0.009146 0.000006 0.000253

********************************************************************************
Stopped because the next motif had no positive sites with scores > 0.
********************************************************************************
COMMAND:	streme --protein --p ./Data/v1_cluster_windows_15mers/cluster_15166.fasta --minw 3 --maxw 15 --thresh 0.05 --oc ./Results/v1_Top500_Run_20250504_162200/streme_out_cluster_15166
********************************************************************************
CPU:		Hirokis-MacBook-Air.local
********************************************************************************
FINALTIME:	0.18 seconds
********************************************************************************
