********************************************************************************
STREME - Sensitive, Thorough, Rapid, Enriched Motif Elicitation
********************************************************************************
MEME version 5.5.7 (Release date: Wed Jun 19 13:59:04 2024 -0700)

For further information on how to interpret these results please access https://meme-suite.org/meme.
To get a copy of the MEME Suite software please access https://meme-suite.org.

********************************************************************************


********************************************************************************
REFERENCE
********************************************************************************
If you use this program in your research, please cite:

Timothy L. Bailey,
"STREME: accurate and versatile sequence motif discovery",
Bioinformatics, Mar. 24, 2021.
********************************************************************************


ALPHABET= ACDEFGHIKLMNPQRSTVWY

strands: +

Background letter frequencies
A 0.0739 C 5.2e-05 D 5.2e-05 E 0.0261 F 5.2e-05 G 0.0667 H 5.2e-05 I 0.0656 K 0.00421 L 5.2e-05 M 5.2e-05 N 0.00734 P 5.2e-05 Q 0.0469 R 0.0594 S 0.277 T 0.244 V 0.0739 W 5.2e-05 Y 0.0552 

MOTIF 1-SSASSTVTETIRTYG STREME-1
letter-probability matrix: alength= 20 w= 15 nsites= 64 E= 2.2e-003
 0.006722 0.000005 0.000005 0.002370 0.000005 0.006060 0.000005 0.005965 0.000383 0.000005 0.000005 0.000667 0.000005 0.004262 0.005398 0.934257 0.022138 0.006722 0.000005 0.005019
 0.006722 0.000005 0.000005 0.002370 0.000005 0.006060 0.000005 0.005965 0.000383 0.000005 0.000005 0.000667 0.000005 0.004262 0.005398 0.934257 0.022138 0.006722 0.000005 0.005019
 0.915812 0.000005 0.000005 0.002370 0.000005 0.006060 0.000005 0.005965 0.000383 0.000005 0.000005 0.000667 0.000005 0.004262 0.005398 0.025166 0.022138 0.006722 0.000005 0.005019
 0.006722 0.000005 0.000005 0.002370 0.000005 0.006060 0.000005 0.005965 0.000383 0.000005 0.000005 0.000667 0.000005 0.004262 0.005398 0.934257 0.022138 0.006722 0.000005 0.005019
 0.006722 0.000005 0.000005 0.002370 0.000005 0.006060 0.000005 0.005965 0.000383 0.000005 0.000005 0.000667 0.000005 0.004262 0.005398 0.934257 0.022138 0.006722 0.000005 0.005019
 0.006722 0.000005 0.000005 0.002370 0.000005 0.006060 0.000005 0.005965 0.000383 0.000005 0.000005 0.000667 0.000005 0.004262 0.005398 0.025166 0.931229 0.006722 0.000005 0.005019
 0.006722 0.000005 0.000005 0.002370 0.000005 0.006060 0.000005 0.005965 0.000383 0.000005 0.000005 0.000667 0.000005 0.004262 0.005398 0.025166 0.022138 0.915812 0.000005 0.005019
 0.006722 0.000005 0.000005 0.002370 0.000005 0.006060 0.000005 0.005965 0.000383 0.000005 0.000005 0.000667 0.000005 0.004262 0.005398 0.025166 0.931229 0.006722 0.000005 0.005019
 0.006722 0.000005 0.000005 0.911461 0.000005 0.006060 0.000005 0.005965 0.000383 0.000005 0.000005 0.000667 0.000005 0.004262 0.005398 0.025166 0.022138 0.006722 0.000005 0.005019
 0.006722 0.000005 0.000005 0.002370 0.000005 0.006060 0.000005 0.005965 0.000383 0.000005 0.000005 0.000667 0.000005 0.004262 0.005398 0.025166 0.931229 0.006722 0.000005 0.005019
 0.006722 0.000005 0.000005 0.002370 0.000005 0.006060 0.000005 0.915056 0.000383 0.000005 0.000005 0.000667 0.000005 0.004262 0.005398 0.025166 0.022138 0.006722 0.000005 0.005019
 0.006722 0.000005 0.000005 0.002370 0.000005 0.006060 0.000005 0.005965 0.000383 0.000005 0.000005 0.000667 0.000005 0.004262 0.914489 0.025166 0.022138 0.006722 0.000005 0.005019
 0.006722 0.000005 0.000005 0.002370 0.000005 0.006060 0.000005 0.005965 0.000383 0.000005 0.000005 0.000667 0.000005 0.004262 0.005398 0.025166 0.931229 0.006722 0.000005 0.005019
 0.006722 0.000005 0.000005 0.002370 0.000005 0.006060 0.000005 0.005965 0.000383 0.000005 0.000005 0.000667 0.000005 0.004262 0.005398 0.025166 0.022138 0.006722 0.000005 0.914110
 0.006722 0.000005 0.000005 0.002370 0.000005 0.915151 0.000005 0.005965 0.000383 0.000005 0.000005 0.000667 0.000005 0.004262 0.005398 0.025166 0.022138 0.006722 0.000005 0.005019

MOTIF 2-QVV STREME-2
letter-probability matrix: alength= 20 w= 3 nsites= 1 E= 2.0e+000
 0.009322 0.000007 0.000007 0.003287 0.000007 0.008404 0.000007 0.008273 0.000531 0.000007 0.000007 0.000925 0.000007 0.879831 0.007486 0.034902 0.030703 0.009322 0.000007 0.006960
 0.009322 0.000007 0.000007 0.003287 0.000007 0.008404 0.000007 0.008273 0.000531 0.000007 0.000007 0.000925 0.000007 0.005911 0.007486 0.034902 0.030703 0.883242 0.000007 0.006960
 0.009322 0.000007 0.000007 0.003287 0.000007 0.008404 0.000007 0.008273 0.000531 0.000007 0.000007 0.000925 0.000007 0.005911 0.007486 0.034902 0.030703 0.883242 0.000007 0.006960

********************************************************************************
Stopped because the next motif had no positive sites with scores > 0.
********************************************************************************
COMMAND:	streme --protein --p ./Data/v1_cluster_windows_15mers/cluster_6979.fasta --minw 3 --maxw 15 --thresh 0.05 --oc ./Results/v1_Top500_Run_20250504_162200/streme_out_cluster_6979
********************************************************************************
CPU:		Hirokis-MacBook-Air.local
********************************************************************************
FINALTIME:	0.15 seconds
********************************************************************************
