********************************************************************************
STREME - Sensitive, Thorough, Rapid, Enriched Motif Elicitation
********************************************************************************
MEME version 5.5.7 (Release date: Wed Jun 19 13:59:04 2024 -0700)

For further information on how to interpret these results please access https://meme-suite.org/meme.
To get a copy of the MEME Suite software please access https://meme-suite.org.

********************************************************************************


********************************************************************************
REFERENCE
********************************************************************************
If you use this program in your research, please cite:

Timothy L. Bailey,
"STREME: accurate and versatile sequence motif discovery",
Bioinformatics, Mar. 24, 2021.
********************************************************************************


ALPHABET= ACDEFGHIKLMNPQRSTVWY

strands: +

Background letter frequencies
A 0.0919 C 1.88e-05 D 0.000395 E 1.88e-05 F 0.0339 G 0.0885 H 1.88e-05 I 0.116 K 1.88e-05 L 0.0938 M 0.00717 N 0.119 P 0.0279 Q 0.000395 R 0.0019 S 0.238 T 0.00228 V 0.146 W 1.88e-05 Y 0.032 

MOTIF 1-ALSNVISNIFSGV STREME-1
letter-probability matrix: alength= 20 w= 13 nsites= 177 E= 1.7e-009
 0.992308 0.000000 0.000000 0.000000 0.000033 0.000087 0.000000 0.000114 0.000000 0.000092 0.000007 0.000117 0.000027 0.000000 0.000002 0.007035 0.000002 0.000143 0.000000 0.000031
 0.000090 0.000000 0.000000 0.000000 0.000033 0.000087 0.000000 0.205450 0.000000 0.780173 0.006808 0.000117 0.000027 0.000000 0.000002 0.000234 0.000002 0.006944 0.000000 0.000031
 0.020586 0.000000 0.000000 0.000000 0.000033 0.000087 0.000000 0.000114 0.000000 0.000092 0.000007 0.034184 0.443419 0.000000 0.000002 0.501298 0.000002 0.000143 0.000000 0.000031
 0.000090 0.000000 0.006801 0.000000 0.000033 0.291223 0.000000 0.000114 0.000000 0.000092 0.000007 0.391714 0.000027 0.000000 0.006803 0.302918 0.000002 0.000143 0.000000 0.000031
 0.000090 0.000000 0.000000 0.000000 0.000033 0.000087 0.000000 0.013747 0.000000 0.000092 0.000007 0.000117 0.000027 0.000000 0.000002 0.000234 0.000002 0.985529 0.000000 0.000031
 0.000090 0.000000 0.000000 0.000000 0.013635 0.000087 0.000000 0.587263 0.000000 0.102666 0.088823 0.000117 0.000027 0.000000 0.000002 0.000234 0.000002 0.207021 0.000000 0.000031
 0.000090 0.000000 0.000000 0.000000 0.000033 0.027322 0.000000 0.000114 0.000000 0.000092 0.000007 0.000117 0.000027 0.000000 0.000002 0.972018 0.000002 0.000143 0.000000 0.000031
 0.000090 0.000000 0.000000 0.000000 0.000033 0.000087 0.000000 0.000114 0.000000 0.000092 0.000007 0.999136 0.000027 0.000000 0.000002 0.000234 0.000002 0.000143 0.000000 0.000031
 0.000090 0.000000 0.000000 0.000000 0.000033 0.000087 0.000000 0.944539 0.000000 0.000092 0.006808 0.000117 0.000027 0.000000 0.000002 0.000234 0.000002 0.047937 0.000000 0.000031
 0.006891 0.000000 0.000000 0.000000 0.510293 0.000087 0.000000 0.000114 0.000000 0.020495 0.000007 0.000117 0.000027 0.000000 0.000002 0.000234 0.000002 0.000143 0.000000 0.461587
 0.000090 0.000000 0.000000 0.000000 0.000033 0.000087 0.000000 0.000114 0.000000 0.000092 0.000007 0.000117 0.000027 0.000000 0.000002 0.985651 0.013604 0.000143 0.000000 0.000031
 0.000090 0.000000 0.000000 0.000000 0.000033 0.951437 0.000000 0.000114 0.000000 0.000092 0.000007 0.013750 0.000027 0.000000 0.000002 0.034270 0.000002 0.000143 0.000000 0.000031
 0.006891 0.000000 0.000000 0.000000 0.000033 0.000087 0.000000 0.027318 0.000000 0.124672 0.000007 0.000117 0.000027 0.000000 0.000002 0.000234 0.000002 0.840577 0.000000 0.000031

MOTIF 2-ASA STREME-2
letter-probability matrix: alength= 20 w= 3 nsites= 1 E= 4.0e+000
 0.917445 0.000002 0.000036 0.000002 0.003082 0.008045 0.000002 0.010582 0.000002 0.008525 0.000652 0.010818 0.002535 0.000036 0.000173 0.021664 0.000207 0.013282 0.000002 0.002911
 0.008354 0.000002 0.000036 0.000002 0.003082 0.008045 0.000002 0.010582 0.000002 0.008525 0.000652 0.010818 0.002535 0.000036 0.000173 0.930755 0.000207 0.013282 0.000002 0.002911
 0.917445 0.000002 0.000036 0.000002 0.003082 0.008045 0.000002 0.010582 0.000002 0.008525 0.000652 0.010818 0.002535 0.000036 0.000173 0.021664 0.000207 0.013282 0.000002 0.002911

MOTIF 3-ILN STREME-3
letter-probability matrix: alength= 20 w= 3 nsites= 1 E= 4.0e+000
 0.008354 0.000002 0.000036 0.000002 0.003082 0.008045 0.000002 0.919673 0.000002 0.008525 0.000652 0.010818 0.002535 0.000036 0.000173 0.021664 0.000207 0.013282 0.000002 0.002911
 0.008354 0.000002 0.000036 0.000002 0.003082 0.008045 0.000002 0.010582 0.000002 0.917615 0.000652 0.010818 0.002535 0.000036 0.000173 0.021664 0.000207 0.013282 0.000002 0.002911
 0.008354 0.000002 0.000036 0.000002 0.003082 0.008045 0.000002 0.010582 0.000002 0.008525 0.000652 0.919909 0.002535 0.000036 0.000173 0.021664 0.000207 0.013282 0.000002 0.002911

MOTIF 4-SISA STREME-4
letter-probability matrix: alength= 20 w= 4 nsites= 1 E= 4.0e+000
 0.008354 0.000002 0.000036 0.000002 0.003082 0.008045 0.000002 0.010582 0.000002 0.008525 0.000652 0.010818 0.002535 0.000036 0.000173 0.930755 0.000207 0.013282 0.000002 0.002911
 0.008354 0.000002 0.000036 0.000002 0.003082 0.008045 0.000002 0.919673 0.000002 0.008525 0.000652 0.010818 0.002535 0.000036 0.000173 0.021664 0.000207 0.013282 0.000002 0.002911
 0.008354 0.000002 0.000036 0.000002 0.003082 0.008045 0.000002 0.010582 0.000002 0.008525 0.000652 0.010818 0.002535 0.000036 0.000173 0.930755 0.000207 0.013282 0.000002 0.002911
 0.917445 0.000002 0.000036 0.000002 0.003082 0.008045 0.000002 0.010582 0.000002 0.008525 0.000652 0.010818 0.002535 0.000036 0.000173 0.021664 0.000207 0.013282 0.000002 0.002911

********************************************************************************
Stopped because 3 consecutive motifs exceeded the p-value threshold (0.05).
********************************************************************************
COMMAND:	streme --protein --p ./Data/v1_cluster_windows_15mers/cluster_13607.fasta --minw 3 --maxw 15 --thresh 0.05 --oc ./Results/v1_Top500_Run_20250504_162200/streme_out_cluster_13607
********************************************************************************
CPU:		Hirokis-MacBook-Air.local
********************************************************************************
FINALTIME:	0.48 seconds
********************************************************************************
