********************************************************************************
STREME - Sensitive, Thorough, Rapid, Enriched Motif Elicitation
********************************************************************************
MEME version 5.5.7 (Release date: Wed Jun 19 13:59:04 2024 -0700)

For further information on how to interpret these results please access https://meme-suite.org/meme.
To get a copy of the MEME Suite software please access https://meme-suite.org.

********************************************************************************


********************************************************************************
REFERENCE
********************************************************************************
If you use this program in your research, please cite:

Timothy L. Bailey,
"STREME: accurate and versatile sequence motif discovery",
Bioinformatics, Mar. 24, 2021.
********************************************************************************


ALPHABET= ACDEFGHIKLMNPQRSTVWY

strands: +

Background letter frequencies
A 0.077 C 7.4e-05 D 0.00303 E 7.4e-05 F 7.4e-05 G 0.151 H 7.4e-05 I 0.00303 K 7.4e-05 L 0.00895 M 7.4e-05 N 0.0666 P 7.4e-05 Q 7.4e-05 R 7.4e-05 S 0.354 T 0.0785 V 0.24 W 7.4e-05 Y 0.0178 

MOTIF 1-AGVSSTVYNSVS STREME-1
letter-probability matrix: alength= 20 w= 12 nsites= 45 S= 9.6e-027
 0.916091 0.000007 0.000276 0.000007 0.000007 0.013727 0.000007 0.000276 0.000007 0.000814 0.000007 0.006058 0.000007 0.000007 0.000007 0.032145 0.007135 0.021791 0.000007 0.001621
 0.007000 0.000007 0.000276 0.000007 0.000007 0.922818 0.000007 0.000276 0.000007 0.000814 0.000007 0.006058 0.000007 0.000007 0.000007 0.032145 0.007135 0.021791 0.000007 0.001621
 0.007000 0.000007 0.000276 0.000007 0.000007 0.013727 0.000007 0.000276 0.000007 0.000814 0.000007 0.006058 0.000007 0.000007 0.000007 0.032145 0.007135 0.930882 0.000007 0.001621
 0.007000 0.000007 0.000276 0.000007 0.000007 0.013727 0.000007 0.000276 0.000007 0.000814 0.000007 0.006058 0.000007 0.000007 0.000007 0.941236 0.007135 0.021791 0.000007 0.001621
 0.007000 0.000007 0.000276 0.000007 0.000007 0.013727 0.000007 0.000276 0.000007 0.000814 0.000007 0.006058 0.000007 0.000007 0.000007 0.941236 0.007135 0.021791 0.000007 0.001621
 0.007000 0.000007 0.000276 0.000007 0.000007 0.013727 0.000007 0.000276 0.000007 0.000814 0.000007 0.006058 0.000007 0.000007 0.000007 0.032145 0.916225 0.021791 0.000007 0.001621
 0.007000 0.000007 0.000276 0.000007 0.000007 0.013727 0.000007 0.000276 0.000007 0.000814 0.000007 0.006058 0.000007 0.000007 0.000007 0.032145 0.007135 0.930882 0.000007 0.001621
 0.007000 0.000007 0.000276 0.000007 0.000007 0.013727 0.000007 0.000276 0.000007 0.000814 0.000007 0.006058 0.000007 0.000007 0.000007 0.032145 0.007135 0.021791 0.000007 0.910712
 0.007000 0.000007 0.000276 0.000007 0.000007 0.013727 0.000007 0.000276 0.000007 0.000814 0.000007 0.915149 0.000007 0.000007 0.000007 0.032145 0.007135 0.021791 0.000007 0.001621
 0.007000 0.000007 0.000276 0.000007 0.000007 0.013727 0.000007 0.000276 0.000007 0.000814 0.000007 0.006058 0.000007 0.000007 0.000007 0.941236 0.007135 0.021791 0.000007 0.001621
 0.007000 0.000007 0.000276 0.000007 0.000007 0.013727 0.000007 0.000276 0.000007 0.000814 0.000007 0.006058 0.000007 0.000007 0.000007 0.032145 0.007135 0.930882 0.000007 0.001621
 0.007000 0.000007 0.000276 0.000007 0.000007 0.013727 0.000007 0.000276 0.000007 0.000814 0.000007 0.006058 0.000007 0.000007 0.000007 0.941236 0.007135 0.021791 0.000007 0.001621

MOTIF 2-GSG STREME-2
letter-probability matrix: alength= 20 w= 3 nsites= 29 S= 1.9e-005
 0.000730 0.000001 0.000029 0.000001 0.000001 0.926191 0.000001 0.000029 0.000001 0.000085 0.000001 0.000632 0.000001 0.000001 0.000001 0.069109 0.000744 0.002274 0.000001 0.000169
 0.361551 0.000001 0.000029 0.000001 0.000001 0.001432 0.000001 0.065783 0.000001 0.000085 0.000001 0.000632 0.000001 0.000001 0.000001 0.567293 0.000744 0.002274 0.000001 0.000169
 0.000730 0.000001 0.132610 0.000001 0.000001 0.859365 0.000001 0.000029 0.000001 0.000085 0.000001 0.000632 0.000001 0.000001 0.000001 0.003354 0.000744 0.002274 0.000001 0.000169

MOTIF 3-AGSS STREME-3
letter-probability matrix: alength= 20 w= 4 nsites= 2 S= 2.5e-001
 0.916091 0.000007 0.000276 0.000007 0.000007 0.013727 0.000007 0.000276 0.000007 0.000814 0.000007 0.006058 0.000007 0.000007 0.000007 0.032145 0.007135 0.021791 0.000007 0.001621
 0.007000 0.000007 0.000276 0.000007 0.000007 0.922818 0.000007 0.000276 0.000007 0.000814 0.000007 0.006058 0.000007 0.000007 0.000007 0.032145 0.007135 0.021791 0.000007 0.001621
 0.007000 0.000007 0.000276 0.000007 0.000007 0.013727 0.000007 0.000276 0.000007 0.000814 0.000007 0.006058 0.000007 0.000007 0.000007 0.941236 0.007135 0.021791 0.000007 0.001621
 0.007000 0.000007 0.000276 0.000007 0.000007 0.013727 0.000007 0.000276 0.000007 0.000814 0.000007 0.006058 0.000007 0.000007 0.000007 0.941236 0.007135 0.021791 0.000007 0.001621

MOTIF 4-GVSSA STREME-4
letter-probability matrix: alength= 20 w= 5 nsites= 2 S= 2.5e-001
 0.009708 0.000009 0.000382 0.000009 0.000009 0.892958 0.000009 0.000382 0.000009 0.001128 0.000009 0.008402 0.000009 0.000009 0.000009 0.044582 0.009895 0.030221 0.000009 0.002248
 0.009708 0.000009 0.000382 0.000009 0.000009 0.019038 0.000009 0.000382 0.000009 0.001128 0.000009 0.008402 0.000009 0.000009 0.000009 0.044582 0.009895 0.904141 0.000009 0.002248
 0.009708 0.000009 0.000382 0.000009 0.000009 0.019038 0.000009 0.000382 0.000009 0.001128 0.000009 0.008402 0.000009 0.000009 0.000009 0.918502 0.009895 0.030221 0.000009 0.002248
 0.009708 0.000009 0.000382 0.000009 0.000009 0.019038 0.000009 0.000382 0.000009 0.001128 0.000009 0.008402 0.000009 0.000009 0.000009 0.918502 0.009895 0.030221 0.000009 0.002248
 0.883628 0.000009 0.000382 0.000009 0.000009 0.019038 0.000009 0.000382 0.000009 0.001128 0.000009 0.008402 0.000009 0.000009 0.000009 0.044582 0.009895 0.030221 0.000009 0.002248

MOTIF 5-SSSSTT STREME-5
letter-probability matrix: alength= 20 w= 6 nsites= 1 S= 5.0e-001
 0.009708 0.000009 0.000382 0.000009 0.000009 0.019038 0.000009 0.000382 0.000009 0.001128 0.000009 0.008402 0.000009 0.000009 0.000009 0.918502 0.009895 0.030221 0.000009 0.002248
 0.009708 0.000009 0.000382 0.000009 0.000009 0.019038 0.000009 0.000382 0.000009 0.001128 0.000009 0.008402 0.000009 0.000009 0.000009 0.918502 0.009895 0.030221 0.000009 0.002248
 0.009708 0.000009 0.000382 0.000009 0.000009 0.019038 0.000009 0.000382 0.000009 0.001128 0.000009 0.008402 0.000009 0.000009 0.000009 0.918502 0.009895 0.030221 0.000009 0.002248
 0.009708 0.000009 0.000382 0.000009 0.000009 0.019038 0.000009 0.000382 0.000009 0.001128 0.000009 0.008402 0.000009 0.000009 0.000009 0.918502 0.009895 0.030221 0.000009 0.002248
 0.009708 0.000009 0.000382 0.000009 0.000009 0.019038 0.000009 0.000382 0.000009 0.001128 0.000009 0.008402 0.000009 0.000009 0.000009 0.044582 0.883815 0.030221 0.000009 0.002248
 0.009708 0.000009 0.000382 0.000009 0.000009 0.019038 0.000009 0.000382 0.000009 0.001128 0.000009 0.008402 0.000009 0.000009 0.000009 0.044582 0.883815 0.030221 0.000009 0.002248

********************************************************************************
Stopped because maximum number of motifs (5) reached.
********************************************************************************
COMMAND:	streme --protein --p ./Data/v1_cluster_windows_15mers/cluster_16736.fasta --minw 3 --maxw 15 --thresh 0.05 --oc ./Results/v1_Top500_Run_20250504_162200/streme_out_cluster_16736
********************************************************************************
CPU:		Hirokis-MacBook-Air.local
********************************************************************************
FINALTIME:	0.17 seconds
********************************************************************************
