********************************************************************************
STREME - Sensitive, Thorough, Rapid, Enriched Motif Elicitation
********************************************************************************
MEME version 5.5.7 (Release date: Wed Jun 19 13:59:04 2024 -0700)

For further information on how to interpret these results please access https://meme-suite.org/meme.
To get a copy of the MEME Suite software please access https://meme-suite.org.

********************************************************************************


********************************************************************************
REFERENCE
********************************************************************************
If you use this program in your research, please cite:

Timothy L. Bailey,
"STREME: accurate and versatile sequence motif discovery",
Bioinformatics, Mar. 24, 2021.
********************************************************************************


ALPHABET= ACDEFGHIKLMNPQRSTVWY

strands: +

Background letter frequencies
A 0.185 C 8.12e-05 D 8.12e-05 E 8.12e-05 F 8.12e-05 G 0.14 H 8.12e-05 I 0.117 K 8.12e-05 L 0.0861 M 8.12e-05 N 0.198 P 8.12e-05 Q 8.12e-05 R 8.12e-05 S 0.154 T 0.0439 V 0.0748 W 8.12e-05 Y 8.12e-05 

MOTIF 1-NAISSALGNVLANTG STREME-1
letter-probability matrix: alength= 20 w= 15 nsites= 41 S= 2.4e-024
 0.016828 0.000007 0.000007 0.000007 0.000007 0.012700 0.000007 0.010637 0.000007 0.007829 0.000007 0.927101 0.000007 0.000007 0.000007 0.014028 0.003992 0.006797 0.000007 0.000007
 0.925919 0.000007 0.000007 0.000007 0.000007 0.012700 0.000007 0.010637 0.000007 0.007829 0.000007 0.018010 0.000007 0.000007 0.000007 0.014028 0.003992 0.006797 0.000007 0.000007
 0.016828 0.000007 0.000007 0.000007 0.000007 0.012700 0.000007 0.919728 0.000007 0.007829 0.000007 0.018010 0.000007 0.000007 0.000007 0.014028 0.003992 0.006797 0.000007 0.000007
 0.016828 0.000007 0.000007 0.000007 0.000007 0.012700 0.000007 0.010637 0.000007 0.007829 0.000007 0.018010 0.000007 0.000007 0.000007 0.923119 0.003992 0.006797 0.000007 0.000007
 0.016828 0.000007 0.000007 0.000007 0.000007 0.012700 0.000007 0.010637 0.000007 0.007829 0.000007 0.018010 0.000007 0.000007 0.000007 0.923119 0.003992 0.006797 0.000007 0.000007
 0.925919 0.000007 0.000007 0.000007 0.000007 0.012700 0.000007 0.010637 0.000007 0.007829 0.000007 0.018010 0.000007 0.000007 0.000007 0.014028 0.003992 0.006797 0.000007 0.000007
 0.016828 0.000007 0.000007 0.000007 0.000007 0.012700 0.000007 0.010637 0.000007 0.916920 0.000007 0.018010 0.000007 0.000007 0.000007 0.014028 0.003992 0.006797 0.000007 0.000007
 0.016828 0.000007 0.000007 0.000007 0.000007 0.921791 0.000007 0.010637 0.000007 0.007829 0.000007 0.018010 0.000007 0.000007 0.000007 0.014028 0.003992 0.006797 0.000007 0.000007
 0.016828 0.000007 0.000007 0.000007 0.000007 0.012700 0.000007 0.010637 0.000007 0.007829 0.000007 0.927101 0.000007 0.000007 0.000007 0.014028 0.003992 0.006797 0.000007 0.000007
 0.016828 0.000007 0.000007 0.000007 0.000007 0.012700 0.000007 0.010637 0.000007 0.007829 0.000007 0.018010 0.000007 0.000007 0.000007 0.014028 0.003992 0.915888 0.000007 0.000007
 0.016828 0.000007 0.000007 0.000007 0.000007 0.012700 0.000007 0.010637 0.000007 0.916920 0.000007 0.018010 0.000007 0.000007 0.000007 0.014028 0.003992 0.006797 0.000007 0.000007
 0.925919 0.000007 0.000007 0.000007 0.000007 0.012700 0.000007 0.010637 0.000007 0.007829 0.000007 0.018010 0.000007 0.000007 0.000007 0.014028 0.003992 0.006797 0.000007 0.000007
 0.016828 0.000007 0.000007 0.000007 0.000007 0.012700 0.000007 0.010637 0.000007 0.007829 0.000007 0.927101 0.000007 0.000007 0.000007 0.014028 0.003992 0.006797 0.000007 0.000007
 0.016828 0.000007 0.000007 0.000007 0.000007 0.012700 0.000007 0.010637 0.000007 0.007829 0.000007 0.018010 0.000007 0.000007 0.000007 0.014028 0.913083 0.006797 0.000007 0.000007
 0.016828 0.000007 0.000007 0.000007 0.000007 0.921791 0.000007 0.010637 0.000007 0.007829 0.000007 0.018010 0.000007 0.000007 0.000007 0.014028 0.003992 0.006797 0.000007 0.000007

MOTIF 2-AGV STREME-2
letter-probability matrix: alength= 20 w= 3 nsites= 2 S= 8.2e-001
 0.925919 0.000007 0.000007 0.000007 0.000007 0.012700 0.000007 0.010637 0.000007 0.007829 0.000007 0.018010 0.000007 0.000007 0.000007 0.014028 0.003992 0.006797 0.000007 0.000007
 0.016828 0.000007 0.000007 0.000007 0.000007 0.921791 0.000007 0.010637 0.000007 0.007829 0.000007 0.018010 0.000007 0.000007 0.000007 0.014028 0.003992 0.006797 0.000007 0.000007
 0.016828 0.000007 0.000007 0.000007 0.000007 0.012700 0.000007 0.010637 0.000007 0.007829 0.000007 0.018010 0.000007 0.000007 0.000007 0.014028 0.003992 0.915888 0.000007 0.000007

********************************************************************************
Stopped because the next motif had no positive sites with scores > 0.
********************************************************************************
COMMAND:	streme --protein --p ./Data/v1_cluster_windows_15mers/cluster_21562.fasta --minw 3 --maxw 15 --thresh 0.05 --oc ./Results/v1_Top500_Run_20250504_162200/streme_out_cluster_21562
********************************************************************************
CPU:		Hirokis-MacBook-Air.local
********************************************************************************
FINALTIME:	0.13 seconds
********************************************************************************
