********************************************************************************
STREME - Sensitive, Thorough, Rapid, Enriched Motif Elicitation
********************************************************************************
MEME version 5.5.7 (Release date: Wed Jun 19 13:59:04 2024 -0700)

For further information on how to interpret these results please access https://meme-suite.org/meme.
To get a copy of the MEME Suite software please access https://meme-suite.org.

********************************************************************************


********************************************************************************
REFERENCE
********************************************************************************
If you use this program in your research, please cite:

Timothy L. Bailey,
"STREME: accurate and versatile sequence motif discovery",
Bioinformatics, Mar. 24, 2021.
********************************************************************************


ALPHABET= ACDEFGHIKLMNPQRSTVWY

strands: +

Background letter frequencies
A 0.0937 C 1.71e-05 D 0.00412 E 0.000359 F 0.0359 G 0.14 H 0.000701 I 0.101 K 1.71e-05 L 0.0349 M 0.00856 N 0.0848 P 0.0048 Q 0.00241 R 0.00104 S 0.283 T 0.00754 V 0.169 W 1.71e-05 Y 0.0277 

MOTIF 1-VISNIFSGV STREME-1
letter-probability matrix: alength= 20 w= 9 nsites= 186 E= 3.6e-008
 0.000077 0.000000 0.000003 0.000000 0.000030 0.000115 0.000001 0.005796 0.000000 0.000029 0.000007 0.000070 0.000004 0.000002 0.000001 0.000233 0.000006 0.993603 0.000000 0.000023
 0.000077 0.000000 0.000003 0.000000 0.022903 0.000115 0.000001 0.543729 0.000000 0.081104 0.092024 0.000070 0.000004 0.000002 0.000001 0.000233 0.000006 0.253992 0.000000 0.005735
 0.000077 0.000000 0.000003 0.000000 0.000030 0.017253 0.000001 0.000083 0.000000 0.000029 0.000007 0.005782 0.000004 0.000002 0.000001 0.976560 0.000006 0.000139 0.000000 0.000023
 0.000077 0.000000 0.051700 0.000000 0.000030 0.000115 0.000001 0.000083 0.000000 0.000029 0.000007 0.930389 0.000004 0.000002 0.000001 0.017394 0.000006 0.000139 0.000000 0.000023
 0.000077 0.000000 0.000003 0.000000 0.000030 0.000115 0.000001 0.953323 0.000000 0.000029 0.005719 0.000070 0.000004 0.000002 0.000001 0.000233 0.000006 0.040364 0.000000 0.000023
 0.000077 0.000000 0.000003 0.000000 0.536102 0.000115 0.000001 0.000083 0.000000 0.017190 0.005719 0.000070 0.000004 0.000002 0.000001 0.023107 0.000006 0.000139 0.000000 0.417379
 0.011526 0.000000 0.000003 0.000000 0.000030 0.000115 0.000001 0.000083 0.000000 0.000029 0.000007 0.000070 0.000004 0.000002 0.000001 0.987961 0.000006 0.000139 0.000000 0.000023
 0.000077 0.000000 0.000003 0.000000 0.000030 0.999291 0.000001 0.000083 0.000000 0.000029 0.000007 0.000070 0.000004 0.000002 0.000001 0.000233 0.000006 0.000139 0.000000 0.000023
 0.005790 0.000000 0.000003 0.000000 0.000030 0.000115 0.000001 0.045806 0.000000 0.093644 0.000007 0.000070 0.000004 0.000002 0.000001 0.000233 0.000006 0.854265 0.000000 0.000023

MOTIF 2-SASAAG STREME-2
letter-probability matrix: alength= 20 w= 6 nsites= 91 E= 9.3e-003
 0.000157 0.000000 0.000007 0.000001 0.000060 0.000234 0.000001 0.000170 0.000000 0.000058 0.000014 0.000142 0.000008 0.000004 0.000002 0.998799 0.000013 0.000283 0.000000 0.000046
 0.679061 0.000000 0.000007 0.000001 0.000060 0.000234 0.000001 0.000170 0.000000 0.000058 0.000014 0.000142 0.000008 0.000004 0.000002 0.319895 0.000013 0.000283 0.000000 0.000046
 0.035045 0.000000 0.000007 0.000001 0.000060 0.000234 0.000001 0.000170 0.000000 0.000058 0.000014 0.000142 0.000008 0.000004 0.000002 0.799970 0.152341 0.011897 0.000000 0.000046
 0.846394 0.000000 0.000007 0.000001 0.000060 0.140708 0.000001 0.000170 0.000000 0.000058 0.000014 0.000142 0.000008 0.000004 0.000002 0.012088 0.000013 0.000283 0.000000 0.000046
 0.678693 0.000000 0.000007 0.000001 0.000060 0.226390 0.000001 0.000170 0.000000 0.000058 0.000014 0.000142 0.000008 0.000004 0.000002 0.082493 0.011626 0.000283 0.000000 0.000046
 0.023431 0.000000 0.000007 0.000001 0.000060 0.597089 0.000001 0.000170 0.000000 0.000058 0.000014 0.000142 0.000008 0.000004 0.000002 0.378670 0.000013 0.000283 0.000000 0.000046

MOTIF 3-LNSGVS STREME-3
letter-probability matrix: alength= 20 w= 6 nsites= 73 E= 2.4e-002
 0.046903 0.000000 0.000009 0.000001 0.000080 0.000313 0.000002 0.015727 0.000000 0.873581 0.000019 0.000190 0.000011 0.000005 0.015503 0.000634 0.000017 0.046944 0.000000 0.000062
 0.000209 0.000000 0.000009 0.000001 0.000080 0.206960 0.000002 0.000226 0.000000 0.000078 0.000019 0.603288 0.000011 0.000005 0.000002 0.188651 0.000017 0.000378 0.000000 0.000062
 0.000209 0.000000 0.000009 0.000001 0.000080 0.000313 0.000002 0.000226 0.000000 0.000078 0.000019 0.000190 0.000011 0.000005 0.000002 0.998397 0.000017 0.000378 0.000000 0.000062
 0.000209 0.000000 0.000009 0.000001 0.000080 0.998076 0.000002 0.000226 0.000000 0.000078 0.000019 0.000190 0.000011 0.000005 0.000002 0.000634 0.000017 0.000378 0.000000 0.000062
 0.031275 0.000000 0.000009 0.000001 0.015581 0.000313 0.000002 0.046920 0.000000 0.015579 0.000019 0.000190 0.000011 0.000005 0.000002 0.000634 0.000017 0.889382 0.000000 0.000062
 0.000209 0.000000 0.000009 0.000001 0.000080 0.000313 0.000002 0.000226 0.000000 0.000078 0.000019 0.234115 0.000011 0.015506 0.000002 0.748971 0.000017 0.000378 0.000000 0.000062

MOTIF 4-ASNPG STREME-4
letter-probability matrix: alength= 20 w= 5 nsites= 14 E= 6.9e-001
 0.917606 0.000002 0.000374 0.000033 0.003264 0.012709 0.000064 0.009200 0.000002 0.003171 0.000778 0.007706 0.000437 0.000219 0.000095 0.025755 0.000685 0.015382 0.000002 0.002518
 0.008515 0.000002 0.000374 0.000033 0.003264 0.012709 0.000064 0.009200 0.000002 0.003171 0.000778 0.007706 0.000437 0.000219 0.000095 0.934846 0.000685 0.015382 0.000002 0.002518
 0.008515 0.000002 0.000374 0.000033 0.003264 0.012709 0.000064 0.009200 0.000002 0.003171 0.000778 0.916797 0.000437 0.000219 0.000095 0.025755 0.000685 0.015382 0.000002 0.002518
 0.008515 0.000002 0.000374 0.000033 0.003264 0.012709 0.000064 0.009200 0.000002 0.003171 0.000778 0.007706 0.909527 0.000219 0.000095 0.025755 0.000685 0.015382 0.000002 0.002518
 0.008515 0.000002 0.000374 0.000033 0.003264 0.921800 0.000064 0.009200 0.000002 0.003171 0.000778 0.007706 0.000437 0.000219 0.000095 0.025755 0.000685 0.015382 0.000002 0.002518

MOTIF 5-STSAGS STREME-5
letter-probability matrix: alength= 20 w= 6 nsites= 4 E= 6.0e+000
 0.008515 0.000002 0.000374 0.000033 0.003264 0.012709 0.000064 0.009200 0.000002 0.003171 0.000778 0.007706 0.000437 0.000219 0.000095 0.934846 0.000685 0.015382 0.000002 0.002518
 0.008515 0.000002 0.000374 0.000033 0.003264 0.012709 0.000064 0.009200 0.000002 0.003171 0.000778 0.007706 0.000437 0.000219 0.000095 0.025755 0.909776 0.015382 0.000002 0.002518
 0.008515 0.000002 0.000374 0.000033 0.003264 0.012709 0.000064 0.009200 0.000002 0.003171 0.000778 0.007706 0.000437 0.000219 0.000095 0.934846 0.000685 0.015382 0.000002 0.002518
 0.917606 0.000002 0.000374 0.000033 0.003264 0.012709 0.000064 0.009200 0.000002 0.003171 0.000778 0.007706 0.000437 0.000219 0.000095 0.025755 0.000685 0.015382 0.000002 0.002518
 0.008515 0.000002 0.000374 0.000033 0.003264 0.921800 0.000064 0.009200 0.000002 0.003171 0.000778 0.007706 0.000437 0.000219 0.000095 0.025755 0.000685 0.015382 0.000002 0.002518
 0.008515 0.000002 0.000374 0.000033 0.003264 0.012709 0.000064 0.009200 0.000002 0.003171 0.000778 0.007706 0.000437 0.000219 0.000095 0.934846 0.000685 0.015382 0.000002 0.002518

MOTIF 6-VASGVS STREME-6
letter-probability matrix: alength= 20 w= 6 nsites= 4 E= 6.0e+000
 0.003254 0.000001 0.000143 0.000012 0.001247 0.004857 0.000024 0.003516 0.000001 0.001212 0.000297 0.002945 0.000167 0.000084 0.000036 0.009843 0.000262 0.971136 0.000001 0.000962
 0.485883 0.000001 0.000143 0.000012 0.001247 0.004857 0.000024 0.003516 0.000001 0.001212 0.482926 0.002945 0.000167 0.000084 0.000036 0.009843 0.000262 0.005879 0.000001 0.000962
 0.003254 0.000001 0.000143 0.000012 0.001247 0.004857 0.000024 0.003516 0.000001 0.001212 0.000297 0.002945 0.000167 0.000084 0.000036 0.975100 0.000262 0.005879 0.000001 0.000962
 0.003254 0.000001 0.000143 0.000012 0.001247 0.487486 0.000024 0.003516 0.000001 0.001212 0.000297 0.002945 0.000167 0.482712 0.000036 0.009843 0.000262 0.005879 0.000001 0.000962
 0.003254 0.000001 0.000143 0.000012 0.001247 0.004857 0.000024 0.003516 0.000001 0.001212 0.000297 0.002945 0.000167 0.000084 0.000036 0.009843 0.000262 0.971136 0.000001 0.000962
 0.003254 0.000001 0.000143 0.000012 0.001247 0.004857 0.000024 0.003516 0.000001 0.001212 0.000297 0.002945 0.000167 0.000084 0.000036 0.975100 0.000262 0.005879 0.000001 0.000962

********************************************************************************
Stopped because 3 consecutive motifs exceeded the p-value threshold (0.05).
********************************************************************************
COMMAND:	streme --protein --p ./Data/v1_cluster_windows_15mers/cluster_6667.fasta --minw 3 --maxw 15 --thresh 0.05 --oc ./Results/v1_Top500_Run_20250504_162200/streme_out_cluster_6667
********************************************************************************
CPU:		Hirokis-MacBook-Air.local
********************************************************************************
FINALTIME:	0.51 seconds
********************************************************************************
