********************************************************************************
STREME - Sensitive, Thorough, Rapid, Enriched Motif Elicitation
********************************************************************************
MEME version 5.5.7 (Release date: Wed Jun 19 13:59:04 2024 -0700)

For further information on how to interpret these results please access https://meme-suite.org/meme.
To get a copy of the MEME Suite software please access https://meme-suite.org.

********************************************************************************


********************************************************************************
REFERENCE
********************************************************************************
If you use this program in your research, please cite:

Timothy L. Bailey,
"STREME: accurate and versatile sequence motif discovery",
Bioinformatics, Mar. 24, 2021.
********************************************************************************


ALPHABET= ACDEFGHIKLMNPQRSTVWY

strands: +

Background letter frequencies
A 0.2 C 8.12e-05 D 8.12e-05 E 0.0017 F 0.0179 G 0.541 H 8.12e-05 I 8.12e-05 K 8.12e-05 L 8.12e-05 M 8.12e-05 N 8.12e-05 P 8.12e-05 Q 8.12e-05 R 8.12e-05 S 0.0439 T 0.0147 V 8.12e-05 W 8.12e-05 Y 0.18 

MOTIF 1-GAGYGAGAGYG STREME-1
letter-probability matrix: alength= 20 w= 11 nsites= 41 S= 2.4e-024
 0.000701 0.000000 0.000000 0.000006 0.000063 0.998389 0.000000 0.000000 0.000000 0.000000 0.000000 0.000000 0.000000 0.000000 0.000000 0.000154 0.000052 0.000000 0.000000 0.000632
 0.701957 0.000000 0.000000 0.024313 0.000063 0.050946 0.000000 0.000000 0.000000 0.000000 0.000000 0.000000 0.000000 0.000000 0.000000 0.124370 0.097715 0.000000 0.000000 0.000632
 0.000701 0.000000 0.000000 0.000006 0.000063 0.998389 0.000000 0.000000 0.000000 0.000000 0.000000 0.000000 0.000000 0.000000 0.000000 0.000154 0.000052 0.000000 0.000000 0.000632
 0.000701 0.000000 0.000000 0.000006 0.000063 0.001896 0.000000 0.000000 0.000000 0.000000 0.000000 0.000000 0.000000 0.000000 0.000000 0.000154 0.000052 0.000000 0.000000 0.997125
 0.000701 0.000000 0.000000 0.000006 0.000063 0.998389 0.000000 0.000000 0.000000 0.000000 0.000000 0.000000 0.000000 0.000000 0.000000 0.000154 0.000052 0.000000 0.000000 0.000632
 0.826609 0.000000 0.000000 0.000006 0.024370 0.026203 0.000000 0.000000 0.000000 0.000000 0.000000 0.000000 0.000000 0.000000 0.000000 0.073511 0.000052 0.000000 0.000000 0.049246
 0.000701 0.000000 0.000000 0.000006 0.000063 0.998389 0.000000 0.000000 0.000000 0.000000 0.000000 0.000000 0.000000 0.000000 0.000000 0.000154 0.000052 0.000000 0.000000 0.000632
 0.850916 0.000000 0.000000 0.000006 0.000063 0.026203 0.000000 0.000000 0.000000 0.000000 0.000000 0.000000 0.000000 0.000000 0.000000 0.048768 0.073408 0.000000 0.000000 0.000632
 0.000701 0.000000 0.000000 0.000006 0.000063 0.998389 0.000000 0.000000 0.000000 0.000000 0.000000 0.000000 0.000000 0.000000 0.000000 0.000154 0.000052 0.000000 0.000000 0.000632
 0.000701 0.000000 0.000000 0.000006 0.024370 0.001896 0.000000 0.000000 0.000000 0.000000 0.000000 0.000000 0.000000 0.000000 0.000000 0.224316 0.000052 0.000000 0.000000 0.748657
 0.000701 0.000000 0.000000 0.000006 0.000063 0.998389 0.000000 0.000000 0.000000 0.000000 0.000000 0.000000 0.000000 0.000000 0.000000 0.000154 0.000052 0.000000 0.000000 0.000632

MOTIF 2-GYGA STREME-2
letter-probability matrix: alength= 20 w= 4 nsites= 31 S= 6.6e-010
 0.001195 0.000000 0.000000 0.000010 0.000107 0.997253 0.000000 0.000000 0.000000 0.000000 0.000000 0.000000 0.000000 0.000000 0.000000 0.000263 0.000088 0.000000 0.000000 0.001078
 0.001195 0.000000 0.000000 0.000010 0.041553 0.003233 0.000000 0.000000 0.000000 0.000000 0.000000 0.000000 0.000000 0.000000 0.000000 0.000263 0.000088 0.000000 0.000000 0.953652
 0.001195 0.000000 0.000000 0.000010 0.000107 0.997253 0.000000 0.000000 0.000000 0.000000 0.000000 0.000000 0.000000 0.000000 0.000000 0.000263 0.000088 0.000000 0.000000 0.001078
 0.556221 0.000000 0.000000 0.000010 0.215058 0.003235 0.000000 0.000000 0.000000 0.000000 0.000000 0.000000 0.000000 0.000000 0.000000 0.168304 0.041534 0.000000 0.000000 0.015632

MOTIF 3-GSGA STREME-3
letter-probability matrix: alength= 20 w= 4 nsites= 1 S= 5.0e-001
 0.018162 0.000007 0.000007 0.000155 0.001631 0.958241 0.000007 0.000007 0.000007 0.000007 0.000007 0.000007 0.000007 0.000007 0.000007 0.003991 0.001335 0.000007 0.000007 0.016389
 0.018162 0.000007 0.000007 0.000155 0.001631 0.049150 0.000007 0.000007 0.000007 0.000007 0.000007 0.000007 0.000007 0.000007 0.000007 0.913082 0.001335 0.000007 0.000007 0.016389
 0.018162 0.000007 0.000007 0.000155 0.001631 0.958241 0.000007 0.000007 0.000007 0.000007 0.000007 0.000007 0.000007 0.000007 0.000007 0.003991 0.001335 0.000007 0.000007 0.016389
 0.927253 0.000007 0.000007 0.000155 0.001631 0.049150 0.000007 0.000007 0.000007 0.000007 0.000007 0.000007 0.000007 0.000007 0.000007 0.003991 0.001335 0.000007 0.000007 0.016389

MOTIF 4-GYGY STREME-4
letter-probability matrix: alength= 20 w= 4 nsites= 3 S= 6.6e-001
 0.018162 0.000007 0.000007 0.000155 0.001631 0.958241 0.000007 0.000007 0.000007 0.000007 0.000007 0.000007 0.000007 0.000007 0.000007 0.003991 0.001335 0.000007 0.000007 0.016389
 0.018162 0.000007 0.000007 0.000155 0.001631 0.049150 0.000007 0.000007 0.000007 0.000007 0.000007 0.000007 0.000007 0.000007 0.000007 0.003991 0.001335 0.000007 0.000007 0.925480
 0.018162 0.000007 0.000007 0.000155 0.001631 0.958241 0.000007 0.000007 0.000007 0.000007 0.000007 0.000007 0.000007 0.000007 0.000007 0.003991 0.001335 0.000007 0.000007 0.016389
 0.018162 0.000007 0.000007 0.000155 0.001631 0.049150 0.000007 0.000007 0.000007 0.000007 0.000007 0.000007 0.000007 0.000007 0.000007 0.003991 0.001335 0.000007 0.000007 0.925480

MOTIF 5-GSGY STREME-5
letter-probability matrix: alength= 20 w= 4 nsites= 1 S= 7.5e-001
 0.018162 0.000007 0.000007 0.000155 0.001631 0.958241 0.000007 0.000007 0.000007 0.000007 0.000007 0.000007 0.000007 0.000007 0.000007 0.003991 0.001335 0.000007 0.000007 0.016389
 0.018162 0.000007 0.000007 0.000155 0.001631 0.049150 0.000007 0.000007 0.000007 0.000007 0.000007 0.000007 0.000007 0.000007 0.000007 0.913082 0.001335 0.000007 0.000007 0.016389
 0.018162 0.000007 0.000007 0.000155 0.001631 0.958241 0.000007 0.000007 0.000007 0.000007 0.000007 0.000007 0.000007 0.000007 0.000007 0.003991 0.001335 0.000007 0.000007 0.016389
 0.018162 0.000007 0.000007 0.000155 0.001631 0.049150 0.000007 0.000007 0.000007 0.000007 0.000007 0.000007 0.000007 0.000007 0.000007 0.003991 0.001335 0.000007 0.000007 0.925480

********************************************************************************
Stopped because maximum number of motifs (5) reached.
********************************************************************************
COMMAND:	streme --protein --p ./Data/v1_cluster_windows_15mers/cluster_11973.fasta --minw 3 --maxw 15 --thresh 0.05 --oc ./Results/v1_Top500_Run_20250504_162200/streme_out_cluster_11973
********************************************************************************
CPU:		Hirokis-MacBook-Air.local
********************************************************************************
FINALTIME:	0.17 seconds
********************************************************************************
