********************************************************************************
STREME - Sensitive, Thorough, Rapid, Enriched Motif Elicitation
********************************************************************************
MEME version 5.5.7 (Release date: Wed Jun 19 13:59:04 2024 -0700)

For further information on how to interpret these results please access https://meme-suite.org/meme.
To get a copy of the MEME Suite software please access https://meme-suite.org.

********************************************************************************


********************************************************************************
REFERENCE
********************************************************************************
If you use this program in your research, please cite:

Timothy L. Bailey,
"STREME: accurate and versatile sequence motif discovery",
Bioinformatics, Mar. 24, 2021.
********************************************************************************


ALPHABET= ACDEFGHIKLMNPQRSTVWY

strands: +

Background letter frequencies
A 0.0974 C 4.16e-05 D 0.00171 E 0.00504 F 0.000874 G 0.342 H 4.16e-05 I 0.00837 K 0.000874 L 0.0167 M 4.16e-05 N 0.00254 P 0.0608 Q 0.189 R 0.000874 S 0.227 T 0.0209 V 0.00337 W 4.16e-05 Y 0.0217 

MOTIF 1-QQAGSSG STREME-1
letter-probability matrix: alength= 20 w= 7 nsites= 80 E= 3.9e-004
 0.000171 0.000000 0.000003 0.000009 0.000002 0.226153 0.000000 0.024465 0.000002 0.000029 0.000000 0.000004 0.000107 0.748574 0.000002 0.000399 0.000037 0.000006 0.000000 0.000038
 0.000171 0.000000 0.000003 0.000009 0.000002 0.000601 0.000000 0.000015 0.000002 0.000029 0.000000 0.000004 0.000107 0.998577 0.000002 0.000399 0.000037 0.000006 0.000000 0.000038
 0.998416 0.000000 0.000003 0.000009 0.000002 0.000601 0.000000 0.000015 0.000002 0.000029 0.000000 0.000004 0.000107 0.000332 0.000002 0.000399 0.000037 0.000006 0.000000 0.000038
 0.000171 0.000000 0.000003 0.000009 0.000002 0.998846 0.000000 0.000015 0.000002 0.000029 0.000000 0.000004 0.000107 0.000332 0.000002 0.000399 0.000037 0.000006 0.000000 0.000038
 0.000171 0.000000 0.000003 0.000009 0.012165 0.000601 0.000000 0.000015 0.000002 0.000029 0.000000 0.000004 0.123496 0.000332 0.000002 0.637538 0.000037 0.000006 0.000000 0.225590
 0.000171 0.000000 0.000003 0.000009 0.000002 0.025051 0.000000 0.000015 0.000002 0.000029 0.000000 0.036867 0.000107 0.000332 0.000002 0.937331 0.000037 0.000006 0.000000 0.000038
 0.000171 0.000000 0.012167 0.000009 0.000002 0.962232 0.000000 0.000015 0.000002 0.000029 0.000000 0.000004 0.000107 0.000332 0.000002 0.024849 0.000037 0.000006 0.000000 0.000038

MOTIF 2-GPGQG STREME-2
letter-probability matrix: alength= 20 w= 5 nsites= 77 E= 3.5e-003
 0.000202 0.000000 0.000004 0.014402 0.000002 0.955315 0.000000 0.000017 0.000002 0.000035 0.000000 0.000005 0.000126 0.000393 0.000002 0.000472 0.000043 0.028935 0.000000 0.000045
 0.000202 0.000000 0.000004 0.000010 0.000002 0.000711 0.000000 0.000017 0.000002 0.000035 0.000000 0.000005 0.673185 0.000393 0.000002 0.014863 0.266903 0.000007 0.000000 0.043659
 0.000202 0.000000 0.000004 0.014402 0.000002 0.984243 0.000000 0.000017 0.000002 0.000035 0.000000 0.000005 0.000126 0.000393 0.000002 0.000472 0.000043 0.000007 0.000000 0.000045
 0.000202 0.000000 0.000004 0.000010 0.000002 0.000711 0.000000 0.000017 0.014393 0.058486 0.000000 0.000005 0.000126 0.925473 0.000002 0.000472 0.000043 0.000007 0.000000 0.000045
 0.000202 0.000000 0.000004 0.000010 0.000002 0.998634 0.000000 0.000017 0.000002 0.000035 0.000000 0.000005 0.000126 0.000393 0.000002 0.000472 0.000043 0.000007 0.000000 0.000045

MOTIF 3-QLG STREME-3
letter-probability matrix: alength= 20 w= 3 nsites= 13 E= 2.5e+000
 0.008859 0.000004 0.000155 0.000458 0.000079 0.031114 0.000004 0.000761 0.000079 0.001517 0.000004 0.000231 0.005528 0.926280 0.000079 0.020670 0.001896 0.000307 0.000004 0.001972
 0.008859 0.000004 0.000155 0.000458 0.000079 0.031114 0.000004 0.000761 0.000079 0.910608 0.000004 0.000231 0.005528 0.017189 0.000079 0.020670 0.001896 0.000307 0.000004 0.001972
 0.008859 0.000004 0.000155 0.000458 0.000079 0.940205 0.000004 0.000761 0.000079 0.001517 0.000004 0.000231 0.005528 0.017189 0.000079 0.020670 0.001896 0.000307 0.000004 0.001972

MOTIF 4-SSA STREME-4
letter-probability matrix: alength= 20 w= 3 nsites= 33 E= 3.6e+000
 0.008859 0.000004 0.000155 0.000458 0.000079 0.031114 0.000004 0.000761 0.000079 0.001517 0.000004 0.000231 0.005528 0.017189 0.000079 0.929761 0.001896 0.000307 0.000004 0.001972
 0.008859 0.000004 0.000155 0.000458 0.000079 0.031114 0.000004 0.000761 0.000079 0.001517 0.000004 0.000231 0.005528 0.017189 0.000079 0.929761 0.001896 0.000307 0.000004 0.001972
 0.917950 0.000004 0.000155 0.000458 0.000079 0.031114 0.000004 0.000761 0.000079 0.001517 0.000004 0.000231 0.005528 0.017189 0.000079 0.020670 0.001896 0.000307 0.000004 0.001972

MOTIF 5-SPS STREME-5
letter-probability matrix: alength= 20 w= 3 nsites= 8 E= 5.0e+000
 0.008859 0.000004 0.000155 0.000458 0.000079 0.031114 0.000004 0.000761 0.000079 0.001517 0.000004 0.000231 0.005528 0.017189 0.000079 0.929761 0.001896 0.000307 0.000004 0.001972
 0.008859 0.000004 0.000155 0.000458 0.000079 0.031114 0.000004 0.000761 0.000079 0.001517 0.000004 0.000231 0.914619 0.017189 0.000079 0.020670 0.001896 0.000307 0.000004 0.001972
 0.008859 0.000004 0.000155 0.000458 0.000079 0.031114 0.000004 0.000761 0.000079 0.001517 0.000004 0.000231 0.005528 0.017189 0.000079 0.929761 0.001896 0.000307 0.000004 0.001972

********************************************************************************
Stopped because 3 consecutive motifs exceeded the p-value threshold (0.05).
********************************************************************************
COMMAND:	streme --protein --p ./Data/v1_cluster_windows_15mers/cluster_11113.fasta --minw 3 --maxw 15 --thresh 0.05 --oc ./Results/v1_Top500_Run_20250504_162200/streme_out_cluster_11113
********************************************************************************
CPU:		Hirokis-MacBook-Air.local
********************************************************************************
FINALTIME:	0.21 seconds
********************************************************************************
