********************************************************************************
STREME - Sensitive, Thorough, Rapid, Enriched Motif Elicitation
********************************************************************************
MEME version 5.5.7 (Release date: Wed Jun 19 13:59:04 2024 -0700)

For further information on how to interpret these results please access https://meme-suite.org/meme.
To get a copy of the MEME Suite software please access https://meme-suite.org.

********************************************************************************


********************************************************************************
REFERENCE
********************************************************************************
If you use this program in your research, please cite:

Timothy L. Bailey,
"STREME: accurate and versatile sequence motif discovery",
Bioinformatics, Mar. 24, 2021.
********************************************************************************


ALPHABET= ACDEFGHIKLMNPQRSTVWY

strands: +

Background letter frequencies
A 0.0689 C 0.00121 D 0.0173 E 0.0184 F 0.0104 G 0.265 H 5.74e-05 I 0.015 K 0.00465 L 0.0276 M 5.74e-05 N 0.0184 P 0.138 Q 0.0586 R 0.015 S 0.165 T 0.0276 V 0.0781 W 5.74e-05 Y 0.0701 

MOTIF 1-PGQGGYGPGSSGP STREME-1
letter-probability matrix: alength= 20 w= 13 nsites= 50 E= 9.5e-002
 0.266035 0.000004 0.000055 0.000059 0.022184 0.067301 0.000000 0.000048 0.000015 0.022239 0.000000 0.000059 0.421313 0.000187 0.000048 0.177738 0.022239 0.000250 0.000000 0.000224
 0.000220 0.000004 0.088660 0.000059 0.000033 0.576779 0.000000 0.000048 0.000015 0.000088 0.000000 0.044361 0.000440 0.000187 0.000048 0.199889 0.000088 0.088855 0.000000 0.000224
 0.022372 0.000004 0.000055 0.000059 0.000033 0.000848 0.000000 0.022199 0.022166 0.110844 0.000000 0.000059 0.221952 0.509665 0.000048 0.066982 0.022239 0.000250 0.000000 0.000224
 0.000220 0.000004 0.022206 0.044361 0.000033 0.643233 0.000000 0.022199 0.000015 0.022239 0.000000 0.000059 0.000440 0.000187 0.022199 0.000529 0.000088 0.221762 0.000000 0.000224
 0.000220 0.000004 0.022206 0.022210 0.000033 0.731838 0.000000 0.000048 0.000015 0.000088 0.000000 0.000059 0.000440 0.000187 0.000048 0.133436 0.000088 0.066703 0.000000 0.022375
 0.000220 0.000004 0.000055 0.000059 0.000033 0.000848 0.000000 0.000048 0.000015 0.000088 0.000000 0.000059 0.000440 0.000187 0.000048 0.000529 0.000088 0.000250 0.000000 0.997028
 0.000220 0.000004 0.000055 0.088664 0.022184 0.621082 0.000000 0.000048 0.000015 0.000088 0.000000 0.000059 0.000440 0.000187 0.044350 0.066982 0.000088 0.155308 0.000000 0.000224
 0.066674 0.000004 0.000055 0.000059 0.022184 0.000848 0.000000 0.000048 0.000015 0.044391 0.000000 0.000059 0.642825 0.022339 0.000048 0.111285 0.088693 0.000250 0.000000 0.000224
 0.155279 0.000004 0.000055 0.044361 0.000033 0.377418 0.000000 0.044350 0.022166 0.044391 0.000000 0.000059 0.044743 0.022339 0.022199 0.000529 0.022239 0.199611 0.000000 0.000224
 0.000220 0.000004 0.000055 0.022210 0.022184 0.022999 0.000000 0.044350 0.000015 0.000088 0.000000 0.110815 0.000440 0.000187 0.000048 0.665065 0.022239 0.066703 0.000000 0.022375
 0.243884 0.000004 0.000055 0.000059 0.088638 0.000848 0.000000 0.000048 0.000015 0.000088 0.000000 0.000059 0.221952 0.000187 0.000048 0.266343 0.110844 0.044552 0.000000 0.022375
 0.022372 0.000004 0.022206 0.000059 0.000033 0.687535 0.000000 0.000048 0.000015 0.000088 0.000000 0.022210 0.000440 0.000187 0.000048 0.111285 0.000088 0.133157 0.000000 0.000224
 0.000220 0.000004 0.000055 0.000059 0.000033 0.000848 0.000000 0.000048 0.000015 0.066542 0.000000 0.000059 0.443464 0.398909 0.022199 0.066982 0.000088 0.000250 0.000000 0.000224

MOTIF 2-VSPGE STREME-2
letter-probability matrix: alength= 20 w= 5 nsites= 5 E= 4.0e+000
 0.001918 0.000034 0.000481 0.000513 0.000289 0.007380 0.000002 0.000417 0.000129 0.000768 0.000002 0.000513 0.003833 0.001630 0.000417 0.004601 0.000768 0.974355 0.000002 0.001950
 0.001918 0.000034 0.000481 0.000513 0.000289 0.007380 0.000002 0.000417 0.000129 0.000768 0.000002 0.000513 0.003833 0.001630 0.000417 0.976783 0.000768 0.002173 0.000002 0.001950
 0.001918 0.000034 0.000481 0.000513 0.000289 0.007380 0.000002 0.000417 0.000129 0.000768 0.000002 0.000513 0.783191 0.001630 0.000417 0.004601 0.000768 0.002173 0.000002 0.194773
 0.001918 0.000034 0.000481 0.000513 0.000289 0.786738 0.000002 0.000417 0.000129 0.000768 0.000002 0.000513 0.003833 0.001630 0.000417 0.004601 0.000768 0.194997 0.000002 0.001950
 0.001918 0.000034 0.000481 0.587047 0.000289 0.007380 0.000002 0.000417 0.000129 0.000768 0.000002 0.000513 0.196657 0.194454 0.000417 0.004601 0.000768 0.002173 0.000002 0.001950

MOTIF 3-YGP STREME-3
letter-probability matrix: alength= 20 w= 3 nsites= 4 E= 4.0e+000
 0.002500 0.000044 0.000627 0.000668 0.000377 0.009619 0.000002 0.000543 0.000169 0.001001 0.000002 0.000668 0.004996 0.002125 0.000543 0.005997 0.001001 0.002833 0.000002 0.966284
 0.105657 0.103201 0.000627 0.000668 0.000377 0.515727 0.000002 0.251862 0.000169 0.001001 0.000002 0.000668 0.004996 0.002125 0.000543 0.005997 0.001001 0.002833 0.000002 0.002541
 0.002500 0.000044 0.000627 0.000668 0.000377 0.009619 0.000002 0.000543 0.000169 0.001001 0.000002 0.000668 0.968739 0.002125 0.000543 0.005997 0.001001 0.002833 0.000002 0.002541

MOTIF 4-LSSK STREME-4
letter-probability matrix: alength= 20 w= 4 nsites= 2 E= 4.0e+000
 0.006267 0.000110 0.001571 0.001675 0.000945 0.024118 0.000005 0.001362 0.000423 0.911601 0.000005 0.001675 0.012527 0.005328 0.001362 0.015036 0.002510 0.007103 0.000005 0.006372
 0.006267 0.000110 0.001571 0.001675 0.000945 0.024118 0.000005 0.001362 0.000423 0.002510 0.000005 0.001675 0.012527 0.005328 0.001362 0.924127 0.002510 0.007103 0.000005 0.006372
 0.006267 0.000110 0.001571 0.001675 0.000945 0.024118 0.000005 0.001362 0.000423 0.002510 0.000005 0.001675 0.012527 0.005328 0.001362 0.924127 0.002510 0.007103 0.000005 0.006372
 0.006267 0.000110 0.001571 0.001675 0.000945 0.024118 0.000005 0.001362 0.909514 0.002510 0.000005 0.001675 0.012527 0.005328 0.001362 0.015036 0.002510 0.007103 0.000005 0.006372

********************************************************************************
Stopped because 3 consecutive motifs exceeded the p-value threshold (0.05).
********************************************************************************
COMMAND:	streme --protein --p ./Data/v1_cluster_windows_15mers/cluster_6137.fasta --minw 3 --maxw 15 --thresh 0.05 --oc ./Results/v1_Top500_Run_20250504_162200/streme_out_cluster_6137
********************************************************************************
CPU:		Hirokis-MacBook-Air.local
********************************************************************************
FINALTIME:	0.19 seconds
********************************************************************************
