********************************************************************************
STREME - Sensitive, Thorough, Rapid, Enriched Motif Elicitation
********************************************************************************
MEME version 5.5.7 (Release date: Wed Jun 19 13:59:04 2024 -0700)

For further information on how to interpret these results please access https://meme-suite.org/meme.
To get a copy of the MEME Suite software please access https://meme-suite.org.

********************************************************************************


********************************************************************************
REFERENCE
********************************************************************************
If you use this program in your research, please cite:

Timothy L. Bailey,
"STREME: accurate and versatile sequence motif discovery",
Bioinformatics, Mar. 24, 2021.
********************************************************************************


ALPHABET= ACDEFGHIKLMNPQRSTVWY

strands: +

Background letter frequencies
A 0.0677 C 5.12e-05 D 5.12e-05 E 0.00313 F 0.0021 G 0.323 H 5.12e-05 I 5.12e-05 K 0.00108 L 0.0062 M 5.12e-05 N 0.00313 P 0.0871 Q 0.2 R 0.0021 S 0.228 T 0.00313 V 0.00722 W 5.12e-05 Y 0.0667 

MOTIF 1-QQAGSSGS STREME-1
letter-probability matrix: alength= 20 w= 8 nsites= 65 E= 5.4e-003
 0.000133 0.000000 0.000000 0.000006 0.000004 0.000633 0.000000 0.000000 0.000002 0.000012 0.000000 0.000006 0.000171 0.998432 0.000004 0.000446 0.000006 0.000014 0.000000 0.000131
 0.000133 0.000000 0.000000 0.000006 0.000004 0.000633 0.000000 0.000000 0.000002 0.000012 0.000000 0.000006 0.000171 0.998432 0.000004 0.000446 0.000006 0.000014 0.000000 0.000131
 0.984588 0.000000 0.000000 0.000006 0.000004 0.000633 0.000000 0.000000 0.000002 0.000012 0.000000 0.000006 0.000171 0.000392 0.000004 0.000446 0.000006 0.013599 0.000000 0.000131
 0.000133 0.000000 0.000000 0.000006 0.000004 0.971336 0.000000 0.000000 0.000002 0.000012 0.000000 0.000006 0.027508 0.000392 0.000004 0.000446 0.000006 0.000014 0.000000 0.000131
 0.000133 0.000000 0.000000 0.000006 0.027341 0.000633 0.000000 0.000000 0.000002 0.000012 0.000000 0.000006 0.182417 0.000392 0.000004 0.775318 0.013591 0.000014 0.000000 0.000131
 0.000133 0.000000 0.000000 0.000006 0.000004 0.055307 0.000000 0.000000 0.000002 0.000012 0.000000 0.041269 0.000171 0.000392 0.000004 0.902549 0.000006 0.000014 0.000000 0.000131
 0.000133 0.000000 0.000000 0.000006 0.000004 0.943998 0.000000 0.000000 0.000002 0.000012 0.000000 0.000006 0.000171 0.000392 0.000004 0.027783 0.027343 0.000014 0.000000 0.000131
 0.000133 0.000000 0.000000 0.000006 0.000004 0.000633 0.000000 0.000000 0.000002 0.000012 0.000000 0.000006 0.013755 0.000392 0.000004 0.984902 0.000006 0.000014 0.000000 0.000131

MOTIF 2-GPGQG STREME-2
letter-probability matrix: alength= 20 w= 5 nsites= 60 E= 5.4e-003
 0.000155 0.000000 0.000000 0.015897 0.000005 0.934691 0.000000 0.000000 0.000002 0.000014 0.000000 0.000007 0.000200 0.000458 0.015895 0.000522 0.000007 0.031993 0.000000 0.000153
 0.000155 0.000000 0.000000 0.000007 0.000005 0.000740 0.000000 0.000000 0.000002 0.000014 0.000000 0.000007 0.926616 0.000458 0.000005 0.007051 0.000007 0.000017 0.000000 0.064914
 0.000155 0.000000 0.000000 0.031984 0.000005 0.950581 0.000000 0.000000 0.000002 0.000014 0.000000 0.000007 0.000200 0.000458 0.015895 0.000522 0.000007 0.000017 0.000000 0.000153
 0.000155 0.000000 0.000000 0.000007 0.000005 0.000740 0.000000 0.000000 0.015892 0.048280 0.000000 0.000007 0.000200 0.934010 0.000005 0.000522 0.000007 0.000017 0.000000 0.000153
 0.000155 0.000000 0.000000 0.000007 0.000005 0.982558 0.000000 0.000000 0.000002 0.015904 0.000000 0.000007 0.000200 0.000458 0.000005 0.000522 0.000007 0.000017 0.000000 0.000153

MOTIF 3-QGVYGG STREME-3
letter-probability matrix: alength= 20 w= 6 nsites= 2 E= 5.0e+000
 0.006152 0.000005 0.000005 0.000284 0.000191 0.029347 0.000005 0.000005 0.000098 0.000564 0.000005 0.000284 0.007922 0.927256 0.000191 0.020683 0.000284 0.000657 0.000005 0.006059
 0.006152 0.000005 0.000005 0.000284 0.000191 0.938438 0.000005 0.000005 0.000098 0.000564 0.000005 0.000284 0.007922 0.018165 0.000191 0.020683 0.000284 0.000657 0.000005 0.006059
 0.006152 0.000005 0.000005 0.000284 0.000191 0.029347 0.000005 0.000005 0.000098 0.000564 0.000005 0.000284 0.007922 0.018165 0.000191 0.020683 0.000284 0.909748 0.000005 0.006059
 0.006152 0.000005 0.000005 0.000284 0.000191 0.029347 0.000005 0.000005 0.000098 0.000564 0.000005 0.000284 0.007922 0.018165 0.000191 0.020683 0.000284 0.000657 0.000005 0.915150
 0.006152 0.000005 0.000005 0.000284 0.000191 0.938438 0.000005 0.000005 0.000098 0.000564 0.000005 0.000284 0.007922 0.018165 0.000191 0.020683 0.000284 0.000657 0.000005 0.006059
 0.006152 0.000005 0.000005 0.000284 0.000191 0.938438 0.000005 0.000005 0.000098 0.000564 0.000005 0.000284 0.007922 0.018165 0.000191 0.020683 0.000284 0.000657 0.000005 0.006059

MOTIF 4-QLGYGG STREME-4
letter-probability matrix: alength= 20 w= 6 nsites= 2 E= 5.0e+000
 0.006152 0.000005 0.000005 0.000284 0.000191 0.029347 0.000005 0.000005 0.000098 0.000564 0.000005 0.000284 0.007922 0.927256 0.000191 0.020683 0.000284 0.000657 0.000005 0.006059
 0.006152 0.000005 0.000005 0.000284 0.000191 0.029347 0.000005 0.000005 0.000098 0.909654 0.000005 0.000284 0.007922 0.018165 0.000191 0.020683 0.000284 0.000657 0.000005 0.006059
 0.006152 0.000005 0.000005 0.000284 0.000191 0.938438 0.000005 0.000005 0.000098 0.000564 0.000005 0.000284 0.007922 0.018165 0.000191 0.020683 0.000284 0.000657 0.000005 0.006059
 0.006152 0.000005 0.000005 0.000284 0.000191 0.029347 0.000005 0.000005 0.000098 0.000564 0.000005 0.000284 0.007922 0.018165 0.000191 0.020683 0.000284 0.000657 0.000005 0.915150
 0.006152 0.000005 0.000005 0.000284 0.000191 0.938438 0.000005 0.000005 0.000098 0.000564 0.000005 0.000284 0.007922 0.018165 0.000191 0.020683 0.000284 0.000657 0.000005 0.006059
 0.006152 0.000005 0.000005 0.000284 0.000191 0.938438 0.000005 0.000005 0.000098 0.000564 0.000005 0.000284 0.007922 0.018165 0.000191 0.020683 0.000284 0.000657 0.000005 0.006059

MOTIF 5-YGSGQ STREME-5
letter-probability matrix: alength= 20 w= 5 nsites= 1 E= 5.0e+000
 0.008532 0.000006 0.000006 0.000394 0.000265 0.040701 0.000006 0.000006 0.000136 0.000782 0.000006 0.000394 0.010987 0.025192 0.000265 0.028685 0.000394 0.000911 0.000006 0.882324
 0.008532 0.000006 0.000006 0.000394 0.000265 0.914621 0.000006 0.000006 0.000136 0.000782 0.000006 0.000394 0.010987 0.025192 0.000265 0.028685 0.000394 0.000911 0.000006 0.008404
 0.008532 0.000006 0.000006 0.000394 0.000265 0.040701 0.000006 0.000006 0.000136 0.000782 0.000006 0.000394 0.010987 0.025192 0.000265 0.902605 0.000394 0.000911 0.000006 0.008404
 0.008532 0.000006 0.000006 0.000394 0.000265 0.914621 0.000006 0.000006 0.000136 0.000782 0.000006 0.000394 0.010987 0.025192 0.000265 0.028685 0.000394 0.000911 0.000006 0.008404
 0.008532 0.000006 0.000006 0.000394 0.000265 0.040701 0.000006 0.000006 0.000136 0.000782 0.000006 0.000394 0.010987 0.899112 0.000265 0.028685 0.000394 0.000911 0.000006 0.008404

********************************************************************************
Stopped because 3 consecutive motifs exceeded the p-value threshold (0.05).
********************************************************************************
COMMAND:	streme --protein --p ./Data/v1_cluster_windows_15mers/cluster_17476.fasta --minw 3 --maxw 15 --thresh 0.05 --oc ./Results/v1_Top500_Run_20250504_162200/streme_out_cluster_17476
********************************************************************************
CPU:		Hirokis-MacBook-Air.local
********************************************************************************
FINALTIME:	0.24 seconds
********************************************************************************
