********************************************************************************
STREME - Sensitive, Thorough, Rapid, Enriched Motif Elicitation
********************************************************************************
MEME version 5.5.7 (Release date: Wed Jun 19 13:59:04 2024 -0700)

For further information on how to interpret these results please access https://meme-suite.org/meme.
To get a copy of the MEME Suite software please access https://meme-suite.org.

********************************************************************************


********************************************************************************
REFERENCE
********************************************************************************
If you use this program in your research, please cite:

Timothy L. Bailey,
"STREME: accurate and versatile sequence motif discovery",
Bioinformatics, Mar. 24, 2021.
********************************************************************************


ALPHABET= ACDEFGHIKLMNPQRSTVWY

strands: +

Background letter frequencies
A 0.179 C 0.000971 D 4.63e-05 E 0.000971 F 4.63e-05 G 0.607 H 4.63e-05 I 4.63e-05 K 4.63e-05 L 4.63e-05 M 4.63e-05 N 4.63e-05 P 4.63e-05 Q 0.0676 R 4.63e-05 S 0.0093 T 0.0019 V 0.000971 W 4.63e-05 Y 0.132 

MOTIF 1-GGQGGYGA STREME-1
letter-probability matrix: alength= 20 w= 8 nsites= 72 E= 1.5e-003
 0.012768 0.000002 0.000000 0.000002 0.000000 0.986847 0.000000 0.000000 0.000000 0.000000 0.000000 0.000000 0.000000 0.000121 0.000000 0.000017 0.000003 0.000002 0.000000 0.000238
 0.000321 0.000002 0.000000 0.012449 0.000000 0.986847 0.000000 0.000000 0.000000 0.000000 0.000000 0.000000 0.000000 0.000121 0.000000 0.000017 0.000003 0.000002 0.000000 0.000238
 0.000321 0.000002 0.000000 0.000002 0.000000 0.001090 0.000000 0.000000 0.000000 0.000000 0.000000 0.000000 0.000000 0.998326 0.000000 0.000017 0.000003 0.000002 0.000000 0.000238
 0.000321 0.000002 0.000000 0.000002 0.000000 0.999294 0.000000 0.000000 0.000000 0.000000 0.000000 0.000000 0.000000 0.000121 0.000000 0.000017 0.000003 0.000002 0.000000 0.000238
 0.000321 0.000002 0.000000 0.000002 0.000000 0.999294 0.000000 0.000000 0.000000 0.000000 0.000000 0.000000 0.000000 0.000121 0.000000 0.000017 0.000003 0.000002 0.000000 0.000238
 0.000321 0.000002 0.000000 0.000002 0.000000 0.001090 0.000000 0.000000 0.000000 0.000000 0.000000 0.000000 0.000000 0.000121 0.000000 0.000017 0.000003 0.000002 0.000000 0.998442
 0.000321 0.000002 0.000000 0.000002 0.000000 0.999294 0.000000 0.000000 0.000000 0.000000 0.000000 0.000000 0.000000 0.000121 0.000000 0.000017 0.000003 0.000002 0.000000 0.000238
 0.753643 0.000002 0.000000 0.000002 0.000000 0.143337 0.000000 0.000000 0.000000 0.000000 0.000000 0.000000 0.000000 0.000121 0.000000 0.090204 0.012451 0.000002 0.000000 0.000238

MOTIF 2-AGGY STREME-2
letter-probability matrix: alength= 20 w= 4 nsites= 57 E= 1.2e-002
 0.949398 0.000003 0.000000 0.000003 0.000000 0.001921 0.000000 0.000000 0.000000 0.000000 0.000000 0.000000 0.000000 0.000214 0.000000 0.004151 0.021946 0.021943 0.000000 0.000419
 0.000565 0.000003 0.000000 0.000003 0.000000 0.998756 0.000000 0.000000 0.000000 0.000000 0.000000 0.000000 0.000000 0.000214 0.000000 0.000029 0.000006 0.000003 0.000000 0.000419
 0.000565 0.000003 0.000000 0.000003 0.000000 0.998756 0.000000 0.000000 0.000000 0.000000 0.000000 0.000000 0.000000 0.000214 0.000000 0.000029 0.000006 0.000003 0.000000 0.000419
 0.000565 0.000003 0.000000 0.000003 0.000000 0.001921 0.000000 0.000000 0.000000 0.000000 0.000000 0.000000 0.000000 0.000214 0.000000 0.000029 0.000006 0.000003 0.000000 0.997253

MOTIF 3-GYGA STREME-3
letter-probability matrix: alength= 20 w= 4 nsites= 9 E= 3.8e+000
 0.016236 0.000088 0.000004 0.000088 0.000004 0.964264 0.000004 0.000004 0.000004 0.000004 0.000004 0.000004 0.000004 0.006144 0.000004 0.000845 0.000172 0.000088 0.000004 0.012027
 0.016236 0.000088 0.000004 0.000088 0.000004 0.055173 0.000004 0.000004 0.000004 0.000004 0.000004 0.000004 0.000004 0.006144 0.000004 0.000845 0.000172 0.000088 0.000004 0.921118
 0.016236 0.000088 0.000004 0.000088 0.000004 0.964264 0.000004 0.000004 0.000004 0.000004 0.000004 0.000004 0.000004 0.006144 0.000004 0.000845 0.000172 0.000088 0.000004 0.012027
 0.925327 0.000088 0.000004 0.000088 0.000004 0.055173 0.000004 0.000004 0.000004 0.000004 0.000004 0.000004 0.000004 0.006144 0.000004 0.000845 0.000172 0.000088 0.000004 0.012027

MOTIF 4-GAG STREME-4
letter-probability matrix: alength= 20 w= 3 nsites= 67 E= 5.0e+000
 0.016236 0.000088 0.000004 0.000088 0.000004 0.964264 0.000004 0.000004 0.000004 0.000004 0.000004 0.000004 0.000004 0.006144 0.000004 0.000845 0.000172 0.000088 0.000004 0.012027
 0.925327 0.000088 0.000004 0.000088 0.000004 0.055173 0.000004 0.000004 0.000004 0.000004 0.000004 0.000004 0.000004 0.006144 0.000004 0.000845 0.000172 0.000088 0.000004 0.012027
 0.016236 0.000088 0.000004 0.000088 0.000004 0.964264 0.000004 0.000004 0.000004 0.000004 0.000004 0.000004 0.000004 0.006144 0.000004 0.000845 0.000172 0.000088 0.000004 0.012027

MOTIF 5-GAAGA STREME-5
letter-probability matrix: alength= 20 w= 5 nsites= 1 E= 5.0e+000
 0.016236 0.000088 0.000004 0.000088 0.000004 0.964264 0.000004 0.000004 0.000004 0.000004 0.000004 0.000004 0.000004 0.006144 0.000004 0.000845 0.000172 0.000088 0.000004 0.012027
 0.925327 0.000088 0.000004 0.000088 0.000004 0.055173 0.000004 0.000004 0.000004 0.000004 0.000004 0.000004 0.000004 0.006144 0.000004 0.000845 0.000172 0.000088 0.000004 0.012027
 0.925327 0.000088 0.000004 0.000088 0.000004 0.055173 0.000004 0.000004 0.000004 0.000004 0.000004 0.000004 0.000004 0.006144 0.000004 0.000845 0.000172 0.000088 0.000004 0.012027
 0.016236 0.000088 0.000004 0.000088 0.000004 0.964264 0.000004 0.000004 0.000004 0.000004 0.000004 0.000004 0.000004 0.006144 0.000004 0.000845 0.000172 0.000088 0.000004 0.012027
 0.925327 0.000088 0.000004 0.000088 0.000004 0.055173 0.000004 0.000004 0.000004 0.000004 0.000004 0.000004 0.000004 0.006144 0.000004 0.000845 0.000172 0.000088 0.000004 0.012027

********************************************************************************
Stopped because 3 consecutive motifs exceeded the p-value threshold (0.05).
********************************************************************************
COMMAND:	streme --protein --p ./Data/v1_cluster_windows_15mers/cluster_18675.fasta --minw 3 --maxw 15 --thresh 0.05 --oc ./Results/v1_Top500_Run_20250504_162200/streme_out_cluster_18675
********************************************************************************
CPU:		Hirokis-MacBook-Air.local
********************************************************************************
FINALTIME:	0.16 seconds
********************************************************************************
