********************************************************************************
STREME - Sensitive, Thorough, Rapid, Enriched Motif Elicitation
********************************************************************************
MEME version 5.5.7 (Release date: Wed Jun 19 13:59:04 2024 -0700)

For further information on how to interpret these results please access https://meme-suite.org/meme.
To get a copy of the MEME Suite software please access https://meme-suite.org.

********************************************************************************


********************************************************************************
REFERENCE
********************************************************************************
If you use this program in your research, please cite:

Timothy L. Bailey,
"STREME: accurate and versatile sequence motif discovery",
Bioinformatics, Mar. 24, 2021.
********************************************************************************


ALPHABET= ACDEFGHIKLMNPQRSTVWY

strands: +

Background letter frequencies
A 0.755 C 3.33e-05 D 0.0187 E 0.0027 F 3.33e-05 G 0.136 H 3.33e-05 I 0.000699 K 3.33e-05 L 3.33e-05 M 3.33e-05 N 0.024 P 3.33e-05 Q 0.00137 R 0.00403 S 0.054 T 3.33e-05 V 0.00137 W 3.33e-05 Y 0.00203 

MOTIF 1-AAAAAAAA STREME-1
letter-probability matrix: alength= 20 w= 8 nsites= 98 E= 1.8e-003
 0.977718 0.000003 0.001699 0.000245 0.000003 0.012355 0.000003 0.000064 0.000003 0.000003 0.000003 0.002184 0.000003 0.000124 0.000366 0.004909 0.000003 0.000124 0.000003 0.000185
 0.977718 0.000003 0.001699 0.000245 0.000003 0.012355 0.000003 0.000064 0.000003 0.000003 0.000003 0.002184 0.000003 0.000124 0.000366 0.004909 0.000003 0.000124 0.000003 0.000185
 0.977718 0.000003 0.001699 0.000245 0.000003 0.012355 0.000003 0.000064 0.000003 0.000003 0.000003 0.002184 0.000003 0.000124 0.000366 0.004909 0.000003 0.000124 0.000003 0.000185
 0.977718 0.000003 0.001699 0.000245 0.000003 0.012355 0.000003 0.000064 0.000003 0.000003 0.000003 0.002184 0.000003 0.000124 0.000366 0.004909 0.000003 0.000124 0.000003 0.000185
 0.977718 0.000003 0.001699 0.000245 0.000003 0.012355 0.000003 0.000064 0.000003 0.000003 0.000003 0.002184 0.000003 0.000124 0.000366 0.004909 0.000003 0.000124 0.000003 0.000185
 0.977718 0.000003 0.001699 0.000245 0.000003 0.012355 0.000003 0.000064 0.000003 0.000003 0.000003 0.002184 0.000003 0.000124 0.000366 0.004909 0.000003 0.000124 0.000003 0.000185
 0.977718 0.000003 0.001699 0.000245 0.000003 0.012355 0.000003 0.000064 0.000003 0.000003 0.000003 0.002184 0.000003 0.000124 0.000366 0.004909 0.000003 0.000124 0.000003 0.000185
 0.977718 0.000003 0.001699 0.000245 0.000003 0.012355 0.000003 0.000064 0.000003 0.000003 0.000003 0.002184 0.000003 0.000124 0.000366 0.004909 0.000003 0.000124 0.000003 0.000185

MOTIF 2-GBGS STREME-2
letter-probability matrix: alength= 20 w= 4 nsites= 38 E= 8.1e-002
 0.003728 0.000000 0.000092 0.000013 0.000000 0.995733 0.000000 0.000003 0.000000 0.000000 0.000000 0.000119 0.000000 0.000007 0.000020 0.000267 0.000000 0.000007 0.000000 0.000010
 0.003728 0.000000 0.468105 0.000013 0.000000 0.000671 0.000000 0.000003 0.000000 0.000000 0.000000 0.527168 0.000000 0.000007 0.000020 0.000267 0.000000 0.000007 0.000000 0.000010
 0.003728 0.000000 0.000092 0.000013 0.000000 0.995733 0.000000 0.000003 0.000000 0.000000 0.000000 0.000119 0.000000 0.000007 0.000020 0.000267 0.000000 0.000007 0.000000 0.000010
 0.003728 0.000000 0.000092 0.000013 0.000000 0.356015 0.000000 0.000003 0.000000 0.000000 0.000000 0.000119 0.000000 0.068744 0.034250 0.537017 0.000000 0.000007 0.000000 0.000010

MOTIF 3-DGS STREME-3
letter-probability matrix: alength= 20 w= 3 nsites= 8 E= 1.2e+000
 0.017491 0.000001 0.816658 0.000063 0.000001 0.003149 0.000001 0.000016 0.000001 0.000001 0.000001 0.161161 0.000001 0.000032 0.000093 0.001251 0.000001 0.000032 0.000001 0.000047
 0.017491 0.000001 0.000433 0.000063 0.000001 0.979979 0.000001 0.000016 0.000001 0.000001 0.000001 0.000557 0.000001 0.000032 0.000093 0.001251 0.000001 0.000032 0.000001 0.000047
 0.017491 0.000001 0.000433 0.000063 0.000001 0.003149 0.000001 0.000016 0.000001 0.000001 0.000001 0.000557 0.000001 0.000032 0.000093 0.978081 0.000001 0.000032 0.000001 0.000047

MOTIF 4-GGN STREME-4
letter-probability matrix: alength= 20 w= 3 nsites= 14 E= 5.0e+000
 0.068627 0.000003 0.001699 0.000245 0.000003 0.921445 0.000003 0.000064 0.000003 0.000003 0.000003 0.002184 0.000003 0.000124 0.000366 0.004909 0.000003 0.000124 0.000003 0.000185
 0.068627 0.000003 0.001699 0.000245 0.000003 0.921445 0.000003 0.000064 0.000003 0.000003 0.000003 0.002184 0.000003 0.000124 0.000366 0.004909 0.000003 0.000124 0.000003 0.000185
 0.068627 0.000003 0.001699 0.000245 0.000003 0.012355 0.000003 0.000064 0.000003 0.000003 0.000003 0.911275 0.000003 0.000124 0.000366 0.004909 0.000003 0.000124 0.000003 0.000185

MOTIF 5-SAAAS STREME-5
letter-probability matrix: alength= 20 w= 5 nsites= 2 E= 5.0e+000
 0.068627 0.000003 0.001699 0.000245 0.000003 0.012355 0.000003 0.000064 0.000003 0.000003 0.000003 0.002184 0.000003 0.000124 0.000366 0.914000 0.000003 0.000124 0.000003 0.000185
 0.977718 0.000003 0.001699 0.000245 0.000003 0.012355 0.000003 0.000064 0.000003 0.000003 0.000003 0.002184 0.000003 0.000124 0.000366 0.004909 0.000003 0.000124 0.000003 0.000185
 0.977718 0.000003 0.001699 0.000245 0.000003 0.012355 0.000003 0.000064 0.000003 0.000003 0.000003 0.002184 0.000003 0.000124 0.000366 0.004909 0.000003 0.000124 0.000003 0.000185
 0.977718 0.000003 0.001699 0.000245 0.000003 0.012355 0.000003 0.000064 0.000003 0.000003 0.000003 0.002184 0.000003 0.000124 0.000366 0.004909 0.000003 0.000124 0.000003 0.000185
 0.068627 0.000003 0.001699 0.000245 0.000003 0.012355 0.000003 0.000064 0.000003 0.000003 0.000003 0.002184 0.000003 0.000124 0.000366 0.914000 0.000003 0.000124 0.000003 0.000185

********************************************************************************
Stopped because 3 consecutive motifs exceeded the p-value threshold (0.05).
********************************************************************************
COMMAND:	streme --protein --p ./Data/v1_cluster_windows_15mers/cluster_20468.fasta --minw 3 --maxw 15 --thresh 0.05 --oc ./Results/v1_Top500_Run_20250504_162200/streme_out_cluster_20468
********************************************************************************
CPU:		Hirokis-MacBook-Air.local
********************************************************************************
FINALTIME:	0.21 seconds
********************************************************************************
