********************************************************************************
STREME - Sensitive, Thorough, Rapid, Enriched Motif Elicitation
********************************************************************************
MEME version 5.5.7 (Release date: Wed Jun 19 13:59:04 2024 -0700)

For further information on how to interpret these results please access https://meme-suite.org/meme.
To get a copy of the MEME Suite software please access https://meme-suite.org.

********************************************************************************


********************************************************************************
REFERENCE
********************************************************************************
If you use this program in your research, please cite:

Timothy L. Bailey,
"STREME: accurate and versatile sequence motif discovery",
Bioinformatics, Mar. 24, 2021.
********************************************************************************


ALPHABET= ACDEFGHIKLMNPQRSTVWY

strands: +

Background letter frequencies
A 0.00467 C 4.62e-05 D 4.62e-05 E 0.00375 F 0.000971 G 0.452 H 4.62e-05 I 0.00375 K 4.62e-05 L 0.0602 M 0.0158 N 4.62e-05 P 0.319 Q 0.0019 R 0.000971 S 0.108 T 4.62e-05 V 0.0241 W 4.62e-05 Y 0.00375 

MOTIF 1-PGGPLGPGG STREME-1
letter-probability matrix: alength= 20 w= 9 nsites= 71 E= 1.2e-003
 0.000009 0.000000 0.000000 0.000008 0.000002 0.000911 0.000000 0.000008 0.000000 0.000121 0.000032 0.000000 0.984679 0.000004 0.000002 0.014169 0.000000 0.000049 0.000000 0.000008
 0.000009 0.000000 0.000000 0.000008 0.000002 0.970060 0.000000 0.000008 0.000000 0.000121 0.028869 0.000000 0.000642 0.000004 0.000002 0.000218 0.000000 0.000049 0.000000 0.000008
 0.000009 0.000000 0.000000 0.028066 0.000002 0.956810 0.000000 0.000008 0.000000 0.000121 0.000032 0.000000 0.000642 0.000004 0.000002 0.000218 0.000000 0.014078 0.000000 0.000008
 0.000009 0.000000 0.000000 0.000008 0.000002 0.000911 0.000000 0.000008 0.000000 0.056880 0.000032 0.000000 0.941871 0.000004 0.000002 0.000218 0.000000 0.000049 0.000000 0.000008
 0.000009 0.000000 0.000000 0.000008 0.000002 0.000911 0.000000 0.013959 0.000000 0.659683 0.000032 0.000000 0.000642 0.000004 0.000002 0.310584 0.000000 0.000049 0.000000 0.014116
 0.000009 0.000000 0.000000 0.000008 0.000002 0.998898 0.000000 0.000008 0.000000 0.000121 0.000032 0.000000 0.000642 0.000004 0.000002 0.000218 0.000000 0.000049 0.000000 0.000008
 0.000009 0.000000 0.000000 0.000008 0.000002 0.000911 0.000000 0.000008 0.000000 0.014072 0.000032 0.000000 0.970728 0.000004 0.000002 0.014169 0.000000 0.000049 0.000000 0.000008
 0.000009 0.000000 0.000000 0.000008 0.000002 0.957045 0.000000 0.000008 0.000000 0.000121 0.000032 0.000000 0.000642 0.000004 0.000002 0.028120 0.000000 0.013999 0.000000 0.000008
 0.000009 0.000000 0.000000 0.014037 0.000002 0.853342 0.000000 0.000008 0.000000 0.000121 0.000032 0.000000 0.000642 0.000004 0.000002 0.000218 0.000000 0.131576 0.000000 0.000008

MOTIF 2-PVGPSS STREME-2
letter-probability matrix: alength= 20 w= 6 nsites= 22 E= 2.0e+000
 0.000031 0.000000 0.000000 0.000025 0.000006 0.002989 0.000000 0.000025 0.000000 0.000398 0.000104 0.000000 0.856537 0.000013 0.000006 0.139680 0.000000 0.000159 0.000000 0.000025
 0.000031 0.000000 0.000000 0.000025 0.000006 0.002989 0.000000 0.000025 0.000000 0.419448 0.000104 0.000000 0.002109 0.000013 0.000006 0.000716 0.000000 0.574501 0.000000 0.000025
 0.000031 0.000000 0.000000 0.000025 0.000006 0.996381 0.000000 0.000025 0.000000 0.000398 0.000104 0.000000 0.002109 0.000013 0.000006 0.000716 0.000000 0.000159 0.000000 0.000025
 0.000031 0.000000 0.000000 0.000025 0.000006 0.002989 0.000000 0.000025 0.000000 0.000398 0.000104 0.000000 0.995501 0.000013 0.000006 0.000716 0.000000 0.000159 0.000000 0.000025
 0.000031 0.000000 0.000000 0.000025 0.000006 0.002989 0.000000 0.000025 0.000000 0.000398 0.000104 0.000000 0.002109 0.000013 0.000006 0.994108 0.000000 0.000159 0.000000 0.000025
 0.000031 0.000000 0.000000 0.000025 0.000006 0.094596 0.000000 0.045828 0.000000 0.000398 0.000104 0.000000 0.002109 0.000013 0.000006 0.856698 0.000000 0.000159 0.000000 0.000025

MOTIF 3-MAP STREME-3
letter-probability matrix: alength= 20 w= 3 nsites= 3 E= 4.0e+000
 0.000425 0.000004 0.000004 0.000341 0.000088 0.041126 0.000004 0.000341 0.000004 0.005471 0.910525 0.000004 0.029017 0.000172 0.000088 0.009845 0.000004 0.002191 0.000004 0.000341
 0.909516 0.000004 0.000004 0.000341 0.000088 0.041126 0.000004 0.000341 0.000004 0.005471 0.001434 0.000004 0.029017 0.000172 0.000088 0.009845 0.000004 0.002191 0.000004 0.000341
 0.000425 0.000004 0.000004 0.000341 0.000088 0.041126 0.000004 0.000341 0.000004 0.005471 0.001434 0.000004 0.938108 0.000172 0.000088 0.009845 0.000004 0.002191 0.000004 0.000341

MOTIF 4-PGGPSGS STREME-4
letter-probability matrix: alength= 20 w= 7 nsites= 1 E= 4.0e+000
 0.000425 0.000004 0.000004 0.000341 0.000088 0.041126 0.000004 0.000341 0.000004 0.005471 0.001434 0.000004 0.938108 0.000172 0.000088 0.009845 0.000004 0.002191 0.000004 0.000341
 0.000425 0.000004 0.000004 0.000341 0.000088 0.950217 0.000004 0.000341 0.000004 0.005471 0.001434 0.000004 0.029017 0.000172 0.000088 0.009845 0.000004 0.002191 0.000004 0.000341
 0.000425 0.000004 0.000004 0.000341 0.000088 0.950217 0.000004 0.000341 0.000004 0.005471 0.001434 0.000004 0.029017 0.000172 0.000088 0.009845 0.000004 0.002191 0.000004 0.000341
 0.000425 0.000004 0.000004 0.000341 0.000088 0.041126 0.000004 0.000341 0.000004 0.005471 0.001434 0.000004 0.938108 0.000172 0.000088 0.009845 0.000004 0.002191 0.000004 0.000341
 0.000425 0.000004 0.000004 0.000341 0.000088 0.041126 0.000004 0.000341 0.000004 0.005471 0.001434 0.000004 0.029017 0.000172 0.000088 0.918936 0.000004 0.002191 0.000004 0.000341
 0.000425 0.000004 0.000004 0.000341 0.000088 0.950217 0.000004 0.000341 0.000004 0.005471 0.001434 0.000004 0.029017 0.000172 0.000088 0.009845 0.000004 0.002191 0.000004 0.000341
 0.000425 0.000004 0.000004 0.000341 0.000088 0.041126 0.000004 0.000341 0.000004 0.005471 0.001434 0.000004 0.029017 0.000172 0.000088 0.918936 0.000004 0.002191 0.000004 0.000341

********************************************************************************
Stopped because 3 consecutive motifs exceeded the p-value threshold (0.05).
********************************************************************************
COMMAND:	streme --protein --p ./Data/v1_cluster_windows_15mers/cluster_5112.fasta --minw 3 --maxw 15 --thresh 0.05 --oc ./Results/v1_Top500_Run_20250504_162200/streme_out_cluster_5112
********************************************************************************
CPU:		Hirokis-MacBook-Air.local
********************************************************************************
FINALTIME:	0.19 seconds
********************************************************************************
