********************************************************************************
STREME - Sensitive, Thorough, Rapid, Enriched Motif Elicitation
********************************************************************************
MEME version 5.5.7 (Release date: Wed Jun 19 13:59:04 2024 -0700)

For further information on how to interpret these results please access https://meme-suite.org/meme.
To get a copy of the MEME Suite software please access https://meme-suite.org.

********************************************************************************


********************************************************************************
REFERENCE
********************************************************************************
If you use this program in your research, please cite:

Timothy L. Bailey,
"STREME: accurate and versatile sequence motif discovery",
Bioinformatics, Mar. 24, 2021.
********************************************************************************


ALPHABET= ACDEFGHIKLMNPQRSTVWY

strands: +

Background letter frequencies
A 0.158 C 0.00321 D 0.0176 E 0.0125 F 0.0102 G 0.235 H 0.00304 I 0.025 K 0.0017 L 0.0334 M 0.0031 N 0.0301 P 0.0373 Q 0.0491 R 0.0323 S 0.193 T 0.0354 V 0.0666 W 0.000284 Y 0.0531 

MOTIF 1-GYGP STREME-1
letter-probability matrix: alength= 20 w= 4 nsites= 1877 E= 1.7e-036
 0.022502 0.000000 0.000002 0.018095 0.007000 0.526116 0.000000 0.001859 0.000000 0.014766 0.000000 0.200836 0.028167 0.001943 0.034320 0.065092 0.068004 0.011288 0.000000 0.000007
 0.000021 0.000000 0.000002 0.000002 0.043415 0.000031 0.000000 0.000003 0.007424 0.000004 0.000000 0.000004 0.000005 0.005539 0.000004 0.000026 0.000005 0.000009 0.000000 0.943504
 0.000021 0.000000 0.000002 0.000002 0.000001 0.995492 0.000000 0.000003 0.000000 0.001848 0.000000 0.000004 0.000005 0.000007 0.000004 0.000026 0.000005 0.002571 0.000000 0.000007
 0.199288 0.000000 0.000002 0.011282 0.002885 0.000031 0.000928 0.007384 0.017642 0.018978 0.000928 0.000004 0.411508 0.244422 0.049641 0.025771 0.000005 0.000009 0.001856 0.007435

MOTIF 2-AASRLSS STREME-2
letter-probability matrix: alength= 20 w= 7 nsites= 722 E= 7.3e-022
 0.719763 0.000001 0.000004 0.000003 0.000002 0.000053 0.000001 0.000006 0.000000 0.000008 0.000001 0.000007 0.000008 0.000011 0.000007 0.195443 0.076821 0.007850 0.000000 0.000012
 0.577054 0.000001 0.000004 0.000003 0.000002 0.000053 0.000001 0.000006 0.000000 0.000008 0.000001 0.000007 0.006277 0.000011 0.000007 0.066734 0.043897 0.305923 0.000000 0.000012
 0.043943 0.000001 0.000004 0.004704 0.006270 0.000053 0.000001 0.000006 0.000000 0.004708 0.000001 0.109750 0.000008 0.000011 0.000007 0.821095 0.009410 0.000015 0.000000 0.000012
 0.035384 0.000001 0.000004 0.000003 0.000002 0.000053 0.000001 0.000006 0.000000 0.000008 0.000001 0.000007 0.000008 0.000011 0.962866 0.000044 0.001575 0.000015 0.000000 0.000012
 0.000036 0.000001 0.000004 0.000003 0.000002 0.000053 0.000001 0.045452 0.000000 0.730894 0.068969 0.000007 0.000008 0.000011 0.000007 0.000044 0.000008 0.154488 0.000000 0.000012
 0.053353 0.000001 0.000004 0.000003 0.000002 0.006320 0.000001 0.000006 0.000000 0.009409 0.000001 0.012543 0.000008 0.006279 0.000007 0.896358 0.007842 0.000015 0.000000 0.007847
 0.021974 0.000001 0.000004 0.000003 0.000002 0.006321 0.000001 0.000006 0.000000 0.003141 0.000001 0.000007 0.007844 0.001578 0.000007 0.959075 0.000008 0.000015 0.000000 0.000012

MOTIF 3-SSIGQV STREME-3
letter-probability matrix: alength= 20 w= 6 nsites= 721 E= 3.4e-015
 0.393658 0.000001 0.000004 0.000003 0.000002 0.000049 0.000001 0.000005 0.000000 0.000007 0.000001 0.000006 0.000008 0.000010 0.000007 0.606206 0.000007 0.000014 0.000000 0.000011
 0.010212 0.000001 0.005821 0.000003 0.000002 0.000049 0.000001 0.000005 0.000000 0.000007 0.000001 0.208645 0.000008 0.013098 0.008732 0.686467 0.066924 0.000014 0.000000 0.000011
 0.000033 0.000001 0.000004 0.000003 0.001456 0.000049 0.000001 0.621220 0.000000 0.020808 0.000001 0.000006 0.000008 0.000010 0.000007 0.000041 0.000007 0.356335 0.000000 0.000011
 0.000033 0.000001 0.000004 0.000003 0.000002 0.991114 0.000001 0.000005 0.000000 0.000007 0.000001 0.005824 0.000008 0.000010 0.000007 0.000041 0.000007 0.000014 0.000000 0.002919
 0.014710 0.000001 0.000004 0.052374 0.000002 0.000049 0.000001 0.000005 0.000000 0.000007 0.004363 0.110596 0.055278 0.528232 0.000007 0.036405 0.000007 0.020379 0.000000 0.177579
 0.000033 0.000001 0.000004 0.000003 0.000002 0.001503 0.000001 0.139757 0.000000 0.000007 0.000001 0.000006 0.000008 0.000010 0.000007 0.000041 0.002916 0.855690 0.000000 0.000011

MOTIF 4-GAGAGAGA STREME-4
letter-probability matrix: alength= 20 w= 8 nsites= 542 E= 2.4e-011
 0.027503 0.000001 0.000005 0.012284 0.020472 0.912960 0.000001 0.000007 0.000001 0.000010 0.000001 0.000009 0.000011 0.000014 0.002056 0.006197 0.000010 0.018441 0.000000 0.000016
 0.446767 0.002048 0.008192 0.002050 0.004097 0.000069 0.000001 0.036850 0.000001 0.075744 0.002048 0.012290 0.000011 0.039751 0.022524 0.076638 0.006150 0.242240 0.000000 0.022530
 0.003117 0.000001 0.012286 0.000004 0.012284 0.953722 0.000001 0.000007 0.000001 0.000010 0.000001 0.000009 0.000011 0.000014 0.018431 0.000057 0.000010 0.000020 0.000000 0.000016
 0.520775 0.000001 0.012285 0.000004 0.020471 0.000069 0.000001 0.051179 0.000001 0.002057 0.000001 0.000009 0.000011 0.016388 0.000010 0.137198 0.073693 0.165832 0.000000 0.000016
 0.010280 0.000001 0.000005 0.000004 0.000003 0.971119 0.000001 0.000007 0.000001 0.000010 0.000001 0.004102 0.000011 0.000014 0.000010 0.014385 0.000010 0.000020 0.000000 0.000016
 0.610199 0.000001 0.000005 0.000004 0.000003 0.000069 0.000001 0.040945 0.000001 0.108502 0.000001 0.000009 0.000011 0.000014 0.000010 0.099967 0.065507 0.046078 0.000000 0.028674
 0.060426 0.000001 0.009041 0.010237 0.008190 0.854619 0.000001 0.000007 0.000001 0.000010 0.000001 0.000009 0.000011 0.000014 0.000010 0.000057 0.020484 0.036866 0.000000 0.000016
 0.417939 0.000001 0.012285 0.028662 0.049125 0.000069 0.000001 0.022524 0.000001 0.012290 0.002048 0.000009 0.016385 0.004108 0.039751 0.000057 0.008197 0.321035 0.004093 0.061421

MOTIF 5-NPGLSGCDV STREME-5
letter-probability matrix: alength= 20 w= 9 nsites= 362 E= 3.6e-010
 0.011991 0.000001 0.002988 0.008948 0.000004 0.000101 0.050682 0.000011 0.000001 0.000014 0.000001 0.543363 0.000016 0.023870 0.000014 0.280407 0.062629 0.000029 0.000000 0.014929
 0.003049 0.000001 0.000008 0.000005 0.000004 0.000101 0.000001 0.000011 0.000001 0.000014 0.000001 0.000013 0.963814 0.000021 0.000014 0.032875 0.000015 0.000029 0.000000 0.000023
 0.000068 0.000001 0.000008 0.005967 0.000004 0.984767 0.000001 0.000011 0.000001 0.000014 0.000001 0.000013 0.000016 0.000021 0.000014 0.006045 0.002996 0.000029 0.000000 0.000023
 0.190878 0.000001 0.000008 0.000005 0.000004 0.000101 0.000001 0.026838 0.000001 0.647795 0.020868 0.000013 0.000016 0.000021 0.000014 0.006045 0.002996 0.098409 0.000000 0.005985
 0.006030 0.000001 0.000008 0.000005 0.000004 0.003082 0.000001 0.000011 0.000001 0.000014 0.000001 0.014918 0.005978 0.000021 0.000014 0.969844 0.000015 0.000029 0.000000 0.000023
 0.020934 0.000001 0.086464 0.095409 0.000004 0.600194 0.000001 0.000011 0.000001 0.000014 0.002982 0.017899 0.000016 0.041756 0.005976 0.128270 0.000015 0.000029 0.000000 0.000023
 0.009011 0.886287 0.000008 0.000005 0.000004 0.032893 0.000001 0.000011 0.000001 0.000014 0.000001 0.011937 0.000016 0.000021 0.000014 0.059709 0.000015 0.000029 0.000000 0.000023
 0.003049 0.000001 0.573169 0.408529 0.000004 0.000101 0.000001 0.000011 0.000001 0.000014 0.000001 0.000013 0.000016 0.008964 0.000014 0.000083 0.000015 0.000029 0.000000 0.005984
 0.038821 0.000001 0.000008 0.000005 0.000004 0.000101 0.000001 0.128212 0.000001 0.044737 0.000001 0.005975 0.000016 0.000021 0.000014 0.003064 0.002996 0.775998 0.000000 0.000023

MOTIF 6-PSASSRVS STREME-6
letter-probability matrix: alength= 20 w= 8 nsites= 278 E= 3.1e-009
 0.000093 0.000002 0.000010 0.000007 0.000006 0.000139 0.000002 0.000015 0.000001 0.000020 0.000002 0.000018 0.991243 0.000029 0.000019 0.000114 0.000021 0.008228 0.000000 0.000031
 0.291051 0.000002 0.085994 0.032768 0.000006 0.053379 0.000002 0.000015 0.000001 0.000020 0.000002 0.008206 0.000022 0.118791 0.000019 0.393253 0.016399 0.000039 0.000000 0.000031
 0.606417 0.000002 0.028670 0.000007 0.000006 0.000139 0.000002 0.000015 0.000001 0.000020 0.000002 0.000018 0.000022 0.000029 0.000019 0.274451 0.090110 0.000039 0.000000 0.000031
 0.233552 0.000002 0.000010 0.000007 0.000006 0.114779 0.000002 0.000015 0.000001 0.000020 0.000002 0.020489 0.000022 0.032784 0.000019 0.495839 0.086004 0.016415 0.000000 0.000031
 0.118832 0.000002 0.000010 0.000007 0.000006 0.000139 0.000002 0.000015 0.000001 0.008208 0.000002 0.032771 0.008210 0.000029 0.008207 0.782525 0.016396 0.000039 0.000000 0.024598
 0.000093 0.000002 0.000010 0.000007 0.000006 0.000139 0.000002 0.000015 0.000001 0.000020 0.000002 0.000018 0.000022 0.000029 0.970769 0.000114 0.000021 0.028699 0.000000 0.000031
 0.000093 0.000002 0.000010 0.000007 0.000006 0.000139 0.000002 0.106464 0.000001 0.000020 0.000002 0.000018 0.000022 0.000029 0.000019 0.000114 0.000021 0.892999 0.000000 0.000031
 0.028755 0.000002 0.000010 0.000007 0.000006 0.004232 0.000002 0.000015 0.000001 0.000020 0.000002 0.000018 0.000022 0.012311 0.000019 0.954486 0.000021 0.000039 0.000000 0.000031

MOTIF 7-QGPG STREME-7
letter-probability matrix: alength= 20 w= 4 nsites= 337 E= 6.4e-005
 0.001928 0.000003 0.001380 0.000013 0.063702 0.000707 0.000003 0.004632 0.000002 0.056649 0.000003 0.045872 0.000038 0.490325 0.016782 0.171016 0.068948 0.042668 0.000000 0.035329
 0.000161 0.000003 0.000018 0.000013 0.000010 0.945844 0.000003 0.002961 0.000002 0.000034 0.028303 0.000031 0.000038 0.017136 0.002151 0.000197 0.000036 0.003004 0.000000 0.000054
 0.000161 0.000003 0.000018 0.000013 0.000010 0.000239 0.000003 0.000026 0.000002 0.000034 0.000003 0.000031 0.999018 0.000050 0.000033 0.000197 0.000036 0.000068 0.000000 0.000054
 0.008462 0.000003 0.000018 0.002948 0.035387 0.682980 0.000003 0.000026 0.000002 0.003022 0.000003 0.000031 0.000038 0.014198 0.022622 0.189624 0.002972 0.034986 0.000000 0.002675

MOTIF 8-SQVSAS STREME-8
letter-probability matrix: alength= 20 w= 6 nsites= 262 E= 3.0e-004
 0.056769 0.000003 0.006307 0.000011 0.000009 0.000213 0.000003 0.000023 0.000002 0.000030 0.000003 0.006318 0.000034 0.069274 0.000029 0.854541 0.006323 0.000060 0.000000 0.000048
 0.002754 0.000003 0.000016 0.000011 0.000009 0.066794 0.000003 0.000023 0.000002 0.006321 0.000003 0.006318 0.000034 0.906807 0.000029 0.010733 0.000032 0.000060 0.000000 0.000048
 0.000143 0.000003 0.000016 0.000011 0.000009 0.000213 0.000003 0.245877 0.000002 0.000030 0.000003 0.000027 0.000034 0.000045 0.000029 0.000176 0.000032 0.753299 0.000000 0.000048
 0.012725 0.000003 0.000016 0.000011 0.000009 0.094603 0.000003 0.000023 0.000002 0.000030 0.000003 0.000027 0.000034 0.006335 0.094404 0.791631 0.000032 0.000060 0.000000 0.000048
 0.885954 0.000003 0.000016 0.000011 0.000009 0.019087 0.000003 0.000023 0.000002 0.000030 0.000003 0.000027 0.000034 0.006335 0.000029 0.075710 0.012614 0.000060 0.000000 0.000048
 0.019016 0.000003 0.012598 0.000011 0.000009 0.019087 0.000003 0.006313 0.062940 0.000030 0.000003 0.075562 0.000034 0.006335 0.000029 0.797884 0.000032 0.000060 0.000000 0.000048

MOTIF 9-VYNSVSRL STREME-9
letter-probability matrix: alength= 20 w= 8 nsites= 129 E= 5.4e-004
 0.027189 0.000004 0.000023 0.000016 0.000013 0.000304 0.000004 0.009027 0.000002 0.036023 0.000004 0.000039 0.000048 0.000064 0.000042 0.000251 0.000046 0.593906 0.000000 0.332992
 0.261131 0.000004 0.000023 0.000016 0.009008 0.108278 0.017994 0.000032 0.000002 0.000043 0.000004 0.000039 0.000048 0.000064 0.000042 0.180162 0.000046 0.153048 0.000000 0.270014
 0.000205 0.000004 0.000023 0.000016 0.000013 0.342224 0.000004 0.000032 0.017993 0.000043 0.000004 0.485912 0.000048 0.000064 0.000042 0.153171 0.000046 0.000086 0.000000 0.000069
 0.234142 0.000004 0.000023 0.000016 0.000013 0.000304 0.000004 0.000032 0.000002 0.000043 0.000004 0.000039 0.000048 0.000064 0.000042 0.513108 0.251954 0.000086 0.000000 0.000069
 0.054176 0.000004 0.000023 0.000016 0.000013 0.000304 0.000004 0.072001 0.000002 0.000043 0.000004 0.000039 0.000048 0.000064 0.000042 0.000251 0.072010 0.800885 0.000000 0.000069
 0.000205 0.000004 0.000023 0.000016 0.000013 0.000304 0.000004 0.000032 0.000002 0.000043 0.000004 0.260970 0.009043 0.000064 0.000042 0.666057 0.009041 0.000086 0.000000 0.054044
 0.000205 0.000004 0.000023 0.000016 0.000013 0.000304 0.000004 0.000032 0.000002 0.027029 0.000004 0.090031 0.000048 0.000064 0.881767 0.000251 0.000046 0.000086 0.000000 0.000069
 0.000205 0.000004 0.000023 0.000016 0.000013 0.000304 0.000004 0.000032 0.000002 0.800780 0.197970 0.000039 0.000048 0.000064 0.000042 0.000251 0.000046 0.000086 0.000000 0.000069

MOTIF 10-HILSS STREME-10
letter-probability matrix: alength= 20 w= 5 nsites= 300 E= 6.6e-004
 0.022501 0.000002 0.000011 0.000008 0.000007 0.000152 0.842502 0.000016 0.000001 0.000022 0.000002 0.008977 0.000024 0.022430 0.000021 0.018043 0.085203 0.000043 0.000000 0.000034
 0.000102 0.000002 0.000011 0.000008 0.000007 0.000152 0.000002 0.896273 0.000001 0.013459 0.004481 0.000019 0.000024 0.000032 0.000021 0.000125 0.000023 0.085223 0.000000 0.000034
 0.000102 0.000002 0.000011 0.000008 0.000007 0.000152 0.000002 0.000016 0.000001 0.994897 0.000002 0.000019 0.000024 0.000032 0.000021 0.000125 0.000023 0.004522 0.000000 0.000034
 0.022501 0.000002 0.000011 0.000008 0.000007 0.287758 0.000002 0.000016 0.004480 0.000022 0.000002 0.053797 0.000024 0.000032 0.026898 0.604340 0.000023 0.000043 0.000000 0.000034
 0.007618 0.000002 0.000011 0.000008 0.000007 0.000152 0.000002 0.000016 0.000001 0.000022 0.000002 0.044829 0.000024 0.004510 0.000021 0.893400 0.008981 0.000043 0.000000 0.040351

MOTIF 11-VSGGPTNSAAL STREME-11
letter-probability matrix: alength= 20 w= 11 nsites= 191 E= 1.1e-003
 0.228517 0.000003 0.000014 0.000010 0.000008 0.017321 0.000003 0.000021 0.000001 0.097085 0.000003 0.005734 0.000031 0.000040 0.000027 0.211418 0.022866 0.416855 0.000000 0.000044
 0.068641 0.000003 0.000014 0.000010 0.000008 0.017321 0.000003 0.000021 0.000001 0.000028 0.000003 0.091375 0.000031 0.000040 0.000027 0.810930 0.011447 0.000055 0.000000 0.000044
 0.000130 0.000003 0.000014 0.000010 0.000008 0.565450 0.000003 0.000021 0.000001 0.000028 0.000003 0.045698 0.000031 0.000040 0.028574 0.359858 0.000029 0.000055 0.000000 0.000044
 0.005839 0.000003 0.000014 0.000010 0.000008 0.987952 0.000003 0.000021 0.000001 0.000028 0.000003 0.000025 0.000031 0.000040 0.000027 0.005868 0.000029 0.000055 0.000000 0.000044
 0.057223 0.000003 0.000014 0.000010 0.000008 0.023030 0.000003 0.000021 0.000001 0.000028 0.000003 0.000025 0.553856 0.000040 0.005736 0.011578 0.005738 0.296958 0.000000 0.045725
 0.062931 0.000003 0.000014 0.000010 0.108500 0.000193 0.000003 0.005730 0.000001 0.154189 0.000003 0.011443 0.039997 0.000040 0.000027 0.228534 0.319776 0.062854 0.000000 0.005753
 0.000130 0.000003 0.000014 0.000010 0.000008 0.000193 0.000003 0.000021 0.000001 0.000028 0.000003 0.610955 0.000031 0.000040 0.000027 0.388406 0.000029 0.000055 0.000000 0.000044
 0.125748 0.000003 0.000014 0.000010 0.000008 0.057285 0.000003 0.000021 0.000001 0.034285 0.005712 0.000025 0.239822 0.005749 0.000027 0.302783 0.085674 0.142786 0.000000 0.000044
 0.468326 0.000003 0.034272 0.057105 0.000008 0.211438 0.000003 0.005730 0.000001 0.000028 0.000003 0.102806 0.000031 0.000040 0.000027 0.102925 0.000029 0.011473 0.000000 0.005753
 0.770943 0.000003 0.000014 0.000010 0.000008 0.017321 0.000003 0.000021 0.000001 0.000028 0.000003 0.011443 0.000031 0.000040 0.005736 0.131469 0.034283 0.028601 0.000000 0.000044
 0.000130 0.000003 0.000014 0.000010 0.000008 0.000193 0.000003 0.039984 0.000001 0.879309 0.000003 0.000025 0.000031 0.000040 0.000027 0.000159 0.000029 0.079987 0.000000 0.000044

MOTIF 12-GQGGLG STREME-12
letter-probability matrix: alength= 20 w= 6 nsites= 219 E= 2.4e-003
 0.000110 0.000002 0.000012 0.019358 0.000007 0.980116 0.000002 0.000017 0.000001 0.000023 0.000002 0.000021 0.000026 0.000034 0.000023 0.000135 0.000025 0.000046 0.000000 0.000037
 0.060280 0.000002 0.000012 0.067749 0.029033 0.000164 0.024190 0.014529 0.000001 0.083588 0.000002 0.000021 0.062919 0.514220 0.125424 0.000135 0.000025 0.000046 0.000000 0.017658
 0.000110 0.000002 0.000012 0.072576 0.000007 0.871671 0.000002 0.000017 0.000001 0.000023 0.000002 0.000021 0.000026 0.000034 0.050413 0.000135 0.000025 0.004884 0.000000 0.000037
 0.043650 0.000002 0.000012 0.000009 0.000007 0.878516 0.000002 0.000017 0.000001 0.000023 0.000002 0.000021 0.000026 0.053253 0.024214 0.000135 0.000025 0.000046 0.000000 0.000037
 0.015557 0.000002 0.014524 0.000009 0.038707 0.000164 0.000002 0.000017 0.004838 0.426716 0.019352 0.019371 0.064933 0.010179 0.000023 0.000135 0.000025 0.000046 0.000000 0.385399
 0.000110 0.000002 0.000012 0.000009 0.000007 0.975278 0.000002 0.000017 0.000001 0.000023 0.000002 0.000021 0.000026 0.000034 0.024210 0.000135 0.000025 0.000046 0.000000 0.000037

MOTIF 13-AAAAAA STREME-13
letter-probability matrix: alength= 20 w= 6 nsites= 304 E= 4.1e-003
 0.846422 0.000003 0.032998 0.022451 0.000008 0.044104 0.000002 0.000020 0.000001 0.000027 0.000002 0.013299 0.000030 0.000039 0.000026 0.040445 0.000028 0.000053 0.000000 0.000042
 0.718877 0.000003 0.000014 0.000010 0.000008 0.004069 0.000002 0.000020 0.000001 0.000027 0.000002 0.011018 0.005526 0.000039 0.000026 0.215013 0.045250 0.000053 0.000000 0.000042
 0.882746 0.000003 0.005511 0.000010 0.000008 0.000186 0.000002 0.000020 0.000001 0.000027 0.000002 0.000024 0.000030 0.000039 0.000026 0.074230 0.027083 0.010011 0.000000 0.000042
 0.911092 0.000003 0.000014 0.000010 0.000008 0.002220 0.000002 0.000020 0.000001 0.000027 0.000002 0.000024 0.000030 0.000039 0.000026 0.065000 0.021388 0.000053 0.000000 0.000042
 0.821321 0.000003 0.000014 0.000010 0.000008 0.003035 0.000002 0.039561 0.000001 0.000027 0.000002 0.000024 0.000030 0.000039 0.000026 0.057437 0.069568 0.008851 0.000000 0.000042
 0.492065 0.000003 0.021967 0.000010 0.000008 0.114040 0.000002 0.000020 0.010996 0.000027 0.000002 0.000024 0.000030 0.002787 0.000026 0.224323 0.055426 0.078203 0.000000 0.000042

MOTIF 14-QYSLSLSSQ STREME-14
letter-probability matrix: alength= 20 w= 9 nsites= 70 E= 4.4e-003
 0.000421 0.000009 0.000047 0.000033 0.000027 0.462340 0.000008 0.000067 0.000005 0.000089 0.000008 0.000080 0.000099 0.480347 0.055491 0.000515 0.000094 0.000177 0.000001 0.000141
 0.000421 0.000009 0.000047 0.000033 0.203176 0.000625 0.000008 0.203228 0.000005 0.000089 0.000008 0.000080 0.000099 0.000131 0.000086 0.000515 0.000094 0.055582 0.000001 0.535762
 0.000421 0.000009 0.000047 0.000033 0.000027 0.000625 0.000008 0.000067 0.000005 0.000089 0.000008 0.000080 0.000099 0.000131 0.000086 0.997851 0.000094 0.000177 0.000001 0.000141
 0.000421 0.000009 0.000047 0.000033 0.000027 0.000625 0.000008 0.000067 0.000005 0.757339 0.055413 0.000080 0.000099 0.000131 0.000086 0.018981 0.000094 0.166392 0.000001 0.000141
 0.055826 0.000009 0.000047 0.000033 0.000027 0.000625 0.000008 0.000067 0.000005 0.000089 0.000008 0.000080 0.000099 0.000131 0.000086 0.942446 0.000094 0.000177 0.000001 0.000141
 0.000421 0.000009 0.000047 0.000033 0.000027 0.000625 0.000008 0.000067 0.000005 0.646520 0.166223 0.000080 0.000099 0.000131 0.000086 0.000515 0.000094 0.184868 0.000001 0.000141
 0.000421 0.000009 0.000047 0.000033 0.000027 0.000625 0.000008 0.000067 0.000005 0.000089 0.000008 0.000080 0.000099 0.000131 0.000086 0.979385 0.018560 0.000177 0.000001 0.000141
 0.388294 0.000009 0.000047 0.000033 0.000027 0.000625 0.000008 0.000067 0.000005 0.000089 0.000008 0.073957 0.000099 0.000131 0.000086 0.462230 0.073965 0.000177 0.000001 0.000141
 0.000421 0.000009 0.000047 0.147790 0.000027 0.185336 0.000008 0.000067 0.000005 0.000089 0.000008 0.000080 0.000099 0.591128 0.000086 0.018981 0.000094 0.055582 0.000001 0.000141

MOTIF 15-GYSQG STREME-15
letter-probability matrix: alength= 20 w= 5 nsites= 114 E= 7.3e-002
 0.000258 0.000005 0.000029 0.000020 0.000017 0.942159 0.000005 0.000041 0.000003 0.000055 0.000005 0.000049 0.000061 0.000080 0.056644 0.000316 0.000058 0.000109 0.000000 0.000087
 0.000258 0.000005 0.000029 0.000020 0.000017 0.000383 0.000005 0.000041 0.000003 0.000055 0.000005 0.000049 0.000061 0.000080 0.000053 0.000316 0.000058 0.000109 0.000000 0.998454
 0.000258 0.000005 0.219849 0.113204 0.000017 0.000383 0.000005 0.033992 0.000003 0.000055 0.000005 0.000049 0.000061 0.000080 0.047516 0.505041 0.000058 0.056700 0.000000 0.022719
 0.000258 0.000005 0.000029 0.000020 0.000017 0.000383 0.000005 0.000041 0.000003 0.000055 0.000005 0.000049 0.000061 0.998448 0.000053 0.000316 0.000058 0.000109 0.000000 0.000087
 0.004954 0.000005 0.000029 0.000020 0.000017 0.756362 0.000005 0.045311 0.000003 0.000055 0.000005 0.045320 0.000061 0.000080 0.000053 0.000316 0.022690 0.101995 0.000000 0.022719

MOTIF 16-RYQSS STREME-16
letter-probability matrix: alength= 20 w= 5 nsites= 69 E= 5.9e-001
 0.000407 0.000008 0.000045 0.000032 0.000026 0.321721 0.000008 0.000064 0.000004 0.000086 0.000008 0.107046 0.000096 0.000126 0.324478 0.071811 0.000091 0.000171 0.000001 0.173770
 0.057322 0.000008 0.000045 0.000032 0.000026 0.000603 0.000008 0.000064 0.000004 0.000086 0.000008 0.000077 0.000096 0.000126 0.000083 0.036146 0.000091 0.000171 0.000001 0.905001
 0.000407 0.000008 0.000045 0.000032 0.000026 0.000603 0.000008 0.000064 0.000004 0.000086 0.000008 0.000077 0.000096 0.979732 0.000083 0.018320 0.000091 0.000171 0.000001 0.000136
 0.000407 0.000008 0.000045 0.000032 0.000026 0.000603 0.000008 0.000064 0.000004 0.000086 0.000008 0.000077 0.000096 0.000126 0.000083 0.997926 0.000091 0.000171 0.000001 0.000136
 0.000407 0.000008 0.000045 0.000032 0.000026 0.000603 0.000008 0.000064 0.000004 0.000086 0.000008 0.000077 0.000096 0.000126 0.000083 0.997926 0.000091 0.000171 0.000001 0.000136

MOTIF 17-AVFS STREME-17
letter-probability matrix: alength= 20 w= 4 nsites= 53 E= 2.7e+000
 0.689483 0.000010 0.000052 0.000037 0.000030 0.000695 0.000009 0.000074 0.000005 0.000099 0.000009 0.000089 0.000110 0.020672 0.000096 0.062158 0.000105 0.226110 0.000001 0.000157
 0.000468 0.000010 0.000052 0.000037 0.000030 0.000695 0.000009 0.000074 0.000005 0.000099 0.000009 0.000089 0.000110 0.000145 0.000096 0.000573 0.000105 0.997236 0.000001 0.000157
 0.000468 0.000010 0.000052 0.000037 0.997069 0.000695 0.000009 0.000074 0.000005 0.000099 0.000009 0.000089 0.000110 0.000145 0.000096 0.000573 0.000105 0.000197 0.000001 0.000157
 0.000468 0.000010 0.000052 0.000037 0.000030 0.032320 0.000009 0.000074 0.000005 0.000099 0.000009 0.000089 0.000110 0.000145 0.000096 0.678414 0.000105 0.000197 0.000001 0.287730

MOTIF 18-VTETI STREME-18
letter-probability matrix: alength= 20 w= 5 nsites= 110 E= 3.2e+000
 0.000216 0.000004 0.000024 0.000017 0.000014 0.009797 0.000004 0.000034 0.000002 0.000046 0.000004 0.000041 0.000051 0.009544 0.000044 0.038176 0.028479 0.894475 0.000000 0.019026
 0.000216 0.000004 0.000024 0.018971 0.000014 0.133072 0.000004 0.000034 0.000002 0.000046 0.000004 0.000041 0.056916 0.000067 0.047437 0.019218 0.723764 0.000091 0.000000 0.000073
 0.000216 0.000004 0.000024 0.360293 0.000014 0.046109 0.000004 0.000034 0.018956 0.000046 0.000004 0.180120 0.000051 0.178630 0.000044 0.132993 0.053861 0.028523 0.000000 0.000073
 0.000216 0.000004 0.000024 0.000017 0.000014 0.000321 0.000004 0.009511 0.056871 0.000046 0.000004 0.000041 0.000051 0.000067 0.000044 0.035122 0.859566 0.000091 0.000000 0.037985
 0.009693 0.000004 0.000024 0.000017 0.000014 0.159884 0.000004 0.535760 0.000002 0.028478 0.000004 0.123316 0.000051 0.000067 0.000044 0.019217 0.094825 0.028521 0.000000 0.000073

MOTIF 19-RIVSA STREME-19
letter-probability matrix: alength= 20 w= 5 nsites= 44 E= 4.7e+000
 0.000528 0.000011 0.000059 0.000042 0.000034 0.000784 0.000010 0.000084 0.000006 0.000112 0.000010 0.000101 0.000125 0.000164 0.996766 0.000646 0.000118 0.000223 0.000001 0.000177
 0.000528 0.000011 0.000059 0.000042 0.000034 0.000784 0.000010 0.996742 0.000006 0.000112 0.000010 0.000101 0.000125 0.000164 0.000108 0.000646 0.000118 0.000223 0.000001 0.000177
 0.000528 0.000011 0.000059 0.000042 0.000034 0.255721 0.000010 0.000084 0.000006 0.000112 0.000010 0.000101 0.000125 0.000164 0.000108 0.301999 0.000118 0.440592 0.000001 0.000177
 0.000528 0.000011 0.000059 0.000042 0.000034 0.000784 0.000010 0.000084 0.000006 0.000112 0.000010 0.000101 0.000125 0.000164 0.000108 0.997304 0.000118 0.000223 0.000001 0.000177
 0.603202 0.000011 0.000059 0.000042 0.000034 0.000784 0.000010 0.000084 0.000006 0.000112 0.000010 0.000101 0.000125 0.000164 0.000108 0.000646 0.231889 0.000223 0.000001 0.162390

********************************************************************************
Stopped because 3 consecutive motifs exceeded the p-value threshold (0.05).
********************************************************************************
COMMAND:	streme --protein --p ./Data/v0_cluster_windows_15mers/cluster_4.fasta --minw 3 --maxw 15 --thresh 0.05 --oc ./Results/v0_Parallel_Run_20250503_171149/streme_out_cluster_4
********************************************************************************
CPU:		Hirokis-MacBook-Air.local
********************************************************************************
FINALTIME:	197.69 seconds
********************************************************************************
