********************************************************************************
STREME - Sensitive, Thorough, Rapid, Enriched Motif Elicitation
********************************************************************************
MEME version 5.5.7 (Release date: Wed Jun 19 13:59:04 2024 -0700)

For further information on how to interpret these results please access https://meme-suite.org/meme.
To get a copy of the MEME Suite software please access https://meme-suite.org.

********************************************************************************


********************************************************************************
REFERENCE
********************************************************************************
If you use this program in your research, please cite:

Timothy L. Bailey,
"STREME: accurate and versatile sequence motif discovery",
Bioinformatics, Mar. 24, 2021.
********************************************************************************


ALPHABET= ACDEFGHIKLMNPQRSTVWY

strands: +

Background letter frequencies
A 0.222 C 8.12e-05 D 8.12e-05 E 0.0017 F 0.00333 G 0.524 H 8.12e-05 I 8.12e-05 K 8.12e-05 L 8.12e-05 M 8.12e-05 N 8.12e-05 P 8.12e-05 Q 8.12e-05 R 8.12e-05 S 0.0585 T 0.0358 V 0.13 W 8.12e-05 Y 0.0228 

MOTIF 1-AGAGVGVGAGAG STREME-1
letter-probability matrix: alength= 20 w= 12 nsites= 40 S= 9.9e-023
 0.744582 0.000000 0.000000 0.000006 0.000012 0.001897 0.000000 0.000000 0.000000 0.000000 0.000000 0.000000 0.000000 0.000000 0.000000 0.050823 0.177042 0.025551 0.000000 0.000083
 0.000805 0.000000 0.000000 0.000006 0.000012 0.947668 0.000000 0.000000 0.000000 0.000000 0.000000 0.000000 0.000000 0.000000 0.000000 0.000212 0.000130 0.051081 0.000000 0.000083
 0.615963 0.000000 0.000000 0.000006 0.025093 0.001897 0.000000 0.000000 0.000000 0.000000 0.000000 0.000000 0.000000 0.000000 0.000000 0.103301 0.101351 0.101692 0.000000 0.050693
 0.000805 0.000000 0.000000 0.000006 0.000012 0.998279 0.000000 0.000000 0.000000 0.000000 0.000000 0.000000 0.000000 0.000000 0.000000 0.000212 0.000130 0.000470 0.000000 0.000083
 0.051416 0.000000 0.000000 0.000006 0.000012 0.001897 0.000000 0.000000 0.000000 0.000000 0.000000 0.000000 0.000000 0.000000 0.000000 0.025292 0.000130 0.921161 0.000000 0.000083
 0.000805 0.000000 0.000000 0.000006 0.000012 0.998279 0.000000 0.000000 0.000000 0.000000 0.000000 0.000000 0.000000 0.000000 0.000000 0.000212 0.000130 0.000470 0.000000 0.000083
 0.076496 0.000000 0.000000 0.000006 0.000012 0.001897 0.000000 0.000000 0.000000 0.000000 0.000000 0.000000 0.000000 0.000000 0.000000 0.185853 0.025210 0.710439 0.000000 0.000083
 0.000805 0.000000 0.000000 0.000006 0.000012 0.998279 0.000000 0.000000 0.000000 0.000000 0.000000 0.000000 0.000000 0.000000 0.000000 0.000212 0.000130 0.000470 0.000000 0.000083
 0.769663 0.000000 0.000000 0.000006 0.025093 0.052508 0.000000 0.000000 0.000000 0.000000 0.000000 0.000000 0.000000 0.000000 0.000000 0.025517 0.025435 0.101692 0.000000 0.000083
 0.000805 0.000000 0.000000 0.000006 0.000012 0.998279 0.000000 0.000000 0.000000 0.000000 0.000000 0.000000 0.000000 0.000000 0.000000 0.000212 0.000130 0.000470 0.000000 0.000083
 0.489661 0.000000 0.000000 0.000006 0.000012 0.001897 0.000000 0.000000 0.000000 0.000000 0.000000 0.000000 0.000000 0.000000 0.000000 0.328957 0.153829 0.025551 0.000000 0.000083
 0.051416 0.000000 0.000000 0.000006 0.000012 0.947668 0.000000 0.000000 0.000000 0.000000 0.000000 0.000000 0.000000 0.000000 0.000000 0.000212 0.000130 0.000470 0.000000 0.000083

MOTIF 2-GYG STREME-2
letter-probability matrix: alength= 20 w= 3 nsites= 9 S= 2.4e-002
 0.020227 0.000007 0.000007 0.000155 0.000303 0.956762 0.000007 0.000007 0.000007 0.000007 0.000007 0.000007 0.000007 0.000007 0.000007 0.005320 0.003254 0.011818 0.000007 0.002074
 0.020227 0.000007 0.000007 0.000155 0.000303 0.047671 0.000007 0.000007 0.000007 0.000007 0.000007 0.000007 0.000007 0.000007 0.000007 0.005320 0.003254 0.011818 0.000007 0.911164
 0.020227 0.000007 0.000007 0.000155 0.000303 0.956762 0.000007 0.000007 0.000007 0.000007 0.000007 0.000007 0.000007 0.000007 0.000007 0.005320 0.003254 0.011818 0.000007 0.002074

MOTIF 3-GAESG STREME-3
letter-probability matrix: alength= 20 w= 5 nsites= 1 S= 5.0e-001
 0.028052 0.000010 0.000010 0.000215 0.000420 0.940034 0.000010 0.000010 0.000010 0.000010 0.000010 0.000010 0.000010 0.000010 0.000010 0.007378 0.004513 0.016390 0.000010 0.002876
 0.901972 0.000010 0.000010 0.000215 0.000420 0.066114 0.000010 0.000010 0.000010 0.000010 0.000010 0.000010 0.000010 0.000010 0.000010 0.007378 0.004513 0.016390 0.000010 0.002876
 0.028052 0.000010 0.000010 0.874135 0.000420 0.066114 0.000010 0.000010 0.000010 0.000010 0.000010 0.000010 0.000010 0.000010 0.000010 0.007378 0.004513 0.016390 0.000010 0.002876
 0.028052 0.000010 0.000010 0.000215 0.000420 0.066114 0.000010 0.000010 0.000010 0.000010 0.000010 0.000010 0.000010 0.000010 0.000010 0.881298 0.004513 0.016390 0.000010 0.002876
 0.028052 0.000010 0.000010 0.000215 0.000420 0.940034 0.000010 0.000010 0.000010 0.000010 0.000010 0.000010 0.000010 0.000010 0.000010 0.007378 0.004513 0.016390 0.000010 0.002876

MOTIF 4-VGVGT STREME-4
letter-probability matrix: alength= 20 w= 5 nsites= 1 S= 5.0e-001
 0.028052 0.000010 0.000010 0.000215 0.000420 0.066114 0.000010 0.000010 0.000010 0.000010 0.000010 0.000010 0.000010 0.000010 0.000010 0.007378 0.004513 0.890310 0.000010 0.002876
 0.028052 0.000010 0.000010 0.000215 0.000420 0.940034 0.000010 0.000010 0.000010 0.000010 0.000010 0.000010 0.000010 0.000010 0.000010 0.007378 0.004513 0.016390 0.000010 0.002876
 0.028052 0.000010 0.000010 0.000215 0.000420 0.066114 0.000010 0.000010 0.000010 0.000010 0.000010 0.000010 0.000010 0.000010 0.000010 0.007378 0.004513 0.890310 0.000010 0.002876
 0.028052 0.000010 0.000010 0.000215 0.000420 0.940034 0.000010 0.000010 0.000010 0.000010 0.000010 0.000010 0.000010 0.000010 0.000010 0.007378 0.004513 0.016390 0.000010 0.002876
 0.028052 0.000010 0.000010 0.000215 0.000420 0.066114 0.000010 0.000010 0.000010 0.000010 0.000010 0.000010 0.000010 0.000010 0.000010 0.007378 0.878433 0.016390 0.000010 0.002876

MOTIF 5-GAGV STREME-5
letter-probability matrix: alength= 20 w= 4 nsites= 1 S= 7.5e-001
 0.020227 0.000007 0.000007 0.000155 0.000303 0.956762 0.000007 0.000007 0.000007 0.000007 0.000007 0.000007 0.000007 0.000007 0.000007 0.005320 0.003254 0.011818 0.000007 0.002074
 0.929317 0.000007 0.000007 0.000155 0.000303 0.047671 0.000007 0.000007 0.000007 0.000007 0.000007 0.000007 0.000007 0.000007 0.000007 0.005320 0.003254 0.011818 0.000007 0.002074
 0.020227 0.000007 0.000007 0.000155 0.000303 0.956762 0.000007 0.000007 0.000007 0.000007 0.000007 0.000007 0.000007 0.000007 0.000007 0.005320 0.003254 0.011818 0.000007 0.002074
 0.020227 0.000007 0.000007 0.000155 0.000303 0.047671 0.000007 0.000007 0.000007 0.000007 0.000007 0.000007 0.000007 0.000007 0.000007 0.005320 0.003254 0.920909 0.000007 0.002074

********************************************************************************
Stopped because maximum number of motifs (5) reached.
********************************************************************************
COMMAND:	streme --protein --p ./Data/v1_cluster_windows_15mers/cluster_5499.fasta --minw 3 --maxw 15 --thresh 0.05 --oc ./Results/v1_Top500_Run_20250504_162200/streme_out_cluster_5499
********************************************************************************
CPU:		Hirokis-MacBook-Air.local
********************************************************************************
FINALTIME:	0.23 seconds
********************************************************************************
