********************************************************************************
STREME - Sensitive, Thorough, Rapid, Enriched Motif Elicitation
********************************************************************************
MEME version 5.5.7 (Release date: Wed Jun 19 13:59:04 2024 -0700)

For further information on how to interpret these results please access https://meme-suite.org/meme.
To get a copy of the MEME Suite software please access https://meme-suite.org.

********************************************************************************


********************************************************************************
REFERENCE
********************************************************************************
If you use this program in your research, please cite:

Timothy L. Bailey,
"STREME: accurate and versatile sequence motif discovery",
Bioinformatics, Mar. 24, 2021.
********************************************************************************


ALPHABET= ACDEFGHIKLMNPQRSTVWY

strands: +

Background letter frequencies
A 0.0754 C 6.28e-05 D 0.00258 E 0.029 F 0.0654 G 0.078 H 6.28e-05 I 0.108 K 0.00383 L 0.00258 M 6.28e-05 N 0.00886 P 0.0667 Q 0.0516 R 0.0579 S 0.0855 T 0.189 V 0.108 W 6.28e-05 Y 0.0679 

MOTIF 1-VTQTIRTYGPSAVFS STREME-1
letter-probability matrix: alength= 20 w= 15 nsites= 53 E= 1.6e-002
 0.006858 0.000006 0.000234 0.002633 0.005945 0.007086 0.000006 0.009827 0.000348 0.000234 0.000006 0.000805 0.006059 0.004688 0.005259 0.007772 0.017137 0.918918 0.000006 0.006173
 0.006858 0.000006 0.000234 0.002633 0.005945 0.007086 0.000006 0.009827 0.000348 0.000234 0.000006 0.000805 0.006059 0.004688 0.005259 0.007772 0.926227 0.009827 0.000006 0.006173
 0.006858 0.000006 0.000234 0.002633 0.005945 0.007086 0.000006 0.009827 0.000348 0.000234 0.000006 0.000805 0.006059 0.913779 0.005259 0.007772 0.017137 0.009827 0.000006 0.006173
 0.006858 0.000006 0.000234 0.002633 0.005945 0.007086 0.000006 0.009827 0.000348 0.000234 0.000006 0.000805 0.006059 0.004688 0.005259 0.007772 0.926227 0.009827 0.000006 0.006173
 0.006858 0.000006 0.000234 0.002633 0.005945 0.007086 0.000006 0.918918 0.000348 0.000234 0.000006 0.000805 0.006059 0.004688 0.005259 0.007772 0.017137 0.009827 0.000006 0.006173
 0.006858 0.000006 0.000234 0.002633 0.005945 0.007086 0.000006 0.009827 0.000348 0.000234 0.000006 0.000805 0.006059 0.004688 0.914350 0.007772 0.017137 0.009827 0.000006 0.006173
 0.006858 0.000006 0.000234 0.002633 0.005945 0.007086 0.000006 0.009827 0.000348 0.000234 0.000006 0.000805 0.006059 0.004688 0.005259 0.007772 0.926227 0.009827 0.000006 0.006173
 0.006858 0.000006 0.000234 0.002633 0.005945 0.007086 0.000006 0.009827 0.000348 0.000234 0.000006 0.000805 0.006059 0.004688 0.005259 0.007772 0.017137 0.009827 0.000006 0.915264
 0.006858 0.000006 0.000234 0.002633 0.005945 0.916177 0.000006 0.009827 0.000348 0.000234 0.000006 0.000805 0.006059 0.004688 0.005259 0.007772 0.017137 0.009827 0.000006 0.006173
 0.006858 0.000006 0.000234 0.002633 0.005945 0.007086 0.000006 0.009827 0.000348 0.000234 0.000006 0.000805 0.915150 0.004688 0.005259 0.007772 0.017137 0.009827 0.000006 0.006173
 0.006858 0.000006 0.000234 0.002633 0.005945 0.007086 0.000006 0.009827 0.000348 0.000234 0.000006 0.000805 0.006059 0.004688 0.005259 0.916863 0.017137 0.009827 0.000006 0.006173
 0.915949 0.000006 0.000234 0.002633 0.005945 0.007086 0.000006 0.009827 0.000348 0.000234 0.000006 0.000805 0.006059 0.004688 0.005259 0.007772 0.017137 0.009827 0.000006 0.006173
 0.006858 0.000006 0.000234 0.002633 0.005945 0.007086 0.000006 0.009827 0.000348 0.000234 0.000006 0.000805 0.006059 0.004688 0.005259 0.007772 0.017137 0.918918 0.000006 0.006173
 0.006858 0.000006 0.000234 0.002633 0.915036 0.007086 0.000006 0.009827 0.000348 0.000234 0.000006 0.000805 0.006059 0.004688 0.005259 0.007772 0.017137 0.009827 0.000006 0.006173
 0.006858 0.000006 0.000234 0.002633 0.005945 0.007086 0.000006 0.009827 0.000348 0.000234 0.000006 0.000805 0.006059 0.004688 0.005259 0.916863 0.017137 0.009827 0.000006 0.006173

MOTIF 2-ASI STREME-2
letter-probability matrix: alength= 20 w= 3 nsites= 5 E= 4.0e+000
 0.915949 0.000006 0.000234 0.002633 0.005945 0.007086 0.000006 0.009827 0.000348 0.000234 0.000006 0.000805 0.006059 0.004688 0.005259 0.007772 0.017137 0.009827 0.000006 0.006173
 0.006858 0.000006 0.000234 0.002633 0.005945 0.007086 0.000006 0.009827 0.000348 0.000234 0.000006 0.000805 0.006059 0.004688 0.005259 0.916863 0.017137 0.009827 0.000006 0.006173
 0.006858 0.000006 0.000234 0.002633 0.005945 0.007086 0.000006 0.918918 0.000348 0.000234 0.000006 0.000805 0.006059 0.004688 0.005259 0.007772 0.017137 0.009827 0.000006 0.006173

MOTIF 3-QVI STREME-3
letter-probability matrix: alength= 20 w= 3 nsites= 3 E= 4.0e+000
 0.006858 0.000006 0.000234 0.002633 0.005945 0.007086 0.000006 0.009827 0.000348 0.000234 0.000006 0.000805 0.006059 0.913779 0.005259 0.007772 0.017137 0.009827 0.000006 0.006173
 0.006858 0.000006 0.000234 0.002633 0.005945 0.007086 0.000006 0.009827 0.000348 0.000234 0.000006 0.000805 0.006059 0.004688 0.005259 0.007772 0.017137 0.918918 0.000006 0.006173
 0.006858 0.000006 0.000234 0.002633 0.005945 0.007086 0.000006 0.918918 0.000348 0.000234 0.000006 0.000805 0.006059 0.004688 0.005259 0.007772 0.017137 0.009827 0.000006 0.006173

MOTIF 4-DVL STREME-4
letter-probability matrix: alength= 20 w= 3 nsites= 2 E= 4.0e+000
 0.006858 0.000006 0.909325 0.002633 0.005945 0.007086 0.000006 0.009827 0.000348 0.000234 0.000006 0.000805 0.006059 0.004688 0.005259 0.007772 0.017137 0.009827 0.000006 0.006173
 0.006858 0.000006 0.000234 0.002633 0.005945 0.007086 0.000006 0.009827 0.000348 0.000234 0.000006 0.000805 0.006059 0.004688 0.005259 0.007772 0.017137 0.918918 0.000006 0.006173
 0.006858 0.000006 0.000234 0.002633 0.005945 0.007086 0.000006 0.009827 0.000348 0.909325 0.000006 0.000805 0.006059 0.004688 0.005259 0.007772 0.017137 0.009827 0.000006 0.006173

********************************************************************************
Stopped because 3 consecutive motifs exceeded the p-value threshold (0.05).
********************************************************************************
COMMAND:	streme --protein --p ./Data/v1_cluster_windows_15mers/cluster_11642.fasta --minw 3 --maxw 15 --thresh 0.05 --oc ./Results/v1_Top500_Run_20250504_162200/streme_out_cluster_11642
********************************************************************************
CPU:		Hirokis-MacBook-Air.local
********************************************************************************
FINALTIME:	0.21 seconds
********************************************************************************
