********************************************************************************
STREME - Sensitive, Thorough, Rapid, Enriched Motif Elicitation
********************************************************************************
MEME version 5.5.7 (Release date: Wed Jun 19 13:59:04 2024 -0700)

For further information on how to interpret these results please access https://meme-suite.org/meme.
To get a copy of the MEME Suite software please access https://meme-suite.org.

********************************************************************************


********************************************************************************
REFERENCE
********************************************************************************
If you use this program in your research, please cite:

Timothy L. Bailey,
"STREME: accurate and versatile sequence motif discovery",
Bioinformatics, Mar. 24, 2021.
********************************************************************************


ALPHABET= ACDEFGHIKLMNPQRSTVWY

strands: +

Background letter frequencies
A 0.228 C 5.46e-05 D 0.0798 E 0.0121 F 0.0263 G 0.0732 H 0.00442 I 0.00333 K 0.00879 L 0.123 M 0.047 N 0.0263 P 5.46e-05 Q 0.0394 R 0.023 S 0.201 T 0.0863 V 0.0175 W 5.46e-05 Y 5.46e-05 

MOTIF 1-SSMATNAAQSLGLDA STREME-1
letter-probability matrix: alength= 20 w= 15 nsites= 61 E= 1.1e-003
 0.000608 0.000000 0.000212 0.000032 0.000070 0.000195 0.000012 0.000009 0.000023 0.000329 0.000125 0.018538 0.000000 0.000105 0.000061 0.960935 0.018698 0.000047 0.000000 0.000000
 0.192571 0.000000 0.000212 0.000032 0.000070 0.000195 0.000012 0.000009 0.000023 0.000329 0.000125 0.000070 0.000000 0.000105 0.000061 0.502892 0.303246 0.000047 0.000000 0.000000
 0.000608 0.000000 0.000212 0.000032 0.439400 0.000195 0.000012 0.000009 0.000023 0.000329 0.558131 0.000070 0.000000 0.000105 0.000061 0.000535 0.000230 0.000047 0.000000 0.000000
 0.775095 0.000000 0.000212 0.000032 0.000070 0.000195 0.000012 0.000009 0.000023 0.000329 0.000125 0.000070 0.000000 0.000105 0.000061 0.000535 0.000230 0.222896 0.000000 0.000000
 0.000608 0.000000 0.000212 0.000032 0.000070 0.000195 0.000012 0.000009 0.000023 0.000329 0.000125 0.000070 0.000000 0.018573 0.000061 0.421643 0.557991 0.000047 0.000000 0.000000
 0.000608 0.000000 0.000212 0.000032 0.000070 0.000195 0.036947 0.000009 0.000023 0.000329 0.000125 0.328592 0.000000 0.167059 0.000061 0.150025 0.315664 0.000047 0.000000 0.000000
 0.997944 0.000000 0.000212 0.000032 0.000070 0.000195 0.000012 0.000009 0.000023 0.000329 0.000125 0.000070 0.000000 0.000105 0.000061 0.000535 0.000230 0.000047 0.000000 0.000000
 0.997944 0.000000 0.000212 0.000032 0.000070 0.000195 0.000012 0.000009 0.000023 0.000329 0.000125 0.000070 0.000000 0.000105 0.000061 0.000535 0.000230 0.000047 0.000000 0.000000
 0.000608 0.000000 0.000212 0.000032 0.000070 0.000195 0.000012 0.000009 0.129789 0.000329 0.000125 0.055719 0.000000 0.384031 0.372652 0.055939 0.000230 0.000047 0.000000 0.000000
 0.000608 0.000000 0.000212 0.000032 0.000070 0.093025 0.000012 0.000009 0.000023 0.000329 0.000125 0.018538 0.000000 0.000105 0.000061 0.831169 0.055633 0.000047 0.000000 0.000000
 0.000608 0.000000 0.000212 0.000032 0.000070 0.000195 0.000012 0.018477 0.000023 0.886366 0.092956 0.000070 0.000000 0.000105 0.000061 0.000535 0.000230 0.000047 0.000000 0.000000
 0.000608 0.000000 0.000212 0.000032 0.000070 0.997531 0.000012 0.000009 0.000023 0.000329 0.000125 0.000070 0.000000 0.000105 0.000061 0.000535 0.000230 0.000047 0.000000 0.000000
 0.000608 0.000000 0.000212 0.000032 0.000070 0.000195 0.000012 0.000009 0.000023 0.997664 0.000125 0.000070 0.000000 0.000105 0.000061 0.000535 0.000230 0.000047 0.000000 0.000000
 0.000608 0.000000 0.997548 0.000032 0.000070 0.000195 0.000012 0.000009 0.000023 0.000329 0.000125 0.000070 0.000000 0.000105 0.000061 0.000535 0.000230 0.000047 0.000000 0.000000
 0.570945 0.000000 0.186883 0.166488 0.000070 0.000195 0.000012 0.000009 0.000023 0.000329 0.000125 0.000070 0.000000 0.018573 0.000061 0.055939 0.000230 0.000047 0.000000 0.000000

********************************************************************************
Stopped because the next motif had no positive sites with scores > 0.
********************************************************************************
COMMAND:	streme --protein --p ./Data/v1_cluster_windows_15mers/cluster_8645.fasta --minw 3 --maxw 15 --thresh 0.05 --oc ./Results/v1_Top500_Run_20250504_162200/streme_out_cluster_8645
********************************************************************************
CPU:		Hirokis-MacBook-Air.local
********************************************************************************
FINALTIME:	0.23 seconds
********************************************************************************
