********************************************************************************
STREME - Sensitive, Thorough, Rapid, Enriched Motif Elicitation
********************************************************************************
MEME version 5.5.7 (Release date: Wed Jun 19 13:59:04 2024 -0700)

For further information on how to interpret these results please access https://meme-suite.org/meme.
To get a copy of the MEME Suite software please access https://meme-suite.org.

********************************************************************************


********************************************************************************
REFERENCE
********************************************************************************
If you use this program in your research, please cite:

Timothy L. Bailey,
"STREME: accurate and versatile sequence motif discovery",
Bioinformatics, Mar. 24, 2021.
********************************************************************************


ALPHABET= ACDEFGHIKLMNPQRSTVWY

strands: +

Background letter frequencies
A 0.189 C 5.95e-05 D 0.0524 E 0.00482 F 5.95e-05 G 0.536 H 5.95e-05 I 5.95e-05 K 5.95e-05 L 5.95e-05 M 5.95e-05 N 0.00482 P 5.95e-05 Q 5.95e-05 R 5.95e-05 S 0.0381 T 5.95e-05 V 5.95e-05 W 5.95e-05 Y 0.174 

MOTIF 1-GGYGYGDG STREME-1
letter-probability matrix: alength= 20 w= 8 nsites= 56 E= 2.4e-002
 0.038034 0.000000 0.113537 0.000013 0.000000 0.551668 0.000000 0.000000 0.000000 0.000000 0.000000 0.037539 0.000000 0.000000 0.000000 0.000102 0.000000 0.000000 0.000000 0.259104
 0.000508 0.000000 0.000141 0.000013 0.000000 0.998754 0.000000 0.000000 0.000000 0.000000 0.000000 0.000013 0.000000 0.000000 0.000000 0.000102 0.000000 0.000000 0.000000 0.000467
 0.000508 0.000000 0.000141 0.000013 0.000000 0.001441 0.000000 0.000000 0.000000 0.000000 0.000000 0.000013 0.000000 0.000000 0.000000 0.000102 0.000000 0.000000 0.000000 0.997779
 0.000508 0.000000 0.000141 0.037539 0.000000 0.961228 0.000000 0.000000 0.000000 0.000000 0.000000 0.000013 0.000000 0.000000 0.000000 0.000102 0.000000 0.000000 0.000000 0.000467
 0.000508 0.000000 0.000141 0.000013 0.000000 0.001441 0.000000 0.000000 0.000000 0.000000 0.000000 0.000013 0.000000 0.000000 0.000000 0.000102 0.000000 0.000000 0.000000 0.997779
 0.000508 0.000000 0.000141 0.000013 0.000000 0.998754 0.000000 0.000000 0.000000 0.000000 0.000000 0.000013 0.000000 0.000000 0.000000 0.000102 0.000000 0.000000 0.000000 0.000467
 0.019137 0.000000 0.468957 0.037539 0.000000 0.215145 0.000000 0.000000 0.000000 0.000000 0.000000 0.037539 0.000000 0.000000 0.000000 0.221214 0.000000 0.000000 0.000000 0.000467
 0.000508 0.000000 0.000141 0.000013 0.000000 0.998754 0.000000 0.000000 0.000000 0.000000 0.000000 0.000013 0.000000 0.000000 0.000000 0.000102 0.000000 0.000000 0.000000 0.000467

MOTIF 2-AGGA STREME-2
letter-probability matrix: alength= 20 w= 4 nsites= 34 E= 2.4e-002
 0.926282 0.000005 0.004762 0.000438 0.000005 0.048755 0.000005 0.000005 0.000005 0.000005 0.000005 0.000438 0.000005 0.000005 0.000005 0.003465 0.000005 0.000005 0.000005 0.015791
 0.017191 0.000005 0.004762 0.000438 0.000005 0.957846 0.000005 0.000005 0.000005 0.000005 0.000005 0.000438 0.000005 0.000005 0.000005 0.003465 0.000005 0.000005 0.000005 0.015791
 0.017191 0.000005 0.004762 0.000438 0.000005 0.957846 0.000005 0.000005 0.000005 0.000005 0.000005 0.000438 0.000005 0.000005 0.000005 0.003465 0.000005 0.000005 0.000005 0.015791
 0.926282 0.000005 0.004762 0.000438 0.000005 0.048755 0.000005 0.000005 0.000005 0.000005 0.000005 0.000438 0.000005 0.000005 0.000005 0.003465 0.000005 0.000005 0.000005 0.015791

MOTIF 3-YGD STREME-3
letter-probability matrix: alength= 20 w= 3 nsites= 13 E= 1.4e-001
 0.017191 0.000005 0.004762 0.000438 0.000005 0.048755 0.000005 0.000005 0.000005 0.000005 0.000005 0.000438 0.000005 0.000005 0.000005 0.003465 0.000005 0.000005 0.000005 0.924882
 0.017191 0.000005 0.004762 0.000438 0.000005 0.957846 0.000005 0.000005 0.000005 0.000005 0.000005 0.000438 0.000005 0.000005 0.000005 0.003465 0.000005 0.000005 0.000005 0.015791
 0.017191 0.000005 0.913853 0.000438 0.000005 0.048755 0.000005 0.000005 0.000005 0.000005 0.000005 0.000438 0.000005 0.000005 0.000005 0.003465 0.000005 0.000005 0.000005 0.015791

MOTIF 4-GAA STREME-4
letter-probability matrix: alength= 20 w= 3 nsites= 23 E= 6.0e+000
 0.002390 0.000001 0.000662 0.000061 0.000001 0.809977 0.000001 0.000001 0.000001 0.000001 0.000001 0.000061 0.000001 0.000001 0.000001 0.184643 0.000001 0.000001 0.000001 0.002196
 0.982088 0.000001 0.000662 0.000061 0.000001 0.014441 0.000001 0.000001 0.000001 0.000001 0.000001 0.000061 0.000001 0.000001 0.000001 0.000482 0.000001 0.000001 0.000001 0.002196
 0.989749 0.000001 0.000662 0.000061 0.000001 0.006779 0.000001 0.000001 0.000001 0.000001 0.000001 0.000061 0.000001 0.000001 0.000001 0.000482 0.000001 0.000001 0.000001 0.002196

MOTIF 5-AGS STREME-5
letter-probability matrix: alength= 20 w= 3 nsites= 6 E= 6.0e+000
 0.926282 0.000005 0.004762 0.000438 0.000005 0.048755 0.000005 0.000005 0.000005 0.000005 0.000005 0.000438 0.000005 0.000005 0.000005 0.003465 0.000005 0.000005 0.000005 0.015791
 0.017191 0.000005 0.004762 0.000438 0.000005 0.957846 0.000005 0.000005 0.000005 0.000005 0.000005 0.000438 0.000005 0.000005 0.000005 0.003465 0.000005 0.000005 0.000005 0.015791
 0.017191 0.000005 0.004762 0.000438 0.000005 0.048755 0.000005 0.000005 0.000005 0.000005 0.000005 0.000438 0.000005 0.000005 0.000005 0.912555 0.000005 0.000005 0.000005 0.015791

MOTIF 6-GAS STREME-6
letter-probability matrix: alength= 20 w= 3 nsites= 4 E= 6.0e+000
 0.017191 0.000005 0.004762 0.000438 0.000005 0.957846 0.000005 0.000005 0.000005 0.000005 0.000005 0.000438 0.000005 0.000005 0.000005 0.003465 0.000005 0.000005 0.000005 0.015791
 0.926282 0.000005 0.004762 0.000438 0.000005 0.048755 0.000005 0.000005 0.000005 0.000005 0.000005 0.000438 0.000005 0.000005 0.000005 0.003465 0.000005 0.000005 0.000005 0.015791
 0.017191 0.000005 0.004762 0.000438 0.000005 0.048755 0.000005 0.000005 0.000005 0.000005 0.000005 0.000438 0.000005 0.000005 0.000005 0.912555 0.000005 0.000005 0.000005 0.015791

********************************************************************************
Stopped because 3 consecutive motifs exceeded the p-value threshold (0.05).
********************************************************************************
COMMAND:	streme --protein --p ./Data/v1_cluster_windows_15mers/cluster_13724.fasta --minw 3 --maxw 15 --thresh 0.05 --oc ./Results/v1_Top500_Run_20250504_162200/streme_out_cluster_13724
********************************************************************************
CPU:		Hirokis-MacBook-Air.local
********************************************************************************
FINALTIME:	0.16 seconds
********************************************************************************
