********************************************************************************
STREME - Sensitive, Thorough, Rapid, Enriched Motif Elicitation
********************************************************************************
MEME version 5.5.7 (Release date: Wed Jun 19 13:59:04 2024 -0700)

For further information on how to interpret these results please access https://meme-suite.org/meme.
To get a copy of the MEME Suite software please access https://meme-suite.org.

********************************************************************************


********************************************************************************
REFERENCE
********************************************************************************
If you use this program in your research, please cite:

Timothy L. Bailey,
"STREME: accurate and versatile sequence motif discovery",
Bioinformatics, Mar. 24, 2021.
********************************************************************************


ALPHABET= ACDEFGHIKLMNPQRSTVWY

strands: +

Background letter frequencies
A 0.165 C 6.53e-05 D 6.53e-05 E 6.53e-05 F 0.0092 G 0.533 H 6.53e-05 I 0.0105 K 6.53e-05 L 0.175 M 6.53e-05 N 6.53e-05 P 6.53e-05 Q 6.53e-05 R 0.0471 S 0.0288 T 0.0157 V 0.0157 W 6.53e-05 Y 6.53e-05 

MOTIF 1-GSGAGLG STREME-1
letter-probability matrix: alength= 20 w= 7 nsites= 51 E= 1.2e-002
 0.014963 0.000006 0.000006 0.000006 0.000837 0.957516 0.000006 0.000955 0.000006 0.015908 0.000006 0.000006 0.000006 0.000006 0.004278 0.002617 0.001430 0.001430 0.000006 0.000006
 0.014963 0.000006 0.000006 0.000006 0.000837 0.048425 0.000006 0.000955 0.000006 0.015908 0.000006 0.000006 0.000006 0.000006 0.004278 0.911708 0.001430 0.001430 0.000006 0.000006
 0.014963 0.000006 0.000006 0.000006 0.000837 0.957516 0.000006 0.000955 0.000006 0.015908 0.000006 0.000006 0.000006 0.000006 0.004278 0.002617 0.001430 0.001430 0.000006 0.000006
 0.924054 0.000006 0.000006 0.000006 0.000837 0.048425 0.000006 0.000955 0.000006 0.015908 0.000006 0.000006 0.000006 0.000006 0.004278 0.002617 0.001430 0.001430 0.000006 0.000006
 0.014963 0.000006 0.000006 0.000006 0.000837 0.957516 0.000006 0.000955 0.000006 0.015908 0.000006 0.000006 0.000006 0.000006 0.004278 0.002617 0.001430 0.001430 0.000006 0.000006
 0.014963 0.000006 0.000006 0.000006 0.000837 0.048425 0.000006 0.000955 0.000006 0.924999 0.000006 0.000006 0.000006 0.000006 0.004278 0.002617 0.001430 0.001430 0.000006 0.000006
 0.014963 0.000006 0.000006 0.000006 0.000837 0.957516 0.000006 0.000955 0.000006 0.015908 0.000006 0.000006 0.000006 0.000006 0.004278 0.002617 0.001430 0.001430 0.000006 0.000006

MOTIF 2-GVGSG STREME-2
letter-probability matrix: alength= 20 w= 5 nsites= 23 E= 1.2e-002
 0.001427 0.000001 0.000001 0.000001 0.000080 0.995949 0.000001 0.000091 0.000001 0.001517 0.000001 0.000001 0.000001 0.000001 0.000408 0.000250 0.000136 0.000136 0.000001 0.000001
 0.184577 0.000001 0.000001 0.000001 0.183230 0.004617 0.000001 0.000091 0.000001 0.001517 0.000001 0.000001 0.000001 0.000001 0.000408 0.000250 0.000136 0.625167 0.000001 0.000001
 0.001427 0.000001 0.000001 0.000001 0.000080 0.995949 0.000001 0.000091 0.000001 0.001517 0.000001 0.000001 0.000001 0.000001 0.000408 0.000250 0.000136 0.000136 0.000001 0.000001
 0.001427 0.000001 0.000001 0.000001 0.000080 0.004617 0.000001 0.000091 0.000001 0.001517 0.000001 0.000001 0.000001 0.000001 0.000408 0.549701 0.442017 0.000136 0.000001 0.000001
 0.001427 0.000001 0.000001 0.000001 0.000080 0.995949 0.000001 0.000091 0.000001 0.001517 0.000001 0.000001 0.000001 0.000001 0.000408 0.000250 0.000136 0.000136 0.000001 0.000001

MOTIF 3-RGAGL STREME-3
letter-probability matrix: alength= 20 w= 5 nsites= 28 E= 3.0e+000
 0.000913 0.000000 0.000000 0.000000 0.000051 0.002956 0.000000 0.000058 0.000000 0.392309 0.000000 0.000000 0.000000 0.000000 0.603374 0.000160 0.000087 0.000087 0.000000 0.000000
 0.000913 0.000000 0.000000 0.000000 0.000051 0.997407 0.000000 0.000058 0.000000 0.000971 0.000000 0.000000 0.000000 0.000000 0.000261 0.000160 0.000087 0.000087 0.000000 0.000000
 0.995364 0.000000 0.000000 0.000000 0.000051 0.002956 0.000000 0.000058 0.000000 0.000971 0.000000 0.000000 0.000000 0.000000 0.000261 0.000160 0.000087 0.000087 0.000000 0.000000
 0.000913 0.000000 0.000000 0.000000 0.000051 0.997407 0.000000 0.000058 0.000000 0.000971 0.000000 0.000000 0.000000 0.000000 0.000261 0.000160 0.000087 0.000087 0.000000 0.000000
 0.000913 0.000000 0.000000 0.000000 0.000051 0.002956 0.000000 0.000058 0.000000 0.995422 0.000000 0.000000 0.000000 0.000000 0.000261 0.000160 0.000087 0.000087 0.000000 0.000000

********************************************************************************
Stopped because the next motif had no positive sites with scores > 0.
********************************************************************************
COMMAND:	streme --protein --p ./Data/v1_cluster_windows_15mers/cluster_6994.fasta --minw 3 --maxw 15 --thresh 0.05 --oc ./Results/v1_Top500_Run_20250504_162200/streme_out_cluster_6994
********************************************************************************
CPU:		Hirokis-MacBook-Air.local
********************************************************************************
FINALTIME:	0.15 seconds
********************************************************************************
