********************************************************************************
STREME - Sensitive, Thorough, Rapid, Enriched Motif Elicitation
********************************************************************************
MEME version 5.5.7 (Release date: Wed Jun 19 13:59:04 2024 -0700)

For further information on how to interpret these results please access https://meme-suite.org/meme.
To get a copy of the MEME Suite software please access https://meme-suite.org.

********************************************************************************


********************************************************************************
REFERENCE
********************************************************************************
If you use this program in your research, please cite:

Timothy L. Bailey,
"STREME: accurate and versatile sequence motif discovery",
Bioinformatics, Mar. 24, 2021.
********************************************************************************


ALPHABET= ACDEFGHIKLMNPQRSTVWY

strands: +

Background letter frequencies
A 0.37 C 5.2e-05 D 0.00109 E 5.2e-05 F 0.00109 G 0.373 H 5.2e-05 I 5.2e-05 K 5.2e-05 L 0.0125 M 5.2e-05 N 5.2e-05 P 5.2e-05 Q 0.0666 R 0.00421 S 0.0958 T 0.0167 V 0.00838 W 5.2e-05 Y 0.05 

MOTIF 1-AAAAGASGAGQGGYG STREME-1
letter-probability matrix: alength= 20 w= 15 nsites= 64 E= 2.2e-003
 0.942772 0.000005 0.000099 0.000005 0.000099 0.033872 0.000005 0.000005 0.000005 0.001140 0.000005 0.000005 0.000005 0.006059 0.000383 0.008708 0.001518 0.000762 0.000005 0.004545
 0.942772 0.000005 0.000099 0.000005 0.000099 0.033872 0.000005 0.000005 0.000005 0.001140 0.000005 0.000005 0.000005 0.006059 0.000383 0.008708 0.001518 0.000762 0.000005 0.004545
 0.942772 0.000005 0.000099 0.000005 0.000099 0.033872 0.000005 0.000005 0.000005 0.001140 0.000005 0.000005 0.000005 0.006059 0.000383 0.008708 0.001518 0.000762 0.000005 0.004545
 0.942772 0.000005 0.000099 0.000005 0.000099 0.033872 0.000005 0.000005 0.000005 0.001140 0.000005 0.000005 0.000005 0.006059 0.000383 0.008708 0.001518 0.000762 0.000005 0.004545
 0.033681 0.000005 0.000099 0.000005 0.000099 0.942963 0.000005 0.000005 0.000005 0.001140 0.000005 0.000005 0.000005 0.006059 0.000383 0.008708 0.001518 0.000762 0.000005 0.004545
 0.942772 0.000005 0.000099 0.000005 0.000099 0.033872 0.000005 0.000005 0.000005 0.001140 0.000005 0.000005 0.000005 0.006059 0.000383 0.008708 0.001518 0.000762 0.000005 0.004545
 0.033681 0.000005 0.000099 0.000005 0.000099 0.033872 0.000005 0.000005 0.000005 0.001140 0.000005 0.000005 0.000005 0.006059 0.000383 0.917799 0.001518 0.000762 0.000005 0.004545
 0.033681 0.000005 0.000099 0.000005 0.000099 0.942963 0.000005 0.000005 0.000005 0.001140 0.000005 0.000005 0.000005 0.006059 0.000383 0.008708 0.001518 0.000762 0.000005 0.004545
 0.942772 0.000005 0.000099 0.000005 0.000099 0.033872 0.000005 0.000005 0.000005 0.001140 0.000005 0.000005 0.000005 0.006059 0.000383 0.008708 0.001518 0.000762 0.000005 0.004545
 0.033681 0.000005 0.000099 0.000005 0.000099 0.942963 0.000005 0.000005 0.000005 0.001140 0.000005 0.000005 0.000005 0.006059 0.000383 0.008708 0.001518 0.000762 0.000005 0.004545
 0.033681 0.000005 0.000099 0.000005 0.000099 0.033872 0.000005 0.000005 0.000005 0.001140 0.000005 0.000005 0.000005 0.915150 0.000383 0.008708 0.001518 0.000762 0.000005 0.004545
 0.033681 0.000005 0.000099 0.000005 0.000099 0.942963 0.000005 0.000005 0.000005 0.001140 0.000005 0.000005 0.000005 0.006059 0.000383 0.008708 0.001518 0.000762 0.000005 0.004545
 0.033681 0.000005 0.000099 0.000005 0.000099 0.942963 0.000005 0.000005 0.000005 0.001140 0.000005 0.000005 0.000005 0.006059 0.000383 0.008708 0.001518 0.000762 0.000005 0.004545
 0.033681 0.000005 0.000099 0.000005 0.000099 0.033872 0.000005 0.000005 0.000005 0.001140 0.000005 0.000005 0.000005 0.006059 0.000383 0.008708 0.001518 0.000762 0.000005 0.913636
 0.033681 0.000005 0.000099 0.000005 0.000099 0.942963 0.000005 0.000005 0.000005 0.001140 0.000005 0.000005 0.000005 0.006059 0.000383 0.008708 0.001518 0.000762 0.000005 0.004545

MOTIF 2-AGR STREME-2
letter-probability matrix: alength= 20 w= 3 nsites= 3 E= 2.0e+000
 0.942772 0.000005 0.000099 0.000005 0.000099 0.033872 0.000005 0.000005 0.000005 0.001140 0.000005 0.000005 0.000005 0.006059 0.000383 0.008708 0.001518 0.000762 0.000005 0.004545
 0.033681 0.000005 0.000099 0.000005 0.000099 0.942963 0.000005 0.000005 0.000005 0.001140 0.000005 0.000005 0.000005 0.006059 0.000383 0.008708 0.001518 0.000762 0.000005 0.004545
 0.033681 0.000005 0.000099 0.000005 0.000099 0.033872 0.000005 0.000005 0.000005 0.001140 0.000005 0.000005 0.000005 0.006059 0.909474 0.008708 0.001518 0.000762 0.000005 0.004545

********************************************************************************
Stopped because the next motif had no positive sites with scores > 0.
********************************************************************************
COMMAND:	streme --protein --p ./Data/v1_cluster_windows_15mers/cluster_19778.fasta --minw 3 --maxw 15 --thresh 0.05 --oc ./Results/v1_Top500_Run_20250504_162200/streme_out_cluster_19778
********************************************************************************
CPU:		Hirokis-MacBook-Air.local
********************************************************************************
FINALTIME:	0.16 seconds
********************************************************************************
