********************************************************************************
STREME - Sensitive, Thorough, Rapid, Enriched Motif Elicitation
********************************************************************************
MEME version 5.5.7 (Release date: Wed Jun 19 13:59:04 2024 -0700)

For further information on how to interpret these results please access https://meme-suite.org/meme.
To get a copy of the MEME Suite software please access https://meme-suite.org.

********************************************************************************


********************************************************************************
REFERENCE
********************************************************************************
If you use this program in your research, please cite:

Timothy L. Bailey,
"STREME: accurate and versatile sequence motif discovery",
Bioinformatics, Mar. 24, 2021.
********************************************************************************


ALPHABET= ACDEFGHIKLMNPQRSTVWY

strands: +

Background letter frequencies
A 0.506 C 8.32e-05 D 8.32e-05 E 0.00175 F 8.32e-05 G 0.04 H 8.32e-05 I 0.00175 K 8.32e-05 L 0.00507 M 8.32e-05 N 8.32e-05 P 0.0117 Q 8.32e-05 R 0.0849 S 0.231 T 0.0999 V 0.0167 W 8.32e-05 Y 8.32e-05 

MOTIF 1-AASAATASAAASR STREME-1
letter-probability matrix: alength= 20 w= 13 nsites= 39 S= 3.8e-022
 0.955080 0.000008 0.000008 0.000159 0.000008 0.003638 0.000008 0.000159 0.000008 0.000461 0.000008 0.000008 0.001066 0.000008 0.007722 0.021036 0.009083 0.001520 0.000008 0.000008
 0.955080 0.000008 0.000008 0.000159 0.000008 0.003638 0.000008 0.000159 0.000008 0.000461 0.000008 0.000008 0.001066 0.000008 0.007722 0.021036 0.009083 0.001520 0.000008 0.000008
 0.045989 0.000008 0.000008 0.000159 0.000008 0.003638 0.000008 0.000159 0.000008 0.000461 0.000008 0.000008 0.001066 0.000008 0.007722 0.930127 0.009083 0.001520 0.000008 0.000008
 0.955080 0.000008 0.000008 0.000159 0.000008 0.003638 0.000008 0.000159 0.000008 0.000461 0.000008 0.000008 0.001066 0.000008 0.007722 0.021036 0.009083 0.001520 0.000008 0.000008
 0.955080 0.000008 0.000008 0.000159 0.000008 0.003638 0.000008 0.000159 0.000008 0.000461 0.000008 0.000008 0.001066 0.000008 0.007722 0.021036 0.009083 0.001520 0.000008 0.000008
 0.045989 0.000008 0.000008 0.000159 0.000008 0.003638 0.000008 0.000159 0.000008 0.000461 0.000008 0.000008 0.001066 0.000008 0.007722 0.021036 0.918174 0.001520 0.000008 0.000008
 0.955080 0.000008 0.000008 0.000159 0.000008 0.003638 0.000008 0.000159 0.000008 0.000461 0.000008 0.000008 0.001066 0.000008 0.007722 0.021036 0.009083 0.001520 0.000008 0.000008
 0.045989 0.000008 0.000008 0.000159 0.000008 0.003638 0.000008 0.000159 0.000008 0.000461 0.000008 0.000008 0.001066 0.000008 0.007722 0.930127 0.009083 0.001520 0.000008 0.000008
 0.955080 0.000008 0.000008 0.000159 0.000008 0.003638 0.000008 0.000159 0.000008 0.000461 0.000008 0.000008 0.001066 0.000008 0.007722 0.021036 0.009083 0.001520 0.000008 0.000008
 0.955080 0.000008 0.000008 0.000159 0.000008 0.003638 0.000008 0.000159 0.000008 0.000461 0.000008 0.000008 0.001066 0.000008 0.007722 0.021036 0.009083 0.001520 0.000008 0.000008
 0.955080 0.000008 0.000008 0.000159 0.000008 0.003638 0.000008 0.000159 0.000008 0.000461 0.000008 0.000008 0.001066 0.000008 0.007722 0.021036 0.009083 0.001520 0.000008 0.000008
 0.045989 0.000008 0.000008 0.000159 0.000008 0.003638 0.000008 0.000159 0.000008 0.000461 0.000008 0.000008 0.001066 0.000008 0.007722 0.930127 0.009083 0.001520 0.000008 0.000008
 0.045989 0.000008 0.000008 0.000159 0.000008 0.003638 0.000008 0.000159 0.000008 0.000461 0.000008 0.000008 0.001066 0.000008 0.916812 0.021036 0.009083 0.001520 0.000008 0.000008

MOTIF 2-TGG STREME-2
letter-probability matrix: alength= 20 w= 3 nsites= 3 S= 1.2e-001
 0.045989 0.000008 0.000008 0.000159 0.000008 0.003638 0.000008 0.000159 0.000008 0.000461 0.000008 0.000008 0.001066 0.000008 0.007722 0.021036 0.918174 0.001520 0.000008 0.000008
 0.045989 0.000008 0.000008 0.000159 0.000008 0.912729 0.000008 0.000159 0.000008 0.000461 0.000008 0.000008 0.001066 0.000008 0.007722 0.021036 0.009083 0.001520 0.000008 0.000008
 0.045989 0.000008 0.000008 0.000159 0.000008 0.912729 0.000008 0.000159 0.000008 0.000461 0.000008 0.000008 0.001066 0.000008 0.007722 0.021036 0.009083 0.001520 0.000008 0.000008

MOTIF 3-SGT STREME-3
letter-probability matrix: alength= 20 w= 3 nsites= 4 S= 1.8e-001
 0.135636 0.000003 0.000003 0.000071 0.000003 0.001625 0.000003 0.000071 0.000003 0.000206 0.000003 0.000003 0.281910 0.000003 0.003449 0.290829 0.285491 0.000679 0.000003 0.000003
 0.020540 0.000003 0.000003 0.000071 0.000003 0.961023 0.000003 0.000071 0.000003 0.000206 0.000003 0.000003 0.000476 0.000003 0.003449 0.009395 0.004057 0.000679 0.000003 0.000003
 0.020540 0.000003 0.000003 0.000071 0.000003 0.001625 0.000003 0.000071 0.000003 0.000206 0.000003 0.000003 0.000476 0.000003 0.003449 0.009395 0.963455 0.000679 0.000003 0.000003

MOTIF 4-GVA STREME-4
letter-probability matrix: alength= 20 w= 3 nsites= 2 S= 2.5e-001
 0.063782 0.000010 0.000010 0.000220 0.000010 0.878966 0.000010 0.000220 0.000010 0.000640 0.000010 0.000010 0.001479 0.000010 0.010709 0.029174 0.012598 0.002108 0.000010 0.000010
 0.063782 0.000010 0.000010 0.000220 0.000010 0.005046 0.000010 0.000220 0.000010 0.000640 0.000010 0.000010 0.001479 0.000010 0.010709 0.029174 0.012598 0.876028 0.000010 0.000010
 0.937702 0.000010 0.000010 0.000220 0.000010 0.005046 0.000010 0.000220 0.000010 0.000640 0.000010 0.000010 0.001479 0.000010 0.010709 0.029174 0.012598 0.002108 0.000010 0.000010

MOTIF 5-SAAATAAA STREME-5
letter-probability matrix: alength= 20 w= 8 nsites= 1 S= 5.0e-001
 0.063782 0.000010 0.000010 0.000220 0.000010 0.005046 0.000010 0.000220 0.000010 0.000640 0.000010 0.000010 0.001479 0.000010 0.010709 0.903094 0.012598 0.002108 0.000010 0.000010
 0.937702 0.000010 0.000010 0.000220 0.000010 0.005046 0.000010 0.000220 0.000010 0.000640 0.000010 0.000010 0.001479 0.000010 0.010709 0.029174 0.012598 0.002108 0.000010 0.000010
 0.937702 0.000010 0.000010 0.000220 0.000010 0.005046 0.000010 0.000220 0.000010 0.000640 0.000010 0.000010 0.001479 0.000010 0.010709 0.029174 0.012598 0.002108 0.000010 0.000010
 0.937702 0.000010 0.000010 0.000220 0.000010 0.005046 0.000010 0.000220 0.000010 0.000640 0.000010 0.000010 0.001479 0.000010 0.010709 0.029174 0.012598 0.002108 0.000010 0.000010
 0.063782 0.000010 0.000010 0.000220 0.000010 0.005046 0.000010 0.000220 0.000010 0.000640 0.000010 0.000010 0.001479 0.000010 0.010709 0.029174 0.886518 0.002108 0.000010 0.000010
 0.937702 0.000010 0.000010 0.000220 0.000010 0.005046 0.000010 0.000220 0.000010 0.000640 0.000010 0.000010 0.001479 0.000010 0.010709 0.029174 0.012598 0.002108 0.000010 0.000010
 0.937702 0.000010 0.000010 0.000220 0.000010 0.005046 0.000010 0.000220 0.000010 0.000640 0.000010 0.000010 0.001479 0.000010 0.010709 0.029174 0.012598 0.002108 0.000010 0.000010
 0.937702 0.000010 0.000010 0.000220 0.000010 0.005046 0.000010 0.000220 0.000010 0.000640 0.000010 0.000010 0.001479 0.000010 0.010709 0.029174 0.012598 0.002108 0.000010 0.000010

********************************************************************************
Stopped because maximum number of motifs (5) reached.
********************************************************************************
COMMAND:	streme --protein --p ./Data/v1_cluster_windows_15mers/cluster_10053.fasta --minw 3 --maxw 15 --thresh 0.05 --oc ./Results/v1_Top500_Run_20250504_162200/streme_out_cluster_10053
********************************************************************************
CPU:		Hirokis-MacBook-Air.local
********************************************************************************
FINALTIME:	0.22 seconds
********************************************************************************
