********************************************************************************
STREME - Sensitive, Thorough, Rapid, Enriched Motif Elicitation
********************************************************************************
MEME version 5.5.7 (Release date: Wed Jun 19 13:59:04 2024 -0700)

For further information on how to interpret these results please access https://meme-suite.org/meme.
To get a copy of the MEME Suite software please access https://meme-suite.org.

********************************************************************************


********************************************************************************
REFERENCE
********************************************************************************
If you use this program in your research, please cite:

Timothy L. Bailey,
"STREME: accurate and versatile sequence motif discovery",
Bioinformatics, Mar. 24, 2021.
********************************************************************************


ALPHABET= ACDEFGHIKLMNPQRSTVWY

strands: +

Background letter frequencies
A 0.133 C 3.54e-05 D 0.00854 E 0.00854 F 0.0057 G 0.441 H 3.54e-05 I 0.00783 K 3.54e-05 L 0.0128 M 3.54e-05 N 0.00216 P 3.54e-05 Q 3.54e-05 R 0.00358 S 0.337 T 0.00783 V 0.0199 W 0.00216 Y 0.00925 

MOTIF 1-GAGSGSGA STREME-1
letter-probability matrix: alength= 20 w= 8 nsites= 92 E= 4.5e-003
 0.000239 0.000000 0.000015 0.000015 0.000010 0.986494 0.000000 0.000014 0.000000 0.000023 0.000000 0.000004 0.000000 0.000000 0.000006 0.000606 0.000014 0.012538 0.000004 0.000017
 0.594413 0.000000 0.000015 0.000015 0.000010 0.000792 0.000000 0.000014 0.000000 0.000023 0.000000 0.000004 0.000000 0.000000 0.000006 0.379633 0.000014 0.025040 0.000004 0.000017
 0.000239 0.000000 0.025019 0.000015 0.000010 0.961543 0.000000 0.000014 0.000000 0.000023 0.000000 0.000004 0.000000 0.000000 0.012455 0.000606 0.000014 0.000036 0.000004 0.000017
 0.210033 0.000000 0.000015 0.000015 0.000010 0.000792 0.000000 0.000014 0.000000 0.000023 0.000000 0.000004 0.000000 0.000000 0.000006 0.713517 0.037845 0.037703 0.000004 0.000017
 0.000239 0.000000 0.000015 0.012464 0.000010 0.986547 0.000000 0.000014 0.000000 0.000023 0.000000 0.000004 0.000000 0.000000 0.000006 0.000606 0.000014 0.000036 0.000004 0.000017
 0.012850 0.000000 0.025019 0.000015 0.000010 0.000792 0.000000 0.000014 0.000000 0.000023 0.000000 0.000004 0.000000 0.000000 0.000006 0.923528 0.000014 0.037703 0.000004 0.000017
 0.000239 0.000000 0.000015 0.000015 0.000010 0.986494 0.000000 0.000014 0.000000 0.000023 0.000000 0.000004 0.000000 0.000000 0.000006 0.000606 0.000014 0.012538 0.000004 0.000017
 0.484119 0.000000 0.000015 0.000015 0.012621 0.013240 0.000000 0.012624 0.000000 0.025027 0.000000 0.025008 0.000000 0.000000 0.000006 0.427254 0.000014 0.000036 0.000004 0.000017

MOTIF 2-TGS STREME-2
letter-probability matrix: alength= 20 w= 3 nsites= 6 E= 2.0e+000
 0.012117 0.000003 0.000776 0.000776 0.000519 0.040079 0.000003 0.000712 0.000003 0.001163 0.000003 0.000197 0.000003 0.000003 0.000325 0.030670 0.909803 0.001807 0.000197 0.000841
 0.012117 0.000003 0.000776 0.000776 0.000519 0.949169 0.000003 0.000712 0.000003 0.001163 0.000003 0.000197 0.000003 0.000003 0.000325 0.030670 0.000712 0.001807 0.000197 0.000841
 0.012117 0.000003 0.000776 0.000776 0.000519 0.040079 0.000003 0.000712 0.000003 0.001163 0.000003 0.000197 0.000003 0.000003 0.000325 0.939761 0.000712 0.001807 0.000197 0.000841

MOTIF 3-GLGY STREME-3
letter-probability matrix: alength= 20 w= 4 nsites= 6 E= 4.0e+000
 0.012117 0.000003 0.000776 0.000776 0.000519 0.949169 0.000003 0.000712 0.000003 0.001163 0.000003 0.000197 0.000003 0.000003 0.000325 0.030670 0.000712 0.001807 0.000197 0.000841
 0.012117 0.000003 0.000776 0.000776 0.000519 0.040079 0.000003 0.000712 0.000003 0.910254 0.000003 0.000197 0.000003 0.000003 0.000325 0.030670 0.000712 0.001807 0.000197 0.000841
 0.012117 0.000003 0.000776 0.000776 0.000519 0.949169 0.000003 0.000712 0.000003 0.001163 0.000003 0.000197 0.000003 0.000003 0.000325 0.030670 0.000712 0.001807 0.000197 0.000841
 0.012117 0.000003 0.000776 0.000776 0.000519 0.040079 0.000003 0.000712 0.000003 0.001163 0.000003 0.000197 0.000003 0.000003 0.000325 0.030670 0.000712 0.001807 0.000197 0.909932

MOTIF 4-ESSS STREME-4
letter-probability matrix: alength= 20 w= 4 nsites= 4 E= 4.0e+000
 0.012117 0.000003 0.000776 0.909867 0.000519 0.040079 0.000003 0.000712 0.000003 0.001163 0.000003 0.000197 0.000003 0.000003 0.000325 0.030670 0.000712 0.001807 0.000197 0.000841
 0.012117 0.000003 0.000776 0.000776 0.000519 0.040079 0.000003 0.000712 0.000003 0.001163 0.000003 0.000197 0.000003 0.000003 0.000325 0.939761 0.000712 0.001807 0.000197 0.000841
 0.012117 0.000003 0.000776 0.000776 0.000519 0.040079 0.000003 0.000712 0.000003 0.001163 0.000003 0.000197 0.000003 0.000003 0.000325 0.939761 0.000712 0.001807 0.000197 0.000841
 0.012117 0.000003 0.000776 0.000776 0.000519 0.040079 0.000003 0.000712 0.000003 0.001163 0.000003 0.000197 0.000003 0.000003 0.000325 0.939761 0.000712 0.001807 0.000197 0.000841

********************************************************************************
Stopped because 3 consecutive motifs exceeded the p-value threshold (0.05).
********************************************************************************
COMMAND:	streme --protein --p ./Data/v1_cluster_windows_15mers/cluster_12488.fasta --minw 3 --maxw 15 --thresh 0.05 --oc ./Results/v1_Top500_Run_20250504_162200/streme_out_cluster_12488
********************************************************************************
CPU:		Hirokis-MacBook-Air.local
********************************************************************************
FINALTIME:	0.25 seconds
********************************************************************************
