********************************************************************************
STREME - Sensitive, Thorough, Rapid, Enriched Motif Elicitation
********************************************************************************
MEME version 5.5.7 (Release date: Wed Jun 19 13:59:04 2024 -0700)

For further information on how to interpret these results please access https://meme-suite.org/meme.
To get a copy of the MEME Suite software please access https://meme-suite.org.

********************************************************************************


********************************************************************************
REFERENCE
********************************************************************************
If you use this program in your research, please cite:

Timothy L. Bailey,
"STREME: accurate and versatile sequence motif discovery",
Bioinformatics, Mar. 24, 2021.
********************************************************************************


ALPHABET= ACDEFGHIKLMNPQRSTVWY

strands: +

Background letter frequencies
A 0.131 C 6.05e-05 D 6.05e-05 E 6.05e-05 F 0.0182 G 0.212 H 6.05e-05 I 0.00975 K 6.05e-05 L 0.0582 M 0.0424 N 0.086 P 6.05e-05 Q 0.00248 R 0.00611 S 0.271 T 0.0194 V 0.143 W 6.05e-05 Y 6.05e-05 

MOTIF 1-SSVGNSAGLVGNAFG STREME-1
letter-probability matrix: alength= 20 w= 15 nsites= 55 E= 4.0e-003
 0.011892 0.000006 0.000006 0.000006 0.001657 0.019266 0.000006 0.000886 0.000006 0.005289 0.003858 0.007821 0.000006 0.000226 0.000556 0.933748 0.001767 0.012992 0.000006 0.000006
 0.011892 0.000006 0.000006 0.000006 0.001657 0.019266 0.000006 0.000886 0.000006 0.005289 0.003858 0.007821 0.000006 0.000226 0.000556 0.933748 0.001767 0.012992 0.000006 0.000006
 0.011892 0.000006 0.000006 0.000006 0.001657 0.019266 0.000006 0.000886 0.000006 0.005289 0.003858 0.007821 0.000006 0.000226 0.000556 0.024657 0.001767 0.922083 0.000006 0.000006
 0.011892 0.000006 0.000006 0.000006 0.001657 0.928357 0.000006 0.000886 0.000006 0.005289 0.003858 0.007821 0.000006 0.000226 0.000556 0.024657 0.001767 0.012992 0.000006 0.000006
 0.011892 0.000006 0.000006 0.000006 0.001657 0.019266 0.000006 0.000886 0.000006 0.005289 0.003858 0.916912 0.000006 0.000226 0.000556 0.024657 0.001767 0.012992 0.000006 0.000006
 0.011892 0.000006 0.000006 0.000006 0.001657 0.019266 0.000006 0.000886 0.000006 0.005289 0.003858 0.007821 0.000006 0.000226 0.000556 0.933748 0.001767 0.012992 0.000006 0.000006
 0.920983 0.000006 0.000006 0.000006 0.001657 0.019266 0.000006 0.000886 0.000006 0.005289 0.003858 0.007821 0.000006 0.000226 0.000556 0.024657 0.001767 0.012992 0.000006 0.000006
 0.011892 0.000006 0.000006 0.000006 0.001657 0.928357 0.000006 0.000886 0.000006 0.005289 0.003858 0.007821 0.000006 0.000226 0.000556 0.024657 0.001767 0.012992 0.000006 0.000006
 0.011892 0.000006 0.000006 0.000006 0.001657 0.019266 0.000006 0.000886 0.000006 0.914380 0.003858 0.007821 0.000006 0.000226 0.000556 0.024657 0.001767 0.012992 0.000006 0.000006
 0.011892 0.000006 0.000006 0.000006 0.001657 0.019266 0.000006 0.000886 0.000006 0.005289 0.003858 0.007821 0.000006 0.000226 0.000556 0.024657 0.001767 0.922083 0.000006 0.000006
 0.011892 0.000006 0.000006 0.000006 0.001657 0.928357 0.000006 0.000886 0.000006 0.005289 0.003858 0.007821 0.000006 0.000226 0.000556 0.024657 0.001767 0.012992 0.000006 0.000006
 0.011892 0.000006 0.000006 0.000006 0.001657 0.019266 0.000006 0.000886 0.000006 0.005289 0.003858 0.916912 0.000006 0.000226 0.000556 0.024657 0.001767 0.012992 0.000006 0.000006
 0.920983 0.000006 0.000006 0.000006 0.001657 0.019266 0.000006 0.000886 0.000006 0.005289 0.003858 0.007821 0.000006 0.000226 0.000556 0.024657 0.001767 0.012992 0.000006 0.000006
 0.011892 0.000006 0.000006 0.000006 0.910747 0.019266 0.000006 0.000886 0.000006 0.005289 0.003858 0.007821 0.000006 0.000226 0.000556 0.024657 0.001767 0.012992 0.000006 0.000006
 0.011892 0.000006 0.000006 0.000006 0.001657 0.928357 0.000006 0.000886 0.000006 0.005289 0.003858 0.007821 0.000006 0.000226 0.000556 0.024657 0.001767 0.012992 0.000006 0.000006

********************************************************************************
Stopped because the next motif had no positive sites with scores > 0.
********************************************************************************
COMMAND:	streme --protein --p ./Data/v1_cluster_windows_15mers/cluster_14263.fasta --minw 3 --maxw 15 --thresh 0.05 --oc ./Results/v1_Top500_Run_20250504_162200/streme_out_cluster_14263
********************************************************************************
CPU:		Hirokis-MacBook-Air.local
********************************************************************************
FINALTIME:	0.13 seconds
********************************************************************************
