********************************************************************************
STREME - Sensitive, Thorough, Rapid, Enriched Motif Elicitation
********************************************************************************
MEME version 5.5.7 (Release date: Wed Jun 19 13:59:04 2024 -0700)

For further information on how to interpret these results please access https://meme-suite.org/meme.
To get a copy of the MEME Suite software please access https://meme-suite.org.

********************************************************************************


********************************************************************************
REFERENCE
********************************************************************************
If you use this program in your research, please cite:

Timothy L. Bailey,
"STREME: accurate and versatile sequence motif discovery",
Bioinformatics, Mar. 24, 2021.
********************************************************************************


ALPHABET= ACDEFGHIKLMNPQRSTVWY

strands: +

Background letter frequencies
A 0.0113 C 1e-05 D 0.00101 E 0.131 F 0.00182 G 0.389 H 0.000211 I 0.133 K 1e-05 L 0.00122 M 1e-05 N 0.000211 P 0.0715 Q 0.00503 R 0.00122 S 0.16 T 0.0133 V 0.00162 W 1e-05 Y 0.0785 

MOTIF 1-GGYEEIISLGPG STREME-1
letter-probability matrix: alength= 20 w= 12 nsites= 332 E= 5.5e-019
 0.001023 0.000001 0.000092 0.011937 0.000165 0.944428 0.000019 0.012064 0.000001 0.000110 0.000001 0.000019 0.006498 0.000457 0.000110 0.014582 0.001205 0.000147 0.000001 0.007138
 0.001023 0.000001 0.000092 0.011937 0.000165 0.944428 0.000019 0.012064 0.000001 0.000110 0.000001 0.000019 0.006498 0.000457 0.000110 0.014582 0.001205 0.000147 0.000001 0.007138
 0.001023 0.000001 0.000092 0.011937 0.000165 0.035338 0.000019 0.012064 0.000001 0.000110 0.000001 0.000019 0.006498 0.000457 0.000110 0.014582 0.001205 0.000147 0.000001 0.916228
 0.001023 0.000001 0.000092 0.921028 0.000165 0.035338 0.000019 0.012064 0.000001 0.000110 0.000001 0.000019 0.006498 0.000457 0.000110 0.014582 0.001205 0.000147 0.000001 0.007138
 0.001023 0.000001 0.000092 0.921028 0.000165 0.035338 0.000019 0.012064 0.000001 0.000110 0.000001 0.000019 0.006498 0.000457 0.000110 0.014582 0.001205 0.000147 0.000001 0.007138
 0.001023 0.000001 0.000092 0.011937 0.000165 0.035338 0.000019 0.921155 0.000001 0.000110 0.000001 0.000019 0.006498 0.000457 0.000110 0.014582 0.001205 0.000147 0.000001 0.007138
 0.001023 0.000001 0.000092 0.011937 0.000165 0.035338 0.000019 0.921155 0.000001 0.000110 0.000001 0.000019 0.006498 0.000457 0.000110 0.014582 0.001205 0.000147 0.000001 0.007138
 0.001023 0.000001 0.000092 0.011937 0.000165 0.035338 0.000019 0.012064 0.000001 0.000110 0.000001 0.000019 0.006498 0.000457 0.000110 0.923673 0.001205 0.000147 0.000001 0.007138
 0.001023 0.000001 0.000092 0.011937 0.000165 0.035338 0.000019 0.012064 0.000001 0.909201 0.000001 0.000019 0.006498 0.000457 0.000110 0.014582 0.001205 0.000147 0.000001 0.007138
 0.001023 0.000001 0.000092 0.011937 0.000165 0.944428 0.000019 0.012064 0.000001 0.000110 0.000001 0.000019 0.006498 0.000457 0.000110 0.014582 0.001205 0.000147 0.000001 0.007138
 0.001023 0.000001 0.000092 0.011937 0.000165 0.035338 0.000019 0.012064 0.000001 0.000110 0.000001 0.000019 0.915589 0.000457 0.000110 0.014582 0.001205 0.000147 0.000001 0.007138
 0.001023 0.000001 0.000092 0.011937 0.000165 0.944428 0.000019 0.012064 0.000001 0.000110 0.000001 0.000019 0.006498 0.000457 0.000110 0.014582 0.001205 0.000147 0.000001 0.007138

MOTIF 2-GPG STREME-2
letter-probability matrix: alength= 20 w= 3 nsites= 60 E= 2.0e+000
 0.001023 0.000001 0.000092 0.011937 0.000165 0.944428 0.000019 0.012064 0.000001 0.000110 0.000001 0.000019 0.006498 0.000457 0.000110 0.014582 0.001205 0.000147 0.000001 0.007138
 0.001023 0.000001 0.000092 0.011937 0.000165 0.035338 0.000019 0.012064 0.000001 0.000110 0.000001 0.000019 0.915589 0.000457 0.000110 0.014582 0.001205 0.000147 0.000001 0.007138
 0.001023 0.000001 0.000092 0.011937 0.000165 0.944428 0.000019 0.012064 0.000001 0.000110 0.000001 0.000019 0.006498 0.000457 0.000110 0.014582 0.001205 0.000147 0.000001 0.007138

MOTIF 3-RPG STREME-3
letter-probability matrix: alength= 20 w= 3 nsites= 2 E= 4.0e+000
 0.001023 0.000001 0.000092 0.011937 0.000165 0.035338 0.000019 0.012064 0.000001 0.000110 0.000001 0.000019 0.006498 0.000457 0.909201 0.014582 0.001205 0.000147 0.000001 0.007138
 0.001023 0.000001 0.000092 0.011937 0.000165 0.035338 0.000019 0.012064 0.000001 0.000110 0.000001 0.000019 0.915589 0.000457 0.000110 0.014582 0.001205 0.000147 0.000001 0.007138
 0.001023 0.000001 0.000092 0.011937 0.000165 0.944428 0.000019 0.012064 0.000001 0.000110 0.000001 0.000019 0.006498 0.000457 0.000110 0.014582 0.001205 0.000147 0.000001 0.007138

MOTIF 4-SGV STREME-4
letter-probability matrix: alength= 20 w= 3 nsites= 1 E= 4.0e+000
 0.001023 0.000001 0.000092 0.011937 0.000165 0.035338 0.000019 0.012064 0.000001 0.000110 0.000001 0.000019 0.006498 0.000457 0.000110 0.923673 0.001205 0.000147 0.000001 0.007138
 0.001023 0.000001 0.000092 0.011937 0.000165 0.944428 0.000019 0.012064 0.000001 0.000110 0.000001 0.000019 0.006498 0.000457 0.000110 0.014582 0.001205 0.000147 0.000001 0.007138
 0.001023 0.000001 0.000092 0.011937 0.000165 0.035338 0.000019 0.012064 0.000001 0.000110 0.000001 0.000019 0.006498 0.000457 0.000110 0.014582 0.001205 0.909238 0.000001 0.007138

********************************************************************************
Stopped because 3 consecutive motifs exceeded the p-value threshold (0.05).
********************************************************************************
COMMAND:	streme --protein --p ./Data/v1_cluster_windows_15mers/cluster_3791.fasta --minw 3 --maxw 15 --thresh 0.05 --oc ./Results/v1_Top500_Run_20250504_162200/streme_out_cluster_3791
********************************************************************************
CPU:		Hirokis-MacBook-Air.local
********************************************************************************
FINALTIME:	0.41 seconds
********************************************************************************
