********************************************************************************
STREME - Sensitive, Thorough, Rapid, Enriched Motif Elicitation
********************************************************************************
MEME version 5.5.7 (Release date: Wed Jun 19 13:59:04 2024 -0700)

For further information on how to interpret these results please access https://meme-suite.org/meme.
To get a copy of the MEME Suite software please access https://meme-suite.org.

********************************************************************************


********************************************************************************
REFERENCE
********************************************************************************
If you use this program in your research, please cite:

Timothy L. Bailey,
"STREME: accurate and versatile sequence motif discovery",
Bioinformatics, Mar. 24, 2021.
********************************************************************************


ALPHABET= ACDEFGHIKLMNPQRSTVWY

strands: +

Background letter frequencies
A 0.177 C 5.37e-05 D 5.37e-05 E 5.37e-05 F 0.00113 G 0.182 H 5.37e-05 I 0.0022 K 5.37e-05 L 0.131 M 0.0022 N 0.125 P 0.00113 Q 0.0666 R 5.37e-05 S 0.187 T 0.0022 V 0.122 W 5.37e-05 Y 5.37e-05 

MOTIF 1-NGAAVSGALNSLVSQ STREME-1
letter-probability matrix: alength= 20 w= 15 nsites= 62 E= 1.1e-003
 0.016118 0.000005 0.000005 0.000005 0.000103 0.016508 0.000005 0.000200 0.000005 0.011918 0.000200 0.920427 0.000103 0.006059 0.000005 0.016990 0.000200 0.011136 0.000005 0.000005
 0.016118 0.000005 0.000005 0.000005 0.000103 0.925599 0.000005 0.000200 0.000005 0.011918 0.000200 0.011336 0.000103 0.006059 0.000005 0.016990 0.000200 0.011136 0.000005 0.000005
 0.925208 0.000005 0.000005 0.000005 0.000103 0.016508 0.000005 0.000200 0.000005 0.011918 0.000200 0.011336 0.000103 0.006059 0.000005 0.016990 0.000200 0.011136 0.000005 0.000005
 0.925208 0.000005 0.000005 0.000005 0.000103 0.016508 0.000005 0.000200 0.000005 0.011918 0.000200 0.011336 0.000103 0.006059 0.000005 0.016990 0.000200 0.011136 0.000005 0.000005
 0.016118 0.000005 0.000005 0.000005 0.000103 0.016508 0.000005 0.000200 0.000005 0.011918 0.000200 0.011336 0.000103 0.006059 0.000005 0.016990 0.000200 0.920227 0.000005 0.000005
 0.016118 0.000005 0.000005 0.000005 0.000103 0.016508 0.000005 0.000200 0.000005 0.011918 0.000200 0.011336 0.000103 0.006059 0.000005 0.926081 0.000200 0.011136 0.000005 0.000005
 0.016118 0.000005 0.000005 0.000005 0.000103 0.925599 0.000005 0.000200 0.000005 0.011918 0.000200 0.011336 0.000103 0.006059 0.000005 0.016990 0.000200 0.011136 0.000005 0.000005
 0.925208 0.000005 0.000005 0.000005 0.000103 0.016508 0.000005 0.000200 0.000005 0.011918 0.000200 0.011336 0.000103 0.006059 0.000005 0.016990 0.000200 0.011136 0.000005 0.000005
 0.016118 0.000005 0.000005 0.000005 0.000103 0.016508 0.000005 0.000200 0.000005 0.921009 0.000200 0.011336 0.000103 0.006059 0.000005 0.016990 0.000200 0.011136 0.000005 0.000005
 0.016118 0.000005 0.000005 0.000005 0.000103 0.016508 0.000005 0.000200 0.000005 0.011918 0.000200 0.920427 0.000103 0.006059 0.000005 0.016990 0.000200 0.011136 0.000005 0.000005
 0.016118 0.000005 0.000005 0.000005 0.000103 0.016508 0.000005 0.000200 0.000005 0.011918 0.000200 0.011336 0.000103 0.006059 0.000005 0.926081 0.000200 0.011136 0.000005 0.000005
 0.016118 0.000005 0.000005 0.000005 0.000103 0.016508 0.000005 0.000200 0.000005 0.921009 0.000200 0.011336 0.000103 0.006059 0.000005 0.016990 0.000200 0.011136 0.000005 0.000005
 0.016118 0.000005 0.000005 0.000005 0.000103 0.016508 0.000005 0.000200 0.000005 0.011918 0.000200 0.011336 0.000103 0.006059 0.000005 0.016990 0.000200 0.920227 0.000005 0.000005
 0.016118 0.000005 0.000005 0.000005 0.000103 0.016508 0.000005 0.000200 0.000005 0.011918 0.000200 0.011336 0.000103 0.006059 0.000005 0.926081 0.000200 0.011136 0.000005 0.000005
 0.016118 0.000005 0.000005 0.000005 0.000103 0.016508 0.000005 0.000200 0.000005 0.011918 0.000200 0.011336 0.000103 0.915150 0.000005 0.016990 0.000200 0.011136 0.000005 0.000005

********************************************************************************
Stopped because the next motif had no positive sites with scores > 0.
********************************************************************************
COMMAND:	streme --protein --p ./Data/v1_cluster_windows_15mers/cluster_22011.fasta --minw 3 --maxw 15 --thresh 0.05 --oc ./Results/v1_Top500_Run_20250504_162200/streme_out_cluster_22011
********************************************************************************
CPU:		Hirokis-MacBook-Air.local
********************************************************************************
FINALTIME:	0.14 seconds
********************************************************************************
