********************************************************************************
STREME - Sensitive, Thorough, Rapid, Enriched Motif Elicitation
********************************************************************************
MEME version 5.5.7 (Release date: Wed Jun 19 13:59:04 2024 -0700)

For further information on how to interpret these results please access https://meme-suite.org/meme.
To get a copy of the MEME Suite software please access https://meme-suite.org.

********************************************************************************


********************************************************************************
REFERENCE
********************************************************************************
If you use this program in your research, please cite:

Timothy L. Bailey,
"STREME: accurate and versatile sequence motif discovery",
Bioinformatics, Mar. 24, 2021.
********************************************************************************


ALPHABET= ACDEFGHIKLMNPQRSTVWY

strands: +

Background letter frequencies
A 0.734 C 4.5e-05 D 4.5e-05 E 4.5e-05 F 4.5e-05 G 0.131 H 4.5e-05 I 4.5e-05 K 0.000945 L 4.5e-05 M 4.5e-05 N 0.00545 P 0.0108 Q 0.0585 R 4.5e-05 S 0.0441 T 4.5e-05 V 4.5e-05 W 4.5e-05 Y 0.0135 

MOTIF 1-AAAAAAA STREME-1
letter-probability matrix: alength= 20 w= 7 nsites= 73 E= 4.2e-002
 0.975862 0.000004 0.000004 0.000004 0.000004 0.011954 0.000004 0.000004 0.000086 0.000004 0.000004 0.000495 0.000986 0.005323 0.000004 0.004014 0.000004 0.000004 0.000004 0.001232
 0.975862 0.000004 0.000004 0.000004 0.000004 0.011954 0.000004 0.000004 0.000086 0.000004 0.000004 0.000495 0.000986 0.005323 0.000004 0.004014 0.000004 0.000004 0.000004 0.001232
 0.975862 0.000004 0.000004 0.000004 0.000004 0.011954 0.000004 0.000004 0.000086 0.000004 0.000004 0.000495 0.000986 0.005323 0.000004 0.004014 0.000004 0.000004 0.000004 0.001232
 0.975862 0.000004 0.000004 0.000004 0.000004 0.011954 0.000004 0.000004 0.000086 0.000004 0.000004 0.000495 0.000986 0.005323 0.000004 0.004014 0.000004 0.000004 0.000004 0.001232
 0.975862 0.000004 0.000004 0.000004 0.000004 0.011954 0.000004 0.000004 0.000086 0.000004 0.000004 0.000495 0.000986 0.005323 0.000004 0.004014 0.000004 0.000004 0.000004 0.001232
 0.975862 0.000004 0.000004 0.000004 0.000004 0.011954 0.000004 0.000004 0.000086 0.000004 0.000004 0.000495 0.000986 0.005323 0.000004 0.004014 0.000004 0.000004 0.000004 0.001232
 0.975862 0.000004 0.000004 0.000004 0.000004 0.011954 0.000004 0.000004 0.000086 0.000004 0.000004 0.000495 0.000986 0.005323 0.000004 0.004014 0.000004 0.000004 0.000004 0.001232

MOTIF 2-GPGS STREME-2
letter-probability matrix: alength= 20 w= 4 nsites= 21 E= 9.2e-001
 0.066771 0.000004 0.000004 0.000004 0.000004 0.921045 0.000004 0.000004 0.000086 0.000004 0.000004 0.000495 0.000986 0.005323 0.000004 0.004014 0.000004 0.000004 0.000004 0.001232
 0.066771 0.000004 0.000004 0.000004 0.000004 0.011954 0.000004 0.000004 0.000086 0.000004 0.000004 0.000495 0.910077 0.005323 0.000004 0.004014 0.000004 0.000004 0.000004 0.001232
 0.066771 0.000004 0.000004 0.000004 0.000004 0.921045 0.000004 0.000004 0.000086 0.000004 0.000004 0.000495 0.000986 0.005323 0.000004 0.004014 0.000004 0.000004 0.000004 0.001232
 0.066771 0.000004 0.000004 0.000004 0.000004 0.011954 0.000004 0.000004 0.000086 0.000004 0.000004 0.000495 0.000986 0.005323 0.000004 0.913104 0.000004 0.000004 0.000004 0.001232

MOTIF 3-GQG STREME-3
letter-probability matrix: alength= 20 w= 3 nsites= 25 E= 4.0e+000
 0.066771 0.000004 0.000004 0.000004 0.000004 0.921045 0.000004 0.000004 0.000086 0.000004 0.000004 0.000495 0.000986 0.005323 0.000004 0.004014 0.000004 0.000004 0.000004 0.001232
 0.066771 0.000004 0.000004 0.000004 0.000004 0.011954 0.000004 0.000004 0.000086 0.000004 0.000004 0.000495 0.000986 0.914413 0.000004 0.004014 0.000004 0.000004 0.000004 0.001232
 0.066771 0.000004 0.000004 0.000004 0.000004 0.921045 0.000004 0.000004 0.000086 0.000004 0.000004 0.000495 0.000986 0.005323 0.000004 0.004014 0.000004 0.000004 0.000004 0.001232

MOTIF 4-QQG STREME-4
letter-probability matrix: alength= 20 w= 3 nsites= 8 E= 4.0e+000
 0.066771 0.000004 0.000004 0.000004 0.000004 0.011954 0.000004 0.000004 0.000086 0.000004 0.000004 0.000495 0.000986 0.914413 0.000004 0.004014 0.000004 0.000004 0.000004 0.001232
 0.066771 0.000004 0.000004 0.000004 0.000004 0.011954 0.000004 0.000004 0.000086 0.000004 0.000004 0.000495 0.000986 0.914413 0.000004 0.004014 0.000004 0.000004 0.000004 0.001232
 0.066771 0.000004 0.000004 0.000004 0.000004 0.921045 0.000004 0.000004 0.000086 0.000004 0.000004 0.000495 0.000986 0.005323 0.000004 0.004014 0.000004 0.000004 0.000004 0.001232

********************************************************************************
Stopped because 3 consecutive motifs exceeded the p-value threshold (0.05).
********************************************************************************
COMMAND:	streme --protein --p ./Data/v1_cluster_windows_15mers/cluster_21708.fasta --minw 3 --maxw 15 --thresh 0.05 --oc ./Results/v1_Top500_Run_20250504_162200/streme_out_cluster_21708
********************************************************************************
CPU:		Hirokis-MacBook-Air.local
********************************************************************************
FINALTIME:	0.20 seconds
********************************************************************************
