********************************************************************************
STREME - Sensitive, Thorough, Rapid, Enriched Motif Elicitation
********************************************************************************
MEME version 5.5.7 (Release date: Wed Jun 19 13:59:04 2024 -0700)

For further information on how to interpret these results please access https://meme-suite.org/meme.
To get a copy of the MEME Suite software please access https://meme-suite.org.

********************************************************************************


********************************************************************************
REFERENCE
********************************************************************************
If you use this program in your research, please cite:

Timothy L. Bailey,
"STREME: accurate and versatile sequence motif discovery",
Bioinformatics, Mar. 24, 2021.
********************************************************************************


ALPHABET= ACDEFGHIKLMNPQRSTVWY

strands: +

Background letter frequencies
A 0.0975 C 2.21e-05 D 0.00841 E 0.00223 F 0.00223 G 0.124 H 2.21e-05 I 0.0786 K 0.00135 L 0.00399 M 0.000463 N 2.21e-05 P 0.0803 Q 0.102 R 2.21e-05 S 0.354 T 0.00267 V 0.00797 W 2.21e-05 Y 0.133 

MOTIF 1-YPGQQGYSSSSSAIS STREME-1
letter-probability matrix: alength= 20 w= 15 nsites= 151 E= 1.3e-008
 0.000102 0.000000 0.000009 0.000002 0.007242 0.000130 0.000000 0.000082 0.000001 0.000004 0.000000 0.000000 0.000084 0.000107 0.000000 0.000370 0.000003 0.000008 0.000000 0.991854
 0.087527 0.000000 0.065441 0.007242 0.000002 0.000130 0.000000 0.000082 0.000001 0.000004 0.000000 0.000000 0.758636 0.000107 0.000000 0.080675 0.000003 0.000008 0.000000 0.000139
 0.014621 0.000000 0.058555 0.007242 0.000002 0.889704 0.000000 0.000082 0.000001 0.000004 0.000000 0.000000 0.000084 0.000107 0.000000 0.029446 0.000003 0.000008 0.000000 0.000139
 0.000102 0.000000 0.000009 0.014482 0.000002 0.000130 0.000000 0.000082 0.021760 0.000004 0.000000 0.000000 0.000084 0.962824 0.000000 0.000370 0.000003 0.000008 0.000000 0.000139
 0.000102 0.000000 0.000009 0.000002 0.000002 0.000130 0.000000 0.000082 0.000001 0.007244 0.000000 0.000000 0.392975 0.584413 0.000000 0.014889 0.000003 0.000008 0.000000 0.000139
 0.000102 0.000000 0.000009 0.007242 0.000002 0.977365 0.000000 0.000082 0.000001 0.007244 0.000000 0.000000 0.000084 0.000107 0.000000 0.000370 0.007243 0.000008 0.000000 0.000139
 0.000102 0.000000 0.000009 0.000002 0.000002 0.000130 0.000000 0.000082 0.000001 0.000004 0.000000 0.000000 0.000084 0.000107 0.000000 0.000370 0.000003 0.000008 0.000000 0.999094
 0.000102 0.000000 0.000009 0.000002 0.000002 0.000130 0.000000 0.000082 0.000001 0.000004 0.000000 0.000000 0.000084 0.000107 0.000000 0.999326 0.000003 0.000008 0.000000 0.000139
 0.000102 0.000000 0.000009 0.000002 0.000002 0.000130 0.000000 0.000082 0.000001 0.000004 0.000000 0.000000 0.000084 0.000107 0.000000 0.999326 0.000003 0.000008 0.000000 0.000139
 0.000102 0.000000 0.000009 0.000002 0.000002 0.000130 0.000000 0.000082 0.000001 0.000004 0.000000 0.000000 0.014603 0.000107 0.000000 0.984807 0.000003 0.000008 0.000000 0.000139
 0.087254 0.000000 0.000009 0.000002 0.000002 0.000130 0.000000 0.000082 0.000001 0.000004 0.000000 0.000000 0.000084 0.000107 0.000000 0.897693 0.014483 0.000008 0.000000 0.000139
 0.021938 0.000000 0.000009 0.000002 0.000002 0.000130 0.000000 0.285236 0.000001 0.000004 0.007240 0.000000 0.000084 0.000107 0.000000 0.612462 0.007243 0.065402 0.000000 0.000139
 0.788202 0.000000 0.000009 0.000002 0.000002 0.000130 0.000000 0.043677 0.000001 0.000004 0.000000 0.000000 0.000084 0.000107 0.000000 0.167630 0.000003 0.000008 0.000000 0.000139
 0.043697 0.000000 0.000009 0.000002 0.021761 0.000130 0.000000 0.832013 0.000001 0.043678 0.000000 0.000000 0.000084 0.000107 0.000000 0.022129 0.000003 0.036247 0.000000 0.000139
 0.411033 0.000000 0.007249 0.000002 0.000002 0.000130 0.000000 0.043677 0.000001 0.000004 0.000000 0.000000 0.014603 0.000107 0.000000 0.523041 0.000003 0.000008 0.000000 0.000139

MOTIF 2-IAI STREME-2
letter-probability matrix: alength= 20 w= 3 nsites= 6 E= 2.0e+000
 0.008868 0.000002 0.000764 0.000203 0.000203 0.011317 0.000002 0.916233 0.000122 0.000363 0.000042 0.000002 0.007303 0.009308 0.000002 0.032216 0.000243 0.000724 0.000002 0.012081
 0.917958 0.000002 0.000764 0.000203 0.000203 0.011317 0.000002 0.007142 0.000122 0.000363 0.000042 0.000002 0.007303 0.009308 0.000002 0.032216 0.000243 0.000724 0.000002 0.012081
 0.008868 0.000002 0.000764 0.000203 0.000203 0.011317 0.000002 0.916233 0.000122 0.000363 0.000042 0.000002 0.007303 0.009308 0.000002 0.032216 0.000243 0.000724 0.000002 0.012081

********************************************************************************
Stopped because the next motif had no positive sites with scores > 0.
********************************************************************************
COMMAND:	streme --protein --p ./Data/v1_cluster_windows_15mers/cluster_14591.fasta --minw 3 --maxw 15 --thresh 0.05 --oc ./Results/v1_Top500_Run_20250504_162200/streme_out_cluster_14591
********************************************************************************
CPU:		Hirokis-MacBook-Air.local
********************************************************************************
FINALTIME:	0.27 seconds
********************************************************************************
