********************************************************************************
STREME - Sensitive, Thorough, Rapid, Enriched Motif Elicitation
********************************************************************************
MEME version 5.5.7 (Release date: Wed Jun 19 13:59:04 2024 -0700)

For further information on how to interpret these results please access https://meme-suite.org/meme.
To get a copy of the MEME Suite software please access https://meme-suite.org.

********************************************************************************


********************************************************************************
REFERENCE
********************************************************************************
If you use this program in your research, please cite:

Timothy L. Bailey,
"STREME: accurate and versatile sequence motif discovery",
Bioinformatics, Mar. 24, 2021.
********************************************************************************


ALPHABET= ACDEFGHIKLMNPQRSTVWY

strands: +

Background letter frequencies
A 0.104 C 6.4e-05 D 6.4e-05 E 6.4e-05 F 6.4e-05 G 0.572 H 6.4e-05 I 6.4e-05 K 6.4e-05 L 0.00134 M 0.00134 N 6.4e-05 P 6.4e-05 Q 0.152 R 0.00647 S 0.0193 T 0.00134 V 0.0103 W 6.4e-05 Y 0.131 

MOTIF 1-GQGGYGGGA STREME-1
letter-probability matrix: alength= 20 w= 9 nsites= 52 E= 2.0e-002
 0.000265 0.000000 0.000000 0.000000 0.000000 0.963489 0.000000 0.000000 0.000000 0.000003 0.000003 0.000000 0.000000 0.000389 0.017726 0.017759 0.000003 0.000026 0.000000 0.000334
 0.000265 0.000000 0.000000 0.000000 0.000000 0.001462 0.000000 0.000000 0.000000 0.000003 0.000003 0.000000 0.000000 0.925302 0.072549 0.000049 0.000003 0.000026 0.000000 0.000334
 0.000265 0.000000 0.000000 0.000000 0.000000 0.981198 0.000000 0.000000 0.000000 0.000003 0.017713 0.000000 0.000000 0.000389 0.000017 0.000049 0.000003 0.000026 0.000000 0.000334
 0.000265 0.000000 0.000000 0.000000 0.000000 0.998907 0.000000 0.000000 0.000000 0.000003 0.000003 0.000000 0.000000 0.000389 0.000017 0.000049 0.000003 0.000026 0.000000 0.000334
 0.000265 0.000000 0.000000 0.000000 0.000000 0.001462 0.000000 0.000000 0.000000 0.000003 0.000003 0.000000 0.000000 0.000389 0.000017 0.000049 0.000003 0.000026 0.000000 0.997779
 0.000265 0.000000 0.000000 0.000000 0.000000 0.998907 0.000000 0.000000 0.000000 0.000003 0.000003 0.000000 0.000000 0.000389 0.000017 0.000049 0.000003 0.000026 0.000000 0.000334
 0.000265 0.000000 0.000000 0.000000 0.000000 0.998907 0.000000 0.000000 0.000000 0.000003 0.000003 0.000000 0.000000 0.000389 0.000017 0.000049 0.000003 0.000026 0.000000 0.000334
 0.000265 0.000000 0.000000 0.000000 0.000000 0.998907 0.000000 0.000000 0.000000 0.000003 0.000003 0.000000 0.000000 0.000389 0.000017 0.000049 0.000003 0.000026 0.000000 0.000334
 0.818369 0.000000 0.000000 0.000000 0.000000 0.037158 0.000000 0.000000 0.000000 0.000003 0.000003 0.000000 0.000000 0.036085 0.000017 0.017759 0.000003 0.000026 0.000000 0.090575

MOTIF 2-YGGQG STREME-2
letter-probability matrix: alength= 20 w= 5 nsites= 49 E= 1.2e-001
 0.000377 0.000000 0.000000 0.000000 0.000000 0.002081 0.000000 0.000000 0.000000 0.000005 0.000005 0.000000 0.000000 0.000554 0.000024 0.000070 0.000005 0.000037 0.000000 0.996840
 0.000377 0.000000 0.000000 0.000000 0.000000 0.973245 0.000000 0.000000 0.000000 0.000005 0.000005 0.000000 0.000000 0.000554 0.000024 0.025270 0.000005 0.000037 0.000000 0.000475
 0.000377 0.000000 0.000000 0.000000 0.000000 0.998445 0.000000 0.000000 0.000000 0.000005 0.000005 0.000000 0.000000 0.000554 0.000024 0.000070 0.000005 0.000037 0.000000 0.000475
 0.000377 0.000000 0.000000 0.000000 0.000000 0.002081 0.000000 0.000000 0.000000 0.000005 0.000005 0.000000 0.000000 0.996918 0.000024 0.000070 0.000005 0.000037 0.000000 0.000475
 0.000377 0.000000 0.000000 0.000000 0.000000 0.574871 0.000000 0.000000 0.000000 0.000005 0.000005 0.000000 0.000000 0.398928 0.000024 0.025270 0.000005 0.000037 0.000000 0.000475

MOTIF 3-GGSAA STREME-3
letter-probability matrix: alength= 20 w= 5 nsites= 1 E= 5.0e+000
 0.013087 0.000008 0.000008 0.000008 0.000008 0.946087 0.000008 0.000008 0.000008 0.000169 0.000169 0.000008 0.000008 0.019214 0.000815 0.002430 0.000169 0.001300 0.000008 0.016478
 0.013087 0.000008 0.000008 0.000008 0.000008 0.946087 0.000008 0.000008 0.000008 0.000169 0.000169 0.000008 0.000008 0.019214 0.000815 0.002430 0.000169 0.001300 0.000008 0.016478
 0.013087 0.000008 0.000008 0.000008 0.000008 0.072167 0.000008 0.000008 0.000008 0.000169 0.000169 0.000008 0.000008 0.019214 0.000815 0.876350 0.000169 0.001300 0.000008 0.016478
 0.887007 0.000008 0.000008 0.000008 0.000008 0.072167 0.000008 0.000008 0.000008 0.000169 0.000169 0.000008 0.000008 0.019214 0.000815 0.002430 0.000169 0.001300 0.000008 0.016478
 0.887007 0.000008 0.000008 0.000008 0.000008 0.072167 0.000008 0.000008 0.000008 0.000169 0.000169 0.000008 0.000008 0.019214 0.000815 0.002430 0.000169 0.001300 0.000008 0.016478

MOTIF 4-YGVQ STREME-4
letter-probability matrix: alength= 20 w= 4 nsites= 1 E= 5.0e+000
 0.013087 0.000008 0.000008 0.000008 0.000008 0.072167 0.000008 0.000008 0.000008 0.000169 0.000169 0.000008 0.000008 0.019214 0.000815 0.002430 0.000169 0.001300 0.000008 0.890398
 0.013087 0.000008 0.000008 0.000008 0.000008 0.946087 0.000008 0.000008 0.000008 0.000169 0.000169 0.000008 0.000008 0.019214 0.000815 0.002430 0.000169 0.001300 0.000008 0.016478
 0.013087 0.000008 0.000008 0.000008 0.000008 0.072167 0.000008 0.000008 0.000008 0.000169 0.000169 0.000008 0.000008 0.019214 0.000815 0.002430 0.000169 0.875220 0.000008 0.016478
 0.013087 0.000008 0.000008 0.000008 0.000008 0.072167 0.000008 0.000008 0.000008 0.000169 0.000169 0.000008 0.000008 0.893134 0.000815 0.002430 0.000169 0.001300 0.000008 0.016478

MOTIF 5-GAGA STREME-5
letter-probability matrix: alength= 20 w= 4 nsites= 1 E= 5.0e+000
 0.009436 0.000006 0.000006 0.000006 0.000006 0.961126 0.000006 0.000006 0.000006 0.000122 0.000122 0.000006 0.000006 0.013854 0.000588 0.001752 0.000122 0.000937 0.000006 0.011882
 0.918527 0.000006 0.000006 0.000006 0.000006 0.052035 0.000006 0.000006 0.000006 0.000122 0.000122 0.000006 0.000006 0.013854 0.000588 0.001752 0.000122 0.000937 0.000006 0.011882
 0.009436 0.000006 0.000006 0.000006 0.000006 0.961126 0.000006 0.000006 0.000006 0.000122 0.000122 0.000006 0.000006 0.013854 0.000588 0.001752 0.000122 0.000937 0.000006 0.011882
 0.918527 0.000006 0.000006 0.000006 0.000006 0.052035 0.000006 0.000006 0.000006 0.000122 0.000122 0.000006 0.000006 0.013854 0.000588 0.001752 0.000122 0.000937 0.000006 0.011882

********************************************************************************
Stopped because 3 consecutive motifs exceeded the p-value threshold (0.05).
********************************************************************************
COMMAND:	streme --protein --p ./Data/v1_cluster_windows_15mers/cluster_9617.fasta --minw 3 --maxw 15 --thresh 0.05 --oc ./Results/v1_Top500_Run_20250504_162200/streme_out_cluster_9617
********************************************************************************
CPU:		Hirokis-MacBook-Air.local
********************************************************************************
FINALTIME:	0.15 seconds
********************************************************************************
