********************************************************************************
STREME - Sensitive, Thorough, Rapid, Enriched Motif Elicitation
********************************************************************************
MEME version 5.5.7 (Release date: Wed Jun 19 13:59:04 2024 -0700)

For further information on how to interpret these results please access https://meme-suite.org/meme.
To get a copy of the MEME Suite software please access https://meme-suite.org.

********************************************************************************


********************************************************************************
REFERENCE
********************************************************************************
If you use this program in your research, please cite:

Timothy L. Bailey,
"STREME: accurate and versatile sequence motif discovery",
Bioinformatics, Mar. 24, 2021.
********************************************************************************


ALPHABET= ACDEFGHIKLMNPQRSTVWY

strands: +

Background letter frequencies
A 0.216 C 8.32e-05 D 8.32e-05 E 0.065 F 8.32e-05 G 8.32e-05 H 8.32e-05 I 8.32e-05 K 8.32e-05 L 0.131 M 8.32e-05 N 0.00175 P 0.065 Q 0.0616 R 0.0666 S 0.203 T 0.185 V 0.00341 W 8.32e-05 Y 8.32e-05 

MOTIF 1-LASTAARLSS STREME-1
letter-probability matrix: alength= 20 w= 10 nsites= 40 S= 9.3e-024
 0.019672 0.000008 0.000008 0.005907 0.000008 0.000008 0.000008 0.000008 0.000008 0.921045 0.000008 0.000159 0.005907 0.005604 0.006058 0.018463 0.016799 0.000310 0.000008 0.000008
 0.928763 0.000008 0.000008 0.005907 0.000008 0.000008 0.000008 0.000008 0.000008 0.011954 0.000008 0.000159 0.005907 0.005604 0.006058 0.018463 0.016799 0.000310 0.000008 0.000008
 0.019672 0.000008 0.000008 0.005907 0.000008 0.000008 0.000008 0.000008 0.000008 0.011954 0.000008 0.000159 0.005907 0.005604 0.006058 0.927554 0.016799 0.000310 0.000008 0.000008
 0.019672 0.000008 0.000008 0.005907 0.000008 0.000008 0.000008 0.000008 0.000008 0.011954 0.000008 0.000159 0.005907 0.005604 0.006058 0.018463 0.925890 0.000310 0.000008 0.000008
 0.928763 0.000008 0.000008 0.005907 0.000008 0.000008 0.000008 0.000008 0.000008 0.011954 0.000008 0.000159 0.005907 0.005604 0.006058 0.018463 0.016799 0.000310 0.000008 0.000008
 0.928763 0.000008 0.000008 0.005907 0.000008 0.000008 0.000008 0.000008 0.000008 0.011954 0.000008 0.000159 0.005907 0.005604 0.006058 0.018463 0.016799 0.000310 0.000008 0.000008
 0.019672 0.000008 0.000008 0.005907 0.000008 0.000008 0.000008 0.000008 0.000008 0.011954 0.000008 0.000159 0.005907 0.005604 0.915149 0.018463 0.016799 0.000310 0.000008 0.000008
 0.019672 0.000008 0.000008 0.005907 0.000008 0.000008 0.000008 0.000008 0.000008 0.921045 0.000008 0.000159 0.005907 0.005604 0.006058 0.018463 0.016799 0.000310 0.000008 0.000008
 0.019672 0.000008 0.000008 0.005907 0.000008 0.000008 0.000008 0.000008 0.000008 0.011954 0.000008 0.000159 0.005907 0.005604 0.006058 0.927554 0.016799 0.000310 0.000008 0.000008
 0.019672 0.000008 0.000008 0.005907 0.000008 0.000008 0.000008 0.000008 0.000008 0.011954 0.000008 0.000159 0.005907 0.005604 0.006058 0.927554 0.016799 0.000310 0.000008 0.000008

MOTIF 2-PEA STREME-2
letter-probability matrix: alength= 20 w= 3 nsites= 37 S= 1.1e-019
 0.019672 0.000008 0.000008 0.005907 0.000008 0.000008 0.000008 0.000008 0.000008 0.011954 0.000008 0.000159 0.914998 0.005604 0.006058 0.018463 0.016799 0.000310 0.000008 0.000008
 0.019672 0.000008 0.000008 0.914998 0.000008 0.000008 0.000008 0.000008 0.000008 0.011954 0.000008 0.000159 0.005907 0.005604 0.006058 0.018463 0.016799 0.000310 0.000008 0.000008
 0.928763 0.000008 0.000008 0.005907 0.000008 0.000008 0.000008 0.000008 0.000008 0.011954 0.000008 0.000159 0.005907 0.005604 0.006058 0.018463 0.016799 0.000310 0.000008 0.000008

MOTIF 3-AAVS STREME-3
letter-probability matrix: alength= 20 w= 4 nsites= 1 S= 5.0e-001
 0.901203 0.000010 0.000010 0.008192 0.000010 0.000010 0.000010 0.000010 0.000010 0.016579 0.000010 0.000220 0.008192 0.007773 0.008402 0.025606 0.023299 0.000430 0.000010 0.000010
 0.901203 0.000010 0.000010 0.008192 0.000010 0.000010 0.000010 0.000010 0.000010 0.016579 0.000010 0.000220 0.008192 0.007773 0.008402 0.025606 0.023299 0.000430 0.000010 0.000010
 0.027283 0.000010 0.000010 0.008192 0.000010 0.000010 0.000010 0.000010 0.000010 0.016579 0.000010 0.000220 0.008192 0.007773 0.008402 0.025606 0.023299 0.874350 0.000010 0.000010
 0.027283 0.000010 0.000010 0.008192 0.000010 0.000010 0.000010 0.000010 0.000010 0.016579 0.000010 0.000220 0.008192 0.007773 0.008402 0.899526 0.023299 0.000430 0.000010 0.000010

MOTIF 4-AAA STREME-4
letter-probability matrix: alength= 20 w= 3 nsites= 1 S= 8.8e-001
 0.928763 0.000008 0.000008 0.005907 0.000008 0.000008 0.000008 0.000008 0.000008 0.011954 0.000008 0.000159 0.005907 0.005604 0.006058 0.018463 0.016799 0.000310 0.000008 0.000008
 0.928763 0.000008 0.000008 0.005907 0.000008 0.000008 0.000008 0.000008 0.000008 0.011954 0.000008 0.000159 0.005907 0.005604 0.006058 0.018463 0.016799 0.000310 0.000008 0.000008
 0.928763 0.000008 0.000008 0.005907 0.000008 0.000008 0.000008 0.000008 0.000008 0.011954 0.000008 0.000159 0.005907 0.005604 0.006058 0.018463 0.016799 0.000310 0.000008 0.000008

MOTIF 5-PAA STREME-5
letter-probability matrix: alength= 20 w= 3 nsites= 1 S= 9.4e-001
 0.019672 0.000008 0.000008 0.005907 0.000008 0.000008 0.000008 0.000008 0.000008 0.011954 0.000008 0.000159 0.914998 0.005604 0.006058 0.018463 0.016799 0.000310 0.000008 0.000008
 0.928763 0.000008 0.000008 0.005907 0.000008 0.000008 0.000008 0.000008 0.000008 0.011954 0.000008 0.000159 0.005907 0.005604 0.006058 0.018463 0.016799 0.000310 0.000008 0.000008
 0.928763 0.000008 0.000008 0.005907 0.000008 0.000008 0.000008 0.000008 0.000008 0.011954 0.000008 0.000159 0.005907 0.005604 0.006058 0.018463 0.016799 0.000310 0.000008 0.000008

********************************************************************************
Stopped because maximum number of motifs (5) reached.
********************************************************************************
COMMAND:	streme --protein --p ./Data/v1_cluster_windows_15mers/cluster_5014.fasta --minw 3 --maxw 15 --thresh 0.05 --oc ./Results/v1_Top500_Run_20250504_162200/streme_out_cluster_5014
********************************************************************************
CPU:		Hirokis-MacBook-Air.local
********************************************************************************
FINALTIME:	0.21 seconds
********************************************************************************
