********************************************************************************
STREME - Sensitive, Thorough, Rapid, Enriched Motif Elicitation
********************************************************************************
MEME version 5.5.7 (Release date: Wed Jun 19 13:59:04 2024 -0700)

For further information on how to interpret these results please access https://meme-suite.org/meme.
To get a copy of the MEME Suite software please access https://meme-suite.org.

********************************************************************************


********************************************************************************
REFERENCE
********************************************************************************
If you use this program in your research, please cite:

Timothy L. Bailey,
"STREME: accurate and versatile sequence motif discovery",
Bioinformatics, Mar. 24, 2021.
********************************************************************************


ALPHABET= ACDEFGHIKLMNPQRSTVWY

strands: +

Background letter frequencies
A 0.0729 C 6.28e-05 D 0.00383 E 0.00132 F 6.28e-05 G 0.437 H 6.28e-05 I 0.00383 K 0.00132 L 0.00258 M 6.28e-05 N 0.00634 P 0.111 Q 0.0893 R 0.00509 S 0.123 T 0.0679 V 0.0126 W 6.28e-05 Y 0.0616 

MOTIF 1-PGGQGTGGP STREME-1
letter-probability matrix: alength= 20 w= 9 nsites= 48 E= 1.6e-002
 0.161564 0.000000 0.000013 0.000004 0.000000 0.024446 0.000000 0.000013 0.023000 0.000009 0.000000 0.000021 0.559427 0.138271 0.000017 0.092743 0.000225 0.000042 0.000000 0.000204
 0.000242 0.000000 0.000013 0.000004 0.000000 0.928794 0.000000 0.046355 0.000004 0.000009 0.000000 0.000021 0.000367 0.000296 0.000017 0.023405 0.000225 0.000042 0.000000 0.000204
 0.000242 0.000000 0.023009 0.000004 0.000000 0.417855 0.000000 0.000013 0.000004 0.023004 0.000000 0.046364 0.115346 0.161969 0.000017 0.211700 0.000225 0.000042 0.000000 0.000204
 0.000242 0.000000 0.000013 0.000004 0.000000 0.001451 0.000000 0.000013 0.000004 0.000009 0.000000 0.000021 0.000367 0.441897 0.000017 0.185791 0.000225 0.000042 0.000000 0.369904
 0.000242 0.000000 0.000013 0.000004 0.000000 0.998133 0.000000 0.000013 0.000004 0.000009 0.000000 0.000021 0.000367 0.000296 0.000017 0.000409 0.000225 0.000042 0.000000 0.000204
 0.000242 0.000000 0.000013 0.000004 0.000000 0.001451 0.000000 0.000013 0.000004 0.000009 0.000000 0.000021 0.000367 0.000296 0.000017 0.000409 0.996908 0.000042 0.000000 0.000204
 0.000242 0.000000 0.000013 0.000004 0.000000 0.579177 0.000000 0.000013 0.000004 0.000009 0.000000 0.000021 0.000367 0.000296 0.000017 0.350377 0.000225 0.000042 0.000000 0.069192
 0.092225 0.000000 0.023009 0.000004 0.000000 0.744114 0.000000 0.000013 0.000004 0.000009 0.000000 0.000021 0.000367 0.046288 0.000017 0.093457 0.000225 0.000042 0.000000 0.000204
 0.092225 0.000000 0.000013 0.000004 0.000000 0.047442 0.000000 0.000013 0.000004 0.000009 0.000000 0.000021 0.419323 0.208674 0.000017 0.046400 0.000225 0.000042 0.000000 0.185587

MOTIF 2-AAAA STREME-2
letter-probability matrix: alength= 20 w= 4 nsites= 3 E= 4.0e+000
 0.915721 0.000006 0.000348 0.000120 0.000006 0.039747 0.000006 0.000348 0.000120 0.000234 0.000006 0.000577 0.010055 0.008115 0.000463 0.011200 0.006173 0.001148 0.000006 0.005602
 0.915721 0.000006 0.000348 0.000120 0.000006 0.039747 0.000006 0.000348 0.000120 0.000234 0.000006 0.000577 0.010055 0.008115 0.000463 0.011200 0.006173 0.001148 0.000006 0.005602
 0.915721 0.000006 0.000348 0.000120 0.000006 0.039747 0.000006 0.000348 0.000120 0.000234 0.000006 0.000577 0.010055 0.008115 0.000463 0.011200 0.006173 0.001148 0.000006 0.005602
 0.915721 0.000006 0.000348 0.000120 0.000006 0.039747 0.000006 0.000348 0.000120 0.000234 0.000006 0.000577 0.010055 0.008115 0.000463 0.011200 0.006173 0.001148 0.000006 0.005602

MOTIF 3-GQQGP STREME-3
letter-probability matrix: alength= 20 w= 5 nsites= 3 E= 4.0e+000
 0.006630 0.000006 0.000348 0.000120 0.000006 0.948838 0.000006 0.000348 0.000120 0.000234 0.000006 0.000577 0.010055 0.008115 0.000463 0.011200 0.006173 0.001148 0.000006 0.005602
 0.006630 0.000006 0.000348 0.000120 0.000006 0.039747 0.000006 0.000348 0.000120 0.000234 0.000006 0.000577 0.010055 0.917206 0.000463 0.011200 0.006173 0.001148 0.000006 0.005602
 0.006630 0.000006 0.000348 0.000120 0.000006 0.039747 0.000006 0.000348 0.000120 0.000234 0.000006 0.000577 0.010055 0.917206 0.000463 0.011200 0.006173 0.001148 0.000006 0.005602
 0.006630 0.000006 0.000348 0.000120 0.000006 0.948838 0.000006 0.000348 0.000120 0.000234 0.000006 0.000577 0.010055 0.008115 0.000463 0.011200 0.006173 0.001148 0.000006 0.005602
 0.006630 0.000006 0.000348 0.000120 0.000006 0.039747 0.000006 0.000348 0.000120 0.000234 0.000006 0.000577 0.919146 0.008115 0.000463 0.011200 0.006173 0.001148 0.000006 0.005602

MOTIF 4-GPGG STREME-4
letter-probability matrix: alength= 20 w= 4 nsites= 5 E= 4.0e+000
 0.006630 0.000006 0.000348 0.000120 0.000006 0.948838 0.000006 0.000348 0.000120 0.000234 0.000006 0.000577 0.010055 0.008115 0.000463 0.011200 0.006173 0.001148 0.000006 0.005602
 0.006630 0.000006 0.000348 0.000120 0.000006 0.039747 0.000006 0.000348 0.000120 0.000234 0.000006 0.000577 0.919146 0.008115 0.000463 0.011200 0.006173 0.001148 0.000006 0.005602
 0.006630 0.000006 0.000348 0.000120 0.000006 0.948838 0.000006 0.000348 0.000120 0.000234 0.000006 0.000577 0.010055 0.008115 0.000463 0.011200 0.006173 0.001148 0.000006 0.005602
 0.006630 0.000006 0.000348 0.000120 0.000006 0.948838 0.000006 0.000348 0.000120 0.000234 0.000006 0.000577 0.010055 0.008115 0.000463 0.011200 0.006173 0.001148 0.000006 0.005602

********************************************************************************
Stopped because 3 consecutive motifs exceeded the p-value threshold (0.05).
********************************************************************************
COMMAND:	streme --protein --p ./Data/v1_cluster_windows_15mers/cluster_6142.fasta --minw 3 --maxw 15 --thresh 0.05 --oc ./Results/v1_Top500_Run_20250504_162200/streme_out_cluster_6142
********************************************************************************
CPU:		Hirokis-MacBook-Air.local
********************************************************************************
FINALTIME:	0.22 seconds
********************************************************************************
