********************************************************************************
STREME - Sensitive, Thorough, Rapid, Enriched Motif Elicitation
********************************************************************************
MEME version 5.5.7 (Release date: Wed Jun 19 13:59:04 2024 -0700)

For further information on how to interpret these results please access https://meme-suite.org/meme.
To get a copy of the MEME Suite software please access https://meme-suite.org.

********************************************************************************


********************************************************************************
REFERENCE
********************************************************************************
If you use this program in your research, please cite:

Timothy L. Bailey,
"STREME: accurate and versatile sequence motif discovery",
Bioinformatics, Mar. 24, 2021.
********************************************************************************


ALPHABET= ACDEFGHIKLMNPQRSTVWY

strands: +

Background letter frequencies
A 0.119 C 5.84e-05 D 5.84e-05 E 0.0258 F 5.84e-05 G 0.0269 H 5.84e-05 I 0.0667 K 0.0024 L 5.84e-05 M 5.84e-05 N 0.00473 P 5.84e-05 Q 0.0445 R 0.0585 S 0.284 T 0.244 V 0.069 W 5.84e-05 Y 0.0538 

MOTIF 1-ASSASSSVTQTIRTY STREME-1
letter-probability matrix: alength= 20 w= 15 nsites= 56 E= 4.8e-002
 0.919928 0.000005 0.000005 0.002342 0.000005 0.002448 0.000005 0.006059 0.000218 0.000005 0.000005 0.000430 0.000005 0.004041 0.005316 0.025811 0.022201 0.006271 0.000005 0.004891
 0.010837 0.000005 0.000005 0.002342 0.000005 0.002448 0.000005 0.006059 0.000218 0.000005 0.000005 0.000430 0.000005 0.004041 0.005316 0.934902 0.022201 0.006271 0.000005 0.004891
 0.010837 0.000005 0.000005 0.002342 0.000005 0.002448 0.000005 0.006059 0.000218 0.000005 0.000005 0.000430 0.000005 0.004041 0.005316 0.934902 0.022201 0.006271 0.000005 0.004891
 0.919928 0.000005 0.000005 0.002342 0.000005 0.002448 0.000005 0.006059 0.000218 0.000005 0.000005 0.000430 0.000005 0.004041 0.005316 0.025811 0.022201 0.006271 0.000005 0.004891
 0.010837 0.000005 0.000005 0.002342 0.000005 0.002448 0.000005 0.006059 0.000218 0.000005 0.000005 0.000430 0.000005 0.004041 0.005316 0.934902 0.022201 0.006271 0.000005 0.004891
 0.010837 0.000005 0.000005 0.002342 0.000005 0.002448 0.000005 0.006059 0.000218 0.000005 0.000005 0.000430 0.000005 0.004041 0.005316 0.934902 0.022201 0.006271 0.000005 0.004891
 0.010837 0.000005 0.000005 0.002342 0.000005 0.002448 0.000005 0.006059 0.000218 0.000005 0.000005 0.000430 0.000005 0.004041 0.005316 0.934902 0.022201 0.006271 0.000005 0.004891
 0.010837 0.000005 0.000005 0.002342 0.000005 0.002448 0.000005 0.006059 0.000218 0.000005 0.000005 0.000430 0.000005 0.004041 0.005316 0.025811 0.022201 0.915362 0.000005 0.004891
 0.010837 0.000005 0.000005 0.002342 0.000005 0.002448 0.000005 0.006059 0.000218 0.000005 0.000005 0.000430 0.000005 0.004041 0.005316 0.025811 0.931292 0.006271 0.000005 0.004891
 0.010837 0.000005 0.000005 0.002342 0.000005 0.002448 0.000005 0.006059 0.000218 0.000005 0.000005 0.000430 0.000005 0.913132 0.005316 0.025811 0.022201 0.006271 0.000005 0.004891
 0.010837 0.000005 0.000005 0.002342 0.000005 0.002448 0.000005 0.006059 0.000218 0.000005 0.000005 0.000430 0.000005 0.004041 0.005316 0.025811 0.931292 0.006271 0.000005 0.004891
 0.010837 0.000005 0.000005 0.002342 0.000005 0.002448 0.000005 0.915150 0.000218 0.000005 0.000005 0.000430 0.000005 0.004041 0.005316 0.025811 0.022201 0.006271 0.000005 0.004891
 0.010837 0.000005 0.000005 0.002342 0.000005 0.002448 0.000005 0.006059 0.000218 0.000005 0.000005 0.000430 0.000005 0.004041 0.914407 0.025811 0.022201 0.006271 0.000005 0.004891
 0.010837 0.000005 0.000005 0.002342 0.000005 0.002448 0.000005 0.006059 0.000218 0.000005 0.000005 0.000430 0.000005 0.004041 0.005316 0.025811 0.931292 0.006271 0.000005 0.004891
 0.010837 0.000005 0.000005 0.002342 0.000005 0.002448 0.000005 0.006059 0.000218 0.000005 0.000005 0.000430 0.000005 0.004041 0.005316 0.025811 0.022201 0.006271 0.000005 0.913982

MOTIF 2-EIV STREME-2
letter-probability matrix: alength= 20 w= 3 nsites= 1 E= 2.0e+000
 0.015030 0.000007 0.000007 0.877168 0.000007 0.003396 0.000007 0.008404 0.000302 0.000007 0.000007 0.000597 0.000007 0.005605 0.007372 0.035797 0.030791 0.008698 0.000007 0.006784
 0.015030 0.000007 0.000007 0.003248 0.000007 0.003396 0.000007 0.882324 0.000302 0.000007 0.000007 0.000597 0.000007 0.005605 0.007372 0.035797 0.030791 0.008698 0.000007 0.006784
 0.015030 0.000007 0.000007 0.003248 0.000007 0.003396 0.000007 0.008404 0.000302 0.000007 0.000007 0.000597 0.000007 0.005605 0.007372 0.035797 0.030791 0.882618 0.000007 0.006784

********************************************************************************
Stopped because the next motif had no positive sites with scores > 0.
********************************************************************************
COMMAND:	streme --protein --p ./Data/v1_cluster_windows_15mers/cluster_18190.fasta --minw 3 --maxw 15 --thresh 0.05 --oc ./Results/v1_Top500_Run_20250504_162200/streme_out_cluster_18190
********************************************************************************
CPU:		Hirokis-MacBook-Air.local
********************************************************************************
FINALTIME:	0.12 seconds
********************************************************************************
