********************************************************************************
STREME - Sensitive, Thorough, Rapid, Enriched Motif Elicitation
********************************************************************************
MEME version 5.5.7 (Release date: Wed Jun 19 13:59:04 2024 -0700)

For further information on how to interpret these results please access https://meme-suite.org/meme.
To get a copy of the MEME Suite software please access https://meme-suite.org.

********************************************************************************


********************************************************************************
REFERENCE
********************************************************************************
If you use this program in your research, please cite:

Timothy L. Bailey,
"STREME: accurate and versatile sequence motif discovery",
Bioinformatics, Mar. 24, 2021.
********************************************************************************


ALPHABET= ACDEFGHIKLMNPQRSTVWY

strands: +

Background letter frequencies
A 0.318 C 4.56e-05 D 0.0265 E 0.0192 F 0.00826 G 0.216 H 0.00187 I 0.00643 K 0.00278 L 0.0238 M 0.000958 N 0.00643 P 0.0666 Q 0.00826 R 0.0219 S 0.143 T 0.0539 V 0.0749 W 4.56e-05 Y 0.000958 

MOTIF 1-GGASAA STREME-1
letter-probability matrix: alength= 20 w= 6 nsites= 51 E= 4.2e-002
 0.043272 0.000000 0.127241 0.063874 0.000025 0.743299 0.000006 0.000020 0.000008 0.000072 0.000003 0.000020 0.000202 0.000025 0.000067 0.021472 0.000164 0.000227 0.000000 0.000003
 0.000964 0.000000 0.000080 0.106182 0.000025 0.679251 0.000006 0.000020 0.042316 0.042380 0.000003 0.000020 0.000202 0.000025 0.063882 0.000435 0.000164 0.064043 0.000000 0.000003
 0.530646 0.000000 0.000080 0.000058 0.000025 0.021694 0.000006 0.000020 0.000008 0.000072 0.000003 0.063835 0.064018 0.000025 0.000067 0.085050 0.085731 0.148658 0.000000 0.000003
 0.022001 0.000000 0.000080 0.000058 0.000025 0.000656 0.000006 0.000020 0.000008 0.000072 0.000003 0.000020 0.000202 0.000025 0.000067 0.976362 0.000164 0.000227 0.000000 0.000003
 0.850201 0.000000 0.000080 0.000058 0.000025 0.000656 0.000006 0.000020 0.000008 0.000072 0.000003 0.000020 0.000202 0.000025 0.000067 0.084818 0.021201 0.042535 0.000000 0.000003
 0.785671 0.000000 0.000080 0.021096 0.000025 0.021694 0.000006 0.000020 0.000008 0.000072 0.000003 0.000020 0.000202 0.000025 0.042374 0.042743 0.000164 0.085795 0.000000 0.000003

MOTIF 2-AASSA STREME-2
letter-probability matrix: alength= 20 w= 5 nsites= 12 E= 3.8e-001
 0.880600 0.000001 0.000416 0.000301 0.000129 0.112090 0.000029 0.000101 0.000044 0.000373 0.000015 0.000101 0.001045 0.000129 0.000344 0.002247 0.000845 0.001174 0.000001 0.000015
 0.443405 0.000001 0.000416 0.000301 0.000129 0.221989 0.000029 0.000101 0.000044 0.000373 0.000015 0.000101 0.001045 0.000129 0.000344 0.110945 0.219443 0.001174 0.000001 0.000015
 0.004980 0.000001 0.000416 0.000301 0.000129 0.003392 0.000029 0.000101 0.000044 0.000373 0.000015 0.000101 0.001045 0.000129 0.000344 0.986565 0.000845 0.001174 0.000001 0.000015
 0.004980 0.000001 0.000416 0.000301 0.000129 0.003392 0.000029 0.000101 0.000044 0.000373 0.000015 0.000101 0.001045 0.000129 0.000344 0.986565 0.000845 0.001174 0.000001 0.000015
 0.989298 0.000001 0.000416 0.000301 0.000129 0.003392 0.000029 0.000101 0.000044 0.000373 0.000015 0.000101 0.001045 0.000129 0.000344 0.002247 0.000845 0.001174 0.000001 0.000015

MOTIF 3-AAAATG STREME-3
letter-probability matrix: alength= 20 w= 6 nsites= 12 E= 2.0e+000
 0.465474 0.000001 0.000396 0.000287 0.000123 0.424094 0.000028 0.000096 0.000042 0.000355 0.000014 0.000096 0.000995 0.000123 0.000328 0.105613 0.000804 0.001117 0.000001 0.000014
 0.886339 0.000001 0.000396 0.000287 0.000123 0.003229 0.000028 0.000096 0.000042 0.103828 0.000014 0.000096 0.000995 0.000123 0.000328 0.002139 0.000804 0.001117 0.000001 0.000014
 0.989813 0.000001 0.000396 0.000287 0.000123 0.003229 0.000028 0.000096 0.000042 0.000355 0.000014 0.000096 0.000995 0.000123 0.000328 0.002139 0.000804 0.001117 0.000001 0.000014
 0.886339 0.000001 0.000396 0.000287 0.000123 0.003229 0.000028 0.000096 0.000042 0.000355 0.000014 0.000096 0.000995 0.000123 0.000328 0.002139 0.000804 0.104591 0.000001 0.000014
 0.004741 0.000001 0.000396 0.000287 0.000123 0.003229 0.000028 0.000096 0.000042 0.000355 0.000014 0.000096 0.000995 0.000123 0.000328 0.002139 0.985876 0.001117 0.000001 0.000014
 0.315162 0.000001 0.000396 0.000287 0.000123 0.677880 0.000028 0.000096 0.000042 0.000355 0.000014 0.000096 0.000995 0.000123 0.000328 0.002139 0.000804 0.001117 0.000001 0.000014

MOTIF 4-AGP STREME-4
letter-probability matrix: alength= 20 w= 3 nsites= 11 E= 4.0e+000
 0.937962 0.000004 0.002410 0.001746 0.000751 0.019662 0.000170 0.000585 0.000253 0.002161 0.000087 0.000585 0.006059 0.000751 0.001994 0.013027 0.004898 0.006805 0.000004 0.000087
 0.028871 0.000004 0.002410 0.001746 0.000751 0.928753 0.000170 0.000585 0.000253 0.002161 0.000087 0.000585 0.006059 0.000751 0.001994 0.013027 0.004898 0.006805 0.000004 0.000087
 0.028871 0.000004 0.002410 0.001746 0.000751 0.019662 0.000170 0.000585 0.000253 0.002161 0.000087 0.000585 0.915150 0.000751 0.001994 0.013027 0.004898 0.006805 0.000004 0.000087

********************************************************************************
Stopped because 3 consecutive motifs exceeded the p-value threshold (0.05).
********************************************************************************
COMMAND:	streme --protein --p ./Data/v1_cluster_windows_15mers/cluster_6639.fasta --minw 3 --maxw 15 --thresh 0.05 --oc ./Results/v1_Top500_Run_20250504_162200/streme_out_cluster_6639
********************************************************************************
CPU:		Hirokis-MacBook-Air.local
********************************************************************************
FINALTIME:	0.19 seconds
********************************************************************************
