********************************************************************************
STREME - Sensitive, Thorough, Rapid, Enriched Motif Elicitation
********************************************************************************
MEME version 5.5.7 (Release date: Wed Jun 19 13:59:04 2024 -0700)

For further information on how to interpret these results please access https://meme-suite.org/meme.
To get a copy of the MEME Suite software please access https://meme-suite.org.

********************************************************************************


********************************************************************************
REFERENCE
********************************************************************************
If you use this program in your research, please cite:

Timothy L. Bailey,
"STREME: accurate and versatile sequence motif discovery",
Bioinformatics, Mar. 24, 2021.
********************************************************************************


ALPHABET= ACDEFGHIKLMNPQRSTVWY

strands: +

Background letter frequencies
A 0.414 C 7.4e-05 D 7.4e-05 E 0.00451 F 7.4e-05 G 0.216 H 7.4e-05 I 0.00895 K 7.4e-05 L 7.4e-05 M 7.4e-05 N 7.4e-05 P 0.00303 Q 7.4e-05 R 0.00451 S 0.34 T 0.00747 V 7.4e-05 W 7.4e-05 Y 7.4e-05 

MOTIF 1-GAAGSSSSAS STREME-1
letter-probability matrix: alength= 20 w= 10 nsites= 45 S= 9.6e-027
 0.001215 0.000000 0.000000 0.000013 0.000000 0.997700 0.000000 0.000026 0.000000 0.000000 0.000000 0.000000 0.000009 0.000000 0.000013 0.000998 0.000022 0.000000 0.000000 0.000000
 0.791553 0.000000 0.000000 0.000013 0.000000 0.061972 0.000000 0.062039 0.000000 0.000000 0.000000 0.000000 0.000009 0.000000 0.000013 0.000998 0.083400 0.000000 0.000000 0.000000
 0.642926 0.000000 0.000000 0.000013 0.000000 0.314987 0.000000 0.000026 0.000000 0.000000 0.000000 0.000000 0.041012 0.000000 0.000013 0.000998 0.000022 0.000000 0.000000 0.000000
 0.001215 0.000000 0.000000 0.062026 0.000000 0.935687 0.000000 0.000026 0.000000 0.000000 0.000000 0.000000 0.000009 0.000000 0.000013 0.000998 0.000022 0.000000 0.000000 0.000000
 0.062554 0.000000 0.000000 0.000013 0.000000 0.000634 0.000000 0.000026 0.000000 0.000000 0.000000 0.000000 0.000009 0.000000 0.000013 0.936726 0.000022 0.000000 0.000000 0.000000
 0.001215 0.000000 0.000000 0.000013 0.000000 0.062647 0.000000 0.020362 0.000000 0.000000 0.000000 0.000000 0.000009 0.000000 0.000013 0.915716 0.000022 0.000000 0.000000 0.000000
 0.001215 0.000000 0.000000 0.000013 0.000000 0.000634 0.000000 0.000026 0.000000 0.000000 0.000000 0.000000 0.000009 0.000000 0.000013 0.998065 0.000022 0.000000 0.000000 0.000000
 0.001215 0.000000 0.000000 0.000013 0.000000 0.000634 0.000000 0.041029 0.000000 0.000000 0.000000 0.000000 0.000009 0.000000 0.000013 0.957062 0.000022 0.000000 0.000000 0.000000
 0.998282 0.000000 0.000000 0.000013 0.000000 0.000634 0.000000 0.000026 0.000000 0.000000 0.000000 0.000000 0.000009 0.000000 0.000013 0.000998 0.000022 0.000000 0.000000 0.000000
 0.021551 0.000000 0.000000 0.000013 0.000000 0.000634 0.000000 0.000026 0.000000 0.000000 0.000000 0.000000 0.000009 0.000000 0.000013 0.977729 0.000022 0.000000 0.000000 0.000000

MOTIF 2-AAAA STREME-2
letter-probability matrix: alength= 20 w= 4 nsites= 36 S= 4.4e-010
 0.997192 0.000000 0.000000 0.000022 0.000000 0.001032 0.000000 0.000043 0.000000 0.000000 0.000000 0.000000 0.000014 0.000000 0.000022 0.001636 0.000036 0.000000 0.000000 0.000000
 0.963757 0.000000 0.000000 0.000022 0.000000 0.001032 0.000000 0.000043 0.000000 0.000000 0.000000 0.000000 0.000014 0.000000 0.000022 0.035071 0.000036 0.000000 0.000000 0.000000
 0.964106 0.000000 0.000000 0.000022 0.000000 0.001032 0.000000 0.000043 0.000000 0.000000 0.000000 0.000000 0.000014 0.000000 0.000022 0.001625 0.033133 0.000000 0.000000 0.000000
 0.997198 0.000000 0.000000 0.000022 0.000000 0.001032 0.000000 0.000043 0.000000 0.000000 0.000000 0.000000 0.000014 0.000000 0.000022 0.001630 0.000036 0.000000 0.000000 0.000000

MOTIF 3-AASA STREME-3
letter-probability matrix: alength= 20 w= 4 nsites= 3 S= 9.8e-001
 0.946752 0.000007 0.000007 0.000410 0.000007 0.019644 0.000007 0.000814 0.000007 0.000007 0.000007 0.000007 0.000276 0.000007 0.000410 0.030934 0.000679 0.000007 0.000007 0.000007
 0.946752 0.000007 0.000007 0.000410 0.000007 0.019644 0.000007 0.000814 0.000007 0.000007 0.000007 0.000007 0.000276 0.000007 0.000410 0.030934 0.000679 0.000007 0.000007 0.000007
 0.037661 0.000007 0.000007 0.000410 0.000007 0.019644 0.000007 0.000814 0.000007 0.000007 0.000007 0.000007 0.000276 0.000007 0.000410 0.940025 0.000679 0.000007 0.000007 0.000007
 0.946752 0.000007 0.000007 0.000410 0.000007 0.019644 0.000007 0.000814 0.000007 0.000007 0.000007 0.000007 0.000276 0.000007 0.000410 0.030934 0.000679 0.000007 0.000007 0.000007

MOTIF 4-SAAA STREME-4
letter-probability matrix: alength= 20 w= 4 nsites= 1 S= 9.9e-001
 0.037661 0.000007 0.000007 0.000410 0.000007 0.019644 0.000007 0.000814 0.000007 0.000007 0.000007 0.000007 0.000276 0.000007 0.000410 0.940025 0.000679 0.000007 0.000007 0.000007
 0.946752 0.000007 0.000007 0.000410 0.000007 0.019644 0.000007 0.000814 0.000007 0.000007 0.000007 0.000007 0.000276 0.000007 0.000410 0.030934 0.000679 0.000007 0.000007 0.000007
 0.946752 0.000007 0.000007 0.000410 0.000007 0.019644 0.000007 0.000814 0.000007 0.000007 0.000007 0.000007 0.000276 0.000007 0.000410 0.030934 0.000679 0.000007 0.000007 0.000007
 0.946752 0.000007 0.000007 0.000410 0.000007 0.019644 0.000007 0.000814 0.000007 0.000007 0.000007 0.000007 0.000276 0.000007 0.000410 0.030934 0.000679 0.000007 0.000007 0.000007

MOTIF 5-ASAA STREME-5
letter-probability matrix: alength= 20 w= 4 nsites= 3 S= 9.9e-001
 0.946752 0.000007 0.000007 0.000410 0.000007 0.019644 0.000007 0.000814 0.000007 0.000007 0.000007 0.000007 0.000276 0.000007 0.000410 0.030934 0.000679 0.000007 0.000007 0.000007
 0.037661 0.000007 0.000007 0.000410 0.000007 0.019644 0.000007 0.000814 0.000007 0.000007 0.000007 0.000007 0.000276 0.000007 0.000410 0.940025 0.000679 0.000007 0.000007 0.000007
 0.946752 0.000007 0.000007 0.000410 0.000007 0.019644 0.000007 0.000814 0.000007 0.000007 0.000007 0.000007 0.000276 0.000007 0.000410 0.030934 0.000679 0.000007 0.000007 0.000007
 0.946752 0.000007 0.000007 0.000410 0.000007 0.019644 0.000007 0.000814 0.000007 0.000007 0.000007 0.000007 0.000276 0.000007 0.000410 0.030934 0.000679 0.000007 0.000007 0.000007

********************************************************************************
Stopped because maximum number of motifs (5) reached.
********************************************************************************
COMMAND:	streme --protein --p ./Data/v1_cluster_windows_15mers/cluster_11159.fasta --minw 3 --maxw 15 --thresh 0.05 --oc ./Results/v1_Top500_Run_20250504_162200/streme_out_cluster_11159
********************************************************************************
CPU:		Hirokis-MacBook-Air.local
********************************************************************************
FINALTIME:	0.16 seconds
********************************************************************************
