********************************************************************************
STREME - Sensitive, Thorough, Rapid, Enriched Motif Elicitation
********************************************************************************
MEME version 5.5.7 (Release date: Wed Jun 19 13:59:04 2024 -0700)

For further information on how to interpret these results please access https://meme-suite.org/meme.
To get a copy of the MEME Suite software please access https://meme-suite.org.

********************************************************************************


********************************************************************************
REFERENCE
********************************************************************************
If you use this program in your research, please cite:

Timothy L. Bailey,
"STREME: accurate and versatile sequence motif discovery",
Bioinformatics, Mar. 24, 2021.
********************************************************************************


ALPHABET= ACDEFGHIKLMNPQRSTVWY

strands: +

Background letter frequencies
A 0.122 C 2.58e-05 D 0.00209 E 2.58e-05 F 0.0135 G 0.195 H 2.58e-05 I 0.0687 K 2.58e-05 L 0.0124 M 0.00519 N 0.0961 P 0.0197 Q 0.000542 R 0.0661 S 0.249 T 0.0135 V 0.134 W 2.58e-05 Y 0.00209 

MOTIF 1-RVSSNIGSIAS STREME-1
letter-probability matrix: alength= 20 w= 11 nsites= 129 E= 1.8e-006
 0.011127 0.000002 0.000190 0.000002 0.001224 0.017709 0.000002 0.006247 0.000002 0.001129 0.000472 0.008736 0.001786 0.000049 0.915104 0.022636 0.001224 0.012164 0.000002 0.000190
 0.011127 0.000002 0.000190 0.000002 0.001224 0.017709 0.000002 0.006247 0.000002 0.001129 0.000472 0.008736 0.001786 0.000049 0.006013 0.022636 0.001224 0.921255 0.000002 0.000190
 0.011127 0.000002 0.000190 0.000002 0.001224 0.017709 0.000002 0.006247 0.000002 0.001129 0.000472 0.008736 0.001786 0.000049 0.006013 0.931727 0.001224 0.012164 0.000002 0.000190
 0.011127 0.000002 0.000190 0.000002 0.001224 0.017709 0.000002 0.006247 0.000002 0.001129 0.000472 0.008736 0.001786 0.000049 0.006013 0.931727 0.001224 0.012164 0.000002 0.000190
 0.011127 0.000002 0.000190 0.000002 0.001224 0.017709 0.000002 0.006247 0.000002 0.001129 0.000472 0.917827 0.001786 0.000049 0.006013 0.022636 0.001224 0.012164 0.000002 0.000190
 0.011127 0.000002 0.000190 0.000002 0.001224 0.017709 0.000002 0.915338 0.000002 0.001129 0.000472 0.008736 0.001786 0.000049 0.006013 0.022636 0.001224 0.012164 0.000002 0.000190
 0.011127 0.000002 0.000190 0.000002 0.001224 0.926800 0.000002 0.006247 0.000002 0.001129 0.000472 0.008736 0.001786 0.000049 0.006013 0.022636 0.001224 0.012164 0.000002 0.000190
 0.011127 0.000002 0.000190 0.000002 0.001224 0.017709 0.000002 0.006247 0.000002 0.001129 0.000472 0.008736 0.001786 0.000049 0.006013 0.931727 0.001224 0.012164 0.000002 0.000190
 0.011127 0.000002 0.000190 0.000002 0.001224 0.017709 0.000002 0.915338 0.000002 0.001129 0.000472 0.008736 0.001786 0.000049 0.006013 0.022636 0.001224 0.012164 0.000002 0.000190
 0.920218 0.000002 0.000190 0.000002 0.001224 0.017709 0.000002 0.006247 0.000002 0.001129 0.000472 0.008736 0.001786 0.000049 0.006013 0.022636 0.001224 0.012164 0.000002 0.000190
 0.011127 0.000002 0.000190 0.000002 0.001224 0.017709 0.000002 0.006247 0.000002 0.001129 0.000472 0.008736 0.001786 0.000049 0.006013 0.931727 0.001224 0.012164 0.000002 0.000190

MOTIF 2-GGA STREME-2
letter-probability matrix: alength= 20 w= 3 nsites= 108 E= 2.4e-002
 0.000207 0.000000 0.000004 0.000000 0.000023 0.998639 0.000000 0.000116 0.000000 0.000021 0.000009 0.000162 0.000033 0.000001 0.000112 0.000421 0.000023 0.000226 0.000000 0.000004
 0.000207 0.000000 0.000004 0.000000 0.000023 0.998639 0.000000 0.000116 0.000000 0.000021 0.000009 0.000162 0.000033 0.000001 0.000112 0.000421 0.000023 0.000226 0.000000 0.000004
 0.467994 0.000000 0.000004 0.000000 0.000023 0.000329 0.000000 0.000116 0.000000 0.000021 0.000009 0.000162 0.382181 0.000001 0.000112 0.000929 0.146702 0.001413 0.000000 0.000004

MOTIF 3-AFV STREME-3
letter-probability matrix: alength= 20 w= 3 nsites= 7 E= 2.5e+000
 0.920218 0.000002 0.000190 0.000002 0.001224 0.017709 0.000002 0.006247 0.000002 0.001129 0.000472 0.008736 0.001786 0.000049 0.006013 0.022636 0.001224 0.012164 0.000002 0.000190
 0.011127 0.000002 0.000190 0.000002 0.910315 0.017709 0.000002 0.006247 0.000002 0.001129 0.000472 0.008736 0.001786 0.000049 0.006013 0.022636 0.001224 0.012164 0.000002 0.000190
 0.011127 0.000002 0.000190 0.000002 0.001224 0.017709 0.000002 0.006247 0.000002 0.001129 0.000472 0.008736 0.001786 0.000049 0.006013 0.022636 0.001224 0.921255 0.000002 0.000190

MOTIF 4-FVN STREME-4
letter-probability matrix: alength= 20 w= 3 nsites= 7 E= 5.0e+000
 0.002448 0.000001 0.000042 0.000001 0.980269 0.003896 0.000001 0.001374 0.000001 0.000248 0.000104 0.001922 0.000393 0.000011 0.001323 0.004980 0.000269 0.002676 0.000001 0.000042
 0.002448 0.000001 0.000042 0.000001 0.000269 0.003896 0.000001 0.001374 0.000001 0.000248 0.000104 0.001922 0.000393 0.000011 0.001323 0.004980 0.278393 0.704551 0.000001 0.000042
 0.002448 0.000001 0.000042 0.000001 0.000269 0.003896 0.000001 0.001374 0.000001 0.000248 0.000104 0.981922 0.000393 0.000011 0.001323 0.004980 0.000269 0.002676 0.000001 0.000042

MOTIF 5-LVA STREME-5
letter-probability matrix: alength= 20 w= 3 nsites= 6 E= 5.0e+000
 0.011127 0.000002 0.000190 0.000002 0.001224 0.017709 0.000002 0.006247 0.000002 0.910220 0.000472 0.008736 0.001786 0.000049 0.006013 0.022636 0.001224 0.012164 0.000002 0.000190
 0.011127 0.000002 0.000190 0.000002 0.001224 0.017709 0.000002 0.006247 0.000002 0.001129 0.000472 0.008736 0.001786 0.000049 0.006013 0.022636 0.001224 0.921255 0.000002 0.000190
 0.920218 0.000002 0.000190 0.000002 0.001224 0.017709 0.000002 0.006247 0.000002 0.001129 0.000472 0.008736 0.001786 0.000049 0.006013 0.022636 0.001224 0.012164 0.000002 0.000190

********************************************************************************
Stopped because 3 consecutive motifs exceeded the p-value threshold (0.05).
********************************************************************************
COMMAND:	streme --protein --p ./Data/v1_cluster_windows_15mers/cluster_4010.fasta --minw 3 --maxw 15 --thresh 0.05 --oc ./Results/v1_Top500_Run_20250504_162200/streme_out_cluster_4010
********************************************************************************
CPU:		Hirokis-MacBook-Air.local
********************************************************************************
FINALTIME:	0.24 seconds
********************************************************************************
