********************************************************************************
STREME - Sensitive, Thorough, Rapid, Enriched Motif Elicitation
********************************************************************************
MEME version 5.5.7 (Release date: Wed Jun 19 13:59:04 2024 -0700)

For further information on how to interpret these results please access https://meme-suite.org/meme.
To get a copy of the MEME Suite software please access https://meme-suite.org.

********************************************************************************


********************************************************************************
REFERENCE
********************************************************************************
If you use this program in your research, please cite:

Timothy L. Bailey,
"STREME: accurate and versatile sequence motif discovery",
Bioinformatics, Mar. 24, 2021.
********************************************************************************


ALPHABET= ACDEFGHIKLMNPQRSTVWY

strands: +

Background letter frequencies
A 0.0963 C 0.00035 D 0.00701 E 0.00468 F 0.00535 G 0.267 H 1.67e-05 I 0.119 K 1.67e-05 L 0.0703 M 0.00135 N 0.06 P 0.046 Q 0.0633 R 0.00102 S 0.113 T 0.00368 V 0.00868 W 1.67e-05 Y 0.132 

MOTIF 1-AIAISLGYGQNGYGP STREME-1
letter-probability matrix: alength= 20 w= 15 nsites= 200 E= 2.2e-011
 0.714785 0.000000 0.000006 0.000004 0.000004 0.000210 0.000000 0.000094 0.000000 0.000055 0.000001 0.000047 0.005484 0.000050 0.000001 0.262801 0.016348 0.000007 0.000000 0.000104
 0.000076 0.000000 0.000006 0.000004 0.000004 0.000210 0.000000 0.895415 0.000000 0.000055 0.016368 0.000047 0.000036 0.000050 0.000001 0.000089 0.005451 0.082085 0.000000 0.000104
 0.729347 0.000000 0.010924 0.000004 0.000004 0.000210 0.000000 0.000094 0.000000 0.000055 0.000001 0.000047 0.000036 0.000050 0.000001 0.259114 0.000003 0.000007 0.000000 0.000104
 0.000076 0.000000 0.000006 0.000004 0.010901 0.000210 0.000000 0.889901 0.000000 0.071259 0.005449 0.000047 0.000036 0.000050 0.000001 0.000089 0.000003 0.021866 0.000000 0.000104
 0.000076 0.000000 0.000006 0.000004 0.000004 0.000210 0.000000 0.000094 0.000000 0.000055 0.000001 0.000047 0.000036 0.000050 0.000001 0.993855 0.005451 0.000007 0.000000 0.000104
 0.000076 0.000000 0.000006 0.000004 0.049393 0.000210 0.000000 0.000094 0.000000 0.949881 0.000001 0.000047 0.000036 0.000050 0.000001 0.000089 0.000003 0.000007 0.000000 0.000104
 0.005524 0.000000 0.016350 0.000004 0.000004 0.961265 0.000000 0.000094 0.000000 0.000055 0.000001 0.010966 0.000036 0.000050 0.000001 0.005537 0.000003 0.000007 0.000000 0.000104
 0.000076 0.000000 0.000006 0.000004 0.000004 0.000210 0.000000 0.000094 0.000000 0.000055 0.000001 0.000047 0.000036 0.000050 0.000001 0.000089 0.000003 0.000007 0.000000 0.999318
 0.005524 0.000000 0.016372 0.000004 0.000004 0.972161 0.000000 0.000094 0.000000 0.000055 0.000001 0.000047 0.000036 0.000050 0.000001 0.005537 0.000003 0.000007 0.000000 0.000104
 0.000076 0.000000 0.000006 0.010900 0.000004 0.000210 0.000000 0.000094 0.000000 0.010974 0.000001 0.000047 0.000036 0.977449 0.000001 0.000089 0.000003 0.000007 0.000000 0.000104
 0.000076 0.000000 0.021820 0.000004 0.000004 0.049487 0.000000 0.000094 0.000000 0.000055 0.000001 0.890010 0.000036 0.000050 0.000001 0.027352 0.010899 0.000007 0.000000 0.000104
 0.005524 0.000000 0.010924 0.054596 0.000004 0.912099 0.000000 0.000094 0.000000 0.000055 0.000001 0.000047 0.000036 0.000050 0.000001 0.016455 0.000003 0.000007 0.000000 0.000104
 0.000076 0.000000 0.000006 0.000004 0.000004 0.228240 0.000000 0.000094 0.000000 0.000055 0.000001 0.000047 0.000036 0.000050 0.000001 0.000089 0.000003 0.016373 0.000000 0.754922
 0.005524 0.005448 0.016372 0.000004 0.000004 0.684157 0.000000 0.000094 0.000000 0.010974 0.000001 0.000047 0.000036 0.000050 0.016345 0.005537 0.000003 0.010903 0.000000 0.244500
 0.000076 0.000000 0.005454 0.000004 0.010923 0.211895 0.000000 0.000094 0.000000 0.010952 0.000001 0.005495 0.689387 0.000050 0.000001 0.054659 0.000003 0.005455 0.000000 0.005552

MOTIF 2-PSSGA STREME-2
letter-probability matrix: alength= 20 w= 5 nsites= 1 E= 3.0e+000
 0.012143 0.000044 0.000884 0.000590 0.000674 0.033699 0.000002 0.015041 0.000002 0.008867 0.000170 0.007564 0.879719 0.007984 0.000128 0.014246 0.000464 0.001094 0.000002 0.016680
 0.012143 0.000044 0.000884 0.000590 0.000674 0.033699 0.000002 0.015041 0.000002 0.008867 0.000170 0.007564 0.005799 0.007984 0.000128 0.888166 0.000464 0.001094 0.000002 0.016680
 0.012143 0.000044 0.000884 0.000590 0.000674 0.033699 0.000002 0.015041 0.000002 0.008867 0.000170 0.007564 0.005799 0.007984 0.000128 0.888166 0.000464 0.001094 0.000002 0.016680
 0.012143 0.000044 0.000884 0.000590 0.000674 0.907619 0.000002 0.015041 0.000002 0.008867 0.000170 0.007564 0.005799 0.007984 0.000128 0.014246 0.000464 0.001094 0.000002 0.016680
 0.886063 0.000044 0.000884 0.000590 0.000674 0.033699 0.000002 0.015041 0.000002 0.008867 0.000170 0.007564 0.005799 0.007984 0.000128 0.014246 0.000464 0.001094 0.000002 0.016680

MOTIF 3-PGSG STREME-3
letter-probability matrix: alength= 20 w= 4 nsites= 2 E= 3.0e+000
 0.008756 0.000032 0.000638 0.000426 0.000486 0.024299 0.000002 0.010845 0.000002 0.006393 0.000123 0.005454 0.913273 0.005757 0.000092 0.010272 0.000335 0.000789 0.000002 0.012027
 0.008756 0.000032 0.000638 0.000426 0.000486 0.933390 0.000002 0.010845 0.000002 0.006393 0.000123 0.005454 0.004182 0.005757 0.000092 0.010272 0.000335 0.000789 0.000002 0.012027
 0.008756 0.000032 0.000638 0.000426 0.000486 0.024299 0.000002 0.010845 0.000002 0.006393 0.000123 0.005454 0.004182 0.005757 0.000092 0.919363 0.000335 0.000789 0.000002 0.012027
 0.008756 0.000032 0.000638 0.000426 0.000486 0.933390 0.000002 0.010845 0.000002 0.006393 0.000123 0.005454 0.004182 0.005757 0.000092 0.010272 0.000335 0.000789 0.000002 0.012027

********************************************************************************
Stopped because the next motif had no positive sites with scores > 0.
********************************************************************************
COMMAND:	streme --protein --p ./Data/v1_cluster_windows_15mers/cluster_4793.fasta --minw 3 --maxw 15 --thresh 0.05 --oc ./Results/v1_Top500_Run_20250504_162200/streme_out_cluster_4793
********************************************************************************
CPU:		Hirokis-MacBook-Air.local
********************************************************************************
FINALTIME:	0.37 seconds
********************************************************************************
