********************************************************************************
STREME - Sensitive, Thorough, Rapid, Enriched Motif Elicitation
********************************************************************************
MEME version 5.5.7 (Release date: Wed Jun 19 13:59:04 2024 -0700)

For further information on how to interpret these results please access https://meme-suite.org/meme.
To get a copy of the MEME Suite software please access https://meme-suite.org.

********************************************************************************


********************************************************************************
REFERENCE
********************************************************************************
If you use this program in your research, please cite:

Timothy L. Bailey,
"STREME: accurate and versatile sequence motif discovery",
Bioinformatics, Mar. 24, 2021.
********************************************************************************


ALPHABET= ACDEFGHIKLMNPQRSTVWY

strands: +

Background letter frequencies
A 0.0467 C 6.66e-05 D 0.00539 E 0.00273 F 6.66e-05 G 0.0893 H 6.66e-05 I 0.024 K 6.66e-05 L 0.152 M 0.00806 N 0.113 P 0.116 Q 0.0467 R 0.0014 S 0.244 T 0.00406 V 0.147 W 6.66e-05 Y 6.66e-05 

MOTIF 1-LVQNGVP STREME-1
letter-probability matrix: alength= 20 w= 7 nsites= 50 E= 2.0e-002
 0.019503 0.000000 0.000015 0.000008 0.000000 0.000250 0.000000 0.000067 0.000000 0.978257 0.000023 0.000316 0.000324 0.000130 0.000004 0.000681 0.000011 0.000410 0.000000 0.000000
 0.078581 0.000000 0.000015 0.000008 0.000000 0.000250 0.000000 0.000067 0.000000 0.019798 0.000023 0.000316 0.000324 0.000130 0.000004 0.020054 0.000011 0.880418 0.000000 0.000000
 0.000130 0.000000 0.000015 0.019381 0.000000 0.000250 0.000000 0.000067 0.000000 0.000425 0.000023 0.000316 0.000324 0.721569 0.000004 0.257074 0.000011 0.000410 0.000000 0.000000
 0.059208 0.000000 0.000015 0.000008 0.000000 0.058684 0.000000 0.000067 0.000000 0.000425 0.000023 0.782829 0.000324 0.000130 0.000004 0.097862 0.000011 0.000410 0.000000 0.000000
 0.000130 0.000000 0.000015 0.000008 0.000000 0.997455 0.000000 0.000067 0.000000 0.000425 0.000023 0.000316 0.000324 0.000130 0.000004 0.000681 0.000011 0.000410 0.000000 0.000000
 0.000130 0.000000 0.000015 0.000008 0.000000 0.000250 0.000000 0.000067 0.000000 0.000425 0.000023 0.000316 0.000324 0.000130 0.000004 0.000681 0.000011 0.997615 0.000000 0.000000
 0.000130 0.000000 0.000015 0.000008 0.000000 0.000250 0.000000 0.000067 0.000000 0.000425 0.000023 0.000316 0.997529 0.000130 0.000004 0.000681 0.000011 0.000410 0.000000 0.000000

MOTIF 2-NISSL STREME-2
letter-probability matrix: alength= 20 w= 5 nsites= 45 E= 2.0e-002
 0.000181 0.000000 0.053918 0.000011 0.000000 0.000347 0.000000 0.000093 0.000000 0.000591 0.000031 0.942655 0.000451 0.000181 0.000005 0.000948 0.000016 0.000570 0.000000 0.000000
 0.000181 0.000000 0.000021 0.000011 0.000000 0.000347 0.000000 0.384720 0.000000 0.218392 0.109159 0.000440 0.000451 0.000181 0.000005 0.000948 0.000016 0.285126 0.000000 0.000000
 0.273244 0.000000 0.000021 0.000011 0.000000 0.092233 0.000000 0.000093 0.000000 0.000591 0.000031 0.054337 0.000451 0.000181 0.000005 0.578214 0.000016 0.000570 0.000000 0.000000
 0.245386 0.000000 0.000021 0.000011 0.000000 0.000347 0.000000 0.000093 0.000000 0.027539 0.000031 0.000440 0.000451 0.000181 0.000005 0.724907 0.000016 0.000570 0.000000 0.000000
 0.000181 0.000000 0.000021 0.000011 0.000000 0.000347 0.000000 0.000093 0.000000 0.996703 0.000031 0.000440 0.000451 0.000181 0.000005 0.000948 0.000016 0.000570 0.000000 0.000000

MOTIF 3-SVGALS STREME-3
letter-probability matrix: alength= 20 w= 6 nsites= 3 E= 5.0e+000
 0.004243 0.000006 0.000490 0.000248 0.000006 0.008117 0.000006 0.002185 0.000006 0.013811 0.000732 0.010292 0.010538 0.004243 0.000127 0.931248 0.000369 0.013320 0.000006 0.000006
 0.004243 0.000006 0.000490 0.000248 0.000006 0.008117 0.000006 0.002185 0.000006 0.013811 0.000732 0.010292 0.010538 0.004243 0.000127 0.022157 0.000369 0.922411 0.000006 0.000006
 0.004243 0.000006 0.000490 0.000248 0.000006 0.917208 0.000006 0.002185 0.000006 0.013811 0.000732 0.010292 0.010538 0.004243 0.000127 0.022157 0.000369 0.013320 0.000006 0.000006
 0.913334 0.000006 0.000490 0.000248 0.000006 0.008117 0.000006 0.002185 0.000006 0.013811 0.000732 0.010292 0.010538 0.004243 0.000127 0.022157 0.000369 0.013320 0.000006 0.000006
 0.004243 0.000006 0.000490 0.000248 0.000006 0.008117 0.000006 0.002185 0.000006 0.922902 0.000732 0.010292 0.010538 0.004243 0.000127 0.022157 0.000369 0.013320 0.000006 0.000006
 0.004243 0.000006 0.000490 0.000248 0.000006 0.008117 0.000006 0.002185 0.000006 0.013811 0.000732 0.010292 0.010538 0.004243 0.000127 0.931248 0.000369 0.013320 0.000006 0.000006

MOTIF 4-ISAS STREME-4
letter-probability matrix: alength= 20 w= 4 nsites= 1 E= 5.0e+000
 0.005885 0.000008 0.000680 0.000344 0.000008 0.011258 0.000008 0.876950 0.000008 0.019154 0.001016 0.014274 0.014614 0.005885 0.000176 0.030729 0.000512 0.018473 0.000008 0.000008
 0.005885 0.000008 0.000680 0.000344 0.000008 0.011258 0.000008 0.003030 0.000008 0.019154 0.001016 0.014274 0.014614 0.005885 0.000176 0.904649 0.000512 0.018473 0.000008 0.000008
 0.879805 0.000008 0.000680 0.000344 0.000008 0.011258 0.000008 0.003030 0.000008 0.019154 0.001016 0.014274 0.014614 0.005885 0.000176 0.030729 0.000512 0.018473 0.000008 0.000008
 0.005885 0.000008 0.000680 0.000344 0.000008 0.011258 0.000008 0.003030 0.000008 0.019154 0.001016 0.014274 0.014614 0.005885 0.000176 0.904649 0.000512 0.018473 0.000008 0.000008

MOTIF 5-SLGSLS STREME-5
letter-probability matrix: alength= 20 w= 6 nsites= 1 E= 5.0e+000
 0.005885 0.000008 0.000680 0.000344 0.000008 0.011258 0.000008 0.003030 0.000008 0.019154 0.001016 0.014274 0.014614 0.005885 0.000176 0.904649 0.000512 0.018473 0.000008 0.000008
 0.005885 0.000008 0.000680 0.000344 0.000008 0.011258 0.000008 0.003030 0.000008 0.893074 0.001016 0.014274 0.014614 0.005885 0.000176 0.030729 0.000512 0.018473 0.000008 0.000008
 0.005885 0.000008 0.000680 0.000344 0.000008 0.885178 0.000008 0.003030 0.000008 0.019154 0.001016 0.014274 0.014614 0.005885 0.000176 0.030729 0.000512 0.018473 0.000008 0.000008
 0.005885 0.000008 0.000680 0.000344 0.000008 0.011258 0.000008 0.003030 0.000008 0.019154 0.001016 0.014274 0.014614 0.005885 0.000176 0.904649 0.000512 0.018473 0.000008 0.000008
 0.005885 0.000008 0.000680 0.000344 0.000008 0.011258 0.000008 0.003030 0.000008 0.893074 0.001016 0.014274 0.014614 0.005885 0.000176 0.030729 0.000512 0.018473 0.000008 0.000008
 0.005885 0.000008 0.000680 0.000344 0.000008 0.011258 0.000008 0.003030 0.000008 0.019154 0.001016 0.014274 0.014614 0.005885 0.000176 0.904649 0.000512 0.018473 0.000008 0.000008

********************************************************************************
Stopped because 3 consecutive motifs exceeded the p-value threshold (0.05).
********************************************************************************
COMMAND:	streme --protein --p ./Data/v1_cluster_windows_15mers/cluster_139.fasta --minw 3 --maxw 15 --thresh 0.05 --oc ./Results/v1_Top500_Run_20250504_162200/streme_out_cluster_139
********************************************************************************
CPU:		Hirokis-MacBook-Air.local
********************************************************************************
FINALTIME:	0.16 seconds
********************************************************************************
