********************************************************************************
STREME - Sensitive, Thorough, Rapid, Enriched Motif Elicitation
********************************************************************************
MEME version 5.5.7 (Release date: Wed Jun 19 13:59:04 2024 -0700)

For further information on how to interpret these results please access https://meme-suite.org/meme.
To get a copy of the MEME Suite software please access https://meme-suite.org.

********************************************************************************


********************************************************************************
REFERENCE
********************************************************************************
If you use this program in your research, please cite:

Timothy L. Bailey,
"STREME: accurate and versatile sequence motif discovery",
Bioinformatics, Mar. 24, 2021.
********************************************************************************


ALPHABET= ACDEFGHIKLMNPQRSTVWY

strands: +

Background letter frequencies
A 0.132 C 7.92e-05 D 0.0223 E 0.00166 F 7.92e-05 G 0.582 H 7.92e-05 I 7.92e-05 K 7.92e-05 L 0.00166 M 7.92e-05 N 7.92e-05 P 0.00166 Q 0.0999 R 0.0223 S 0.0175 T 7.92e-05 V 7.92e-05 W 7.92e-05 Y 0.119 

MOTIF 1-GQGGYGAGQGGAG STREME-1
letter-probability matrix: alength= 20 w= 13 nsites= 42 S= 6.0e-025
 0.011964 0.000007 0.002025 0.000151 0.000007 0.961975 0.000007 0.000007 0.000007 0.000151 0.000007 0.000007 0.000151 0.009084 0.002025 0.001592 0.000007 0.000007 0.000007 0.010810
 0.011964 0.000007 0.002025 0.000151 0.000007 0.052884 0.000007 0.000007 0.000007 0.000151 0.000007 0.000007 0.000151 0.918175 0.002025 0.001592 0.000007 0.000007 0.000007 0.010810
 0.011964 0.000007 0.002025 0.000151 0.000007 0.961975 0.000007 0.000007 0.000007 0.000151 0.000007 0.000007 0.000151 0.009084 0.002025 0.001592 0.000007 0.000007 0.000007 0.010810
 0.011964 0.000007 0.002025 0.000151 0.000007 0.961975 0.000007 0.000007 0.000007 0.000151 0.000007 0.000007 0.000151 0.009084 0.002025 0.001592 0.000007 0.000007 0.000007 0.010810
 0.011964 0.000007 0.002025 0.000151 0.000007 0.052884 0.000007 0.000007 0.000007 0.000151 0.000007 0.000007 0.000151 0.009084 0.002025 0.001592 0.000007 0.000007 0.000007 0.919900
 0.011964 0.000007 0.002025 0.000151 0.000007 0.961975 0.000007 0.000007 0.000007 0.000151 0.000007 0.000007 0.000151 0.009084 0.002025 0.001592 0.000007 0.000007 0.000007 0.010810
 0.921055 0.000007 0.002025 0.000151 0.000007 0.052884 0.000007 0.000007 0.000007 0.000151 0.000007 0.000007 0.000151 0.009084 0.002025 0.001592 0.000007 0.000007 0.000007 0.010810
 0.011964 0.000007 0.002025 0.000151 0.000007 0.961975 0.000007 0.000007 0.000007 0.000151 0.000007 0.000007 0.000151 0.009084 0.002025 0.001592 0.000007 0.000007 0.000007 0.010810
 0.011964 0.000007 0.002025 0.000151 0.000007 0.052884 0.000007 0.000007 0.000007 0.000151 0.000007 0.000007 0.000151 0.918175 0.002025 0.001592 0.000007 0.000007 0.000007 0.010810
 0.011964 0.000007 0.002025 0.000151 0.000007 0.961975 0.000007 0.000007 0.000007 0.000151 0.000007 0.000007 0.000151 0.009084 0.002025 0.001592 0.000007 0.000007 0.000007 0.010810
 0.011964 0.000007 0.002025 0.000151 0.000007 0.961975 0.000007 0.000007 0.000007 0.000151 0.000007 0.000007 0.000151 0.009084 0.002025 0.001592 0.000007 0.000007 0.000007 0.010810
 0.921055 0.000007 0.002025 0.000151 0.000007 0.052884 0.000007 0.000007 0.000007 0.000151 0.000007 0.000007 0.000151 0.009084 0.002025 0.001592 0.000007 0.000007 0.000007 0.010810
 0.011964 0.000007 0.002025 0.000151 0.000007 0.961975 0.000007 0.000007 0.000007 0.000151 0.000007 0.000007 0.000151 0.009084 0.002025 0.001592 0.000007 0.000007 0.000007 0.010810

MOTIF 2-YGDGR STREME-2
letter-probability matrix: alength= 20 w= 5 nsites= 6 S= 1.3e-002
 0.011964 0.000007 0.002025 0.000151 0.000007 0.052884 0.000007 0.000007 0.000007 0.000151 0.000007 0.000007 0.000151 0.009084 0.002025 0.001592 0.000007 0.000007 0.000007 0.919900
 0.011964 0.000007 0.002025 0.000151 0.000007 0.961975 0.000007 0.000007 0.000007 0.000151 0.000007 0.000007 0.000151 0.009084 0.002025 0.001592 0.000007 0.000007 0.000007 0.010810
 0.011964 0.000007 0.911116 0.000151 0.000007 0.052884 0.000007 0.000007 0.000007 0.000151 0.000007 0.000007 0.000151 0.009084 0.002025 0.001592 0.000007 0.000007 0.000007 0.010810
 0.011964 0.000007 0.002025 0.000151 0.000007 0.961975 0.000007 0.000007 0.000007 0.000151 0.000007 0.000007 0.000151 0.009084 0.002025 0.001592 0.000007 0.000007 0.000007 0.010810
 0.011964 0.000007 0.002025 0.000151 0.000007 0.052884 0.000007 0.000007 0.000007 0.000151 0.000007 0.000007 0.000151 0.009084 0.911116 0.001592 0.000007 0.000007 0.000007 0.010810

********************************************************************************
Stopped because the next motif had no positive sites with scores > 0.
********************************************************************************
COMMAND:	streme --protein --p ./Data/v1_cluster_windows_15mers/cluster_17679.fasta --minw 3 --maxw 15 --thresh 0.05 --oc ./Results/v1_Top500_Run_20250504_162200/streme_out_cluster_17679
********************************************************************************
CPU:		Hirokis-MacBook-Air.local
********************************************************************************
FINALTIME:	0.16 seconds
********************************************************************************
