********************************************************************************
STREME - Sensitive, Thorough, Rapid, Enriched Motif Elicitation
********************************************************************************
MEME version 5.5.7 (Release date: Wed Jun 19 13:59:04 2024 -0700)

For further information on how to interpret these results please access https://meme-suite.org/meme.
To get a copy of the MEME Suite software please access https://meme-suite.org.

********************************************************************************


********************************************************************************
REFERENCE
********************************************************************************
If you use this program in your research, please cite:

Timothy L. Bailey,
"STREME: accurate and versatile sequence motif discovery",
Bioinformatics, Mar. 24, 2021.
********************************************************************************


ALPHABET= ACDEFGHIKLMNPQRSTVWY

strands: +

Background letter frequencies
A 0.0145 C 7.24e-05 D 7.24e-05 E 0.0348 F 7.24e-05 G 0.0666 H 7.24e-05 I 0.0739 K 0.00152 L 0.0768 M 0.0609 N 0.0609 P 7.24e-05 Q 0.0189 R 0.0117 S 0.19 T 0.269 V 0.12 W 7.24e-05 Y 7.24e-05 

MOTIF 1-TMLSSGVISSETVTT STREME-1
letter-probability matrix: alength= 20 w= 15 nsites= 46 S= 2.4e-027
 0.000049 0.000000 0.000000 0.000117 0.000000 0.000224 0.000000 0.000248 0.000005 0.000258 0.000204 0.472328 0.000000 0.023346 0.000039 0.023920 0.478856 0.000404 0.000000 0.000000
 0.000049 0.000000 0.000000 0.000117 0.000000 0.000224 0.000000 0.000248 0.000005 0.093390 0.903713 0.000204 0.000000 0.000063 0.000039 0.000637 0.000904 0.000404 0.000000 0.000000
 0.000049 0.000000 0.000000 0.000117 0.000000 0.000224 0.000000 0.046814 0.000005 0.950333 0.000204 0.000204 0.000000 0.000063 0.000039 0.000637 0.000904 0.000404 0.000000 0.000000
 0.215795 0.000000 0.000000 0.000117 0.000000 0.000224 0.000000 0.000248 0.000005 0.000258 0.000204 0.331133 0.000000 0.000063 0.000039 0.450603 0.000904 0.000404 0.000000 0.000000
 0.000049 0.000000 0.000000 0.000117 0.000000 0.000224 0.000000 0.000248 0.000005 0.000258 0.000204 0.000204 0.000000 0.000063 0.000039 0.997278 0.000904 0.000404 0.000000 0.000000
 0.000049 0.000000 0.000000 0.000117 0.000000 0.996865 0.000000 0.000248 0.000005 0.000258 0.000204 0.000204 0.000000 0.000063 0.000039 0.000637 0.000904 0.000404 0.000000 0.000000
 0.023332 0.000000 0.000000 0.000117 0.000000 0.000224 0.000000 0.000248 0.000005 0.023541 0.000204 0.000204 0.000000 0.000063 0.000039 0.000637 0.000904 0.950479 0.000000 0.000000
 0.000049 0.000000 0.000000 0.000117 0.000000 0.000224 0.000000 0.996889 0.000005 0.000258 0.000204 0.000204 0.000000 0.000063 0.000039 0.000637 0.000904 0.000404 0.000000 0.000000
 0.000049 0.000000 0.000000 0.000117 0.000000 0.000224 0.000000 0.000248 0.000005 0.000258 0.000204 0.000204 0.000000 0.000063 0.000039 0.643067 0.355115 0.000404 0.000000 0.000000
 0.000049 0.000000 0.000000 0.000117 0.000000 0.000224 0.000000 0.000248 0.000005 0.000258 0.000204 0.000204 0.000000 0.000063 0.000039 0.761825 0.236357 0.000404 0.000000 0.000000
 0.000049 0.000000 0.000000 0.572327 0.000000 0.000224 0.000000 0.000248 0.000005 0.000258 0.000204 0.000204 0.000000 0.093567 0.000039 0.000637 0.331832 0.000404 0.000000 0.000000
 0.000049 0.000000 0.000000 0.000117 0.000000 0.000224 0.000000 0.000248 0.000005 0.000258 0.000204 0.000204 0.000000 0.000063 0.000039 0.000637 0.997545 0.000404 0.000000 0.000000
 0.000049 0.000000 0.000000 0.000117 0.000000 0.000224 0.000000 0.071223 0.000005 0.000258 0.000204 0.000204 0.000000 0.000063 0.000039 0.000637 0.000904 0.926070 0.000000 0.000000
 0.000049 0.000000 0.000000 0.000117 0.000000 0.000224 0.000000 0.000248 0.000005 0.000258 0.000204 0.000204 0.000000 0.000063 0.000039 0.000637 0.997545 0.000404 0.000000 0.000000
 0.000049 0.000000 0.000000 0.000117 0.000000 0.000224 0.000000 0.000248 0.023288 0.000258 0.000204 0.000204 0.000000 0.190168 0.094297 0.023920 0.666617 0.000404 0.000000 0.000000

********************************************************************************
Stopped because the next motif had no positive sites with scores > 0.
********************************************************************************
COMMAND:	streme --protein --p ./Data/v1_cluster_windows_15mers/cluster_8871.fasta --minw 3 --maxw 15 --thresh 0.05 --oc ./Results/v1_Top500_Run_20250504_162200/streme_out_cluster_8871
********************************************************************************
CPU:		Hirokis-MacBook-Air.local
********************************************************************************
FINALTIME:	0.14 seconds
********************************************************************************
