********************************************************************************
STREME - Sensitive, Thorough, Rapid, Enriched Motif Elicitation
********************************************************************************
MEME version 5.5.7 (Release date: Wed Jun 19 13:59:04 2024 -0700)

For further information on how to interpret these results please access https://meme-suite.org/meme.
To get a copy of the MEME Suite software please access https://meme-suite.org.

********************************************************************************


********************************************************************************
REFERENCE
********************************************************************************
If you use this program in your research, please cite:

Timothy L. Bailey,
"STREME: accurate and versatile sequence motif discovery",
Bioinformatics, Mar. 24, 2021.
********************************************************************************


ALPHABET= ACDEFGHIKLMNPQRSTVWY

strands: +

Background letter frequencies
A 0.172 C 0.00633 D 0.00554 E 0.00317 F 0.000414 G 0.0836 H 0.0146 I 0.041 K 1.97e-05 L 0.0872 M 0.0012 N 0.0848 P 0.0596 Q 0.015 R 0.00239 S 0.334 T 0.0138 V 0.0738 W 1.97e-05 Y 0.00199 

MOTIF 1-NISSSVAASNPGL STREME-1
letter-probability matrix: alength= 20 w= 13 nsites= 167 E= 6.7e-009
 0.026774 0.000006 0.079865 0.000003 0.000000 0.093291 0.000014 0.000039 0.000000 0.000084 0.000001 0.406918 0.000057 0.026624 0.019936 0.279859 0.033235 0.000071 0.000000 0.033224
 0.000164 0.000006 0.000005 0.000003 0.000000 0.000080 0.000014 0.392852 0.000000 0.293457 0.006646 0.000081 0.000057 0.000014 0.000002 0.000320 0.013302 0.292993 0.000000 0.000002
 0.026742 0.000006 0.000005 0.000003 0.006645 0.000080 0.000014 0.000039 0.000000 0.000084 0.000001 0.000081 0.000057 0.019979 0.000002 0.906245 0.039943 0.000071 0.000000 0.000002
 0.392690 0.000006 0.000005 0.000003 0.000000 0.026689 0.000014 0.000039 0.000000 0.000084 0.000001 0.086648 0.000057 0.000014 0.000002 0.446831 0.046842 0.000071 0.000000 0.000002
 0.046707 0.000006 0.000005 0.000003 0.000000 0.053235 0.000014 0.000039 0.000000 0.000084 0.000001 0.033303 0.000057 0.013303 0.000002 0.853153 0.000013 0.000071 0.000000 0.000002
 0.000164 0.000006 0.000005 0.000003 0.000000 0.000080 0.000014 0.200075 0.000000 0.000084 0.000001 0.000081 0.000057 0.000014 0.000002 0.000320 0.000013 0.799076 0.000000 0.000002
 0.999206 0.000006 0.000005 0.000003 0.000000 0.000080 0.000014 0.000039 0.000000 0.000084 0.000001 0.000081 0.000057 0.000014 0.000002 0.000320 0.000013 0.000071 0.000000 0.000002
 0.726088 0.000006 0.000005 0.013292 0.000000 0.000080 0.000014 0.000039 0.000000 0.013372 0.000001 0.000081 0.000057 0.159956 0.006647 0.033574 0.000013 0.046771 0.000000 0.000002
 0.193391 0.000006 0.000005 0.000003 0.000000 0.013369 0.000014 0.000039 0.000000 0.000084 0.000001 0.119870 0.000057 0.000014 0.000002 0.653124 0.019946 0.000071 0.000000 0.000002
 0.000164 0.000006 0.000005 0.026612 0.000000 0.073872 0.226208 0.000039 0.000000 0.000084 0.000001 0.619277 0.000057 0.006659 0.000002 0.046926 0.000013 0.000071 0.000000 0.000002
 0.000164 0.000006 0.000005 0.000003 0.000000 0.000080 0.000014 0.000039 0.000000 0.080520 0.000001 0.000081 0.918662 0.000014 0.000002 0.000320 0.000013 0.000071 0.000000 0.000002
 0.000164 0.000006 0.006650 0.000003 0.000000 0.892076 0.000014 0.000039 0.000000 0.000084 0.000001 0.020046 0.000057 0.000014 0.000002 0.074112 0.006658 0.000071 0.000000 0.000002
 0.000164 0.000006 0.000005 0.000003 0.000000 0.073872 0.000014 0.006684 0.000000 0.898755 0.013290 0.000081 0.000057 0.000014 0.000002 0.000320 0.000013 0.006715 0.000000 0.000002

MOTIF 2-GLSGC STREME-2
letter-probability matrix: alength= 20 w= 5 nsites= 16 E= 4.5e-001
 0.015592 0.000575 0.000504 0.000289 0.000038 0.916693 0.001328 0.003730 0.000002 0.007924 0.000109 0.007710 0.005415 0.001364 0.000217 0.030366 0.001256 0.006706 0.000002 0.000181
 0.015592 0.000575 0.000504 0.000289 0.000038 0.007602 0.001328 0.003730 0.000002 0.917015 0.000109 0.007710 0.005415 0.001364 0.000217 0.030366 0.001256 0.006706 0.000002 0.000181
 0.015592 0.000575 0.000504 0.000289 0.000038 0.007602 0.001328 0.003730 0.000002 0.007924 0.000109 0.007710 0.005415 0.001364 0.000217 0.939456 0.001256 0.006706 0.000002 0.000181
 0.015592 0.000575 0.000504 0.000289 0.000038 0.916693 0.001328 0.003730 0.000002 0.007924 0.000109 0.007710 0.005415 0.001364 0.000217 0.030366 0.001256 0.006706 0.000002 0.000181
 0.015592 0.909666 0.000504 0.000289 0.000038 0.007602 0.001328 0.003730 0.000002 0.007924 0.000109 0.007710 0.005415 0.001364 0.000217 0.030366 0.001256 0.006706 0.000002 0.000181

MOTIF 3-SNLQSSIA STREME-3
letter-probability matrix: alength= 20 w= 8 nsites= 1 E= 4.0e+000
 0.021624 0.000798 0.000699 0.000400 0.000052 0.010543 0.001842 0.005173 0.000002 0.010990 0.000152 0.010692 0.007510 0.001891 0.000301 0.916033 0.001743 0.009300 0.000002 0.000251
 0.021624 0.000798 0.000699 0.000400 0.000052 0.010543 0.001842 0.005173 0.000002 0.010990 0.000152 0.884612 0.007510 0.001891 0.000301 0.042113 0.001743 0.009300 0.000002 0.000251
 0.021624 0.000798 0.000699 0.000400 0.000052 0.010543 0.001842 0.005173 0.000002 0.884910 0.000152 0.010692 0.007510 0.001891 0.000301 0.042113 0.001743 0.009300 0.000002 0.000251
 0.021624 0.000798 0.000699 0.000400 0.000052 0.010543 0.001842 0.005173 0.000002 0.010990 0.000152 0.010692 0.007510 0.875811 0.000301 0.042113 0.001743 0.009300 0.000002 0.000251
 0.021624 0.000798 0.000699 0.000400 0.000052 0.010543 0.001842 0.005173 0.000002 0.010990 0.000152 0.010692 0.007510 0.001891 0.000301 0.916033 0.001743 0.009300 0.000002 0.000251
 0.021624 0.000798 0.000699 0.000400 0.000052 0.010543 0.001842 0.005173 0.000002 0.010990 0.000152 0.010692 0.007510 0.001891 0.000301 0.916033 0.001743 0.009300 0.000002 0.000251
 0.021624 0.000798 0.000699 0.000400 0.000052 0.010543 0.001842 0.879093 0.000002 0.010990 0.000152 0.010692 0.007510 0.001891 0.000301 0.042113 0.001743 0.009300 0.000002 0.000251
 0.895544 0.000798 0.000699 0.000400 0.000052 0.010543 0.001842 0.005173 0.000002 0.010990 0.000152 0.010692 0.007510 0.001891 0.000301 0.042113 0.001743 0.009300 0.000002 0.000251

MOTIF 4-SSSIASSSS STREME-4
letter-probability matrix: alength= 20 w= 9 nsites= 1 E= 4.0e+000
 0.021624 0.000798 0.000699 0.000400 0.000052 0.010543 0.001842 0.005173 0.000002 0.010990 0.000152 0.010692 0.007510 0.001891 0.000301 0.916033 0.001743 0.009300 0.000002 0.000251
 0.021624 0.000798 0.000699 0.000400 0.000052 0.010543 0.001842 0.005173 0.000002 0.010990 0.000152 0.010692 0.007510 0.001891 0.000301 0.916033 0.001743 0.009300 0.000002 0.000251
 0.021624 0.000798 0.000699 0.000400 0.000052 0.010543 0.001842 0.005173 0.000002 0.010990 0.000152 0.010692 0.007510 0.001891 0.000301 0.916033 0.001743 0.009300 0.000002 0.000251
 0.021624 0.000798 0.000699 0.000400 0.000052 0.010543 0.001842 0.879093 0.000002 0.010990 0.000152 0.010692 0.007510 0.001891 0.000301 0.042113 0.001743 0.009300 0.000002 0.000251
 0.895544 0.000798 0.000699 0.000400 0.000052 0.010543 0.001842 0.005173 0.000002 0.010990 0.000152 0.010692 0.007510 0.001891 0.000301 0.042113 0.001743 0.009300 0.000002 0.000251
 0.021624 0.000798 0.000699 0.000400 0.000052 0.010543 0.001842 0.005173 0.000002 0.010990 0.000152 0.010692 0.007510 0.001891 0.000301 0.916033 0.001743 0.009300 0.000002 0.000251
 0.021624 0.000798 0.000699 0.000400 0.000052 0.010543 0.001842 0.005173 0.000002 0.010990 0.000152 0.010692 0.007510 0.001891 0.000301 0.916033 0.001743 0.009300 0.000002 0.000251
 0.021624 0.000798 0.000699 0.000400 0.000052 0.010543 0.001842 0.005173 0.000002 0.010990 0.000152 0.010692 0.007510 0.001891 0.000301 0.916033 0.001743 0.009300 0.000002 0.000251
 0.021624 0.000798 0.000699 0.000400 0.000052 0.010543 0.001842 0.005173 0.000002 0.010990 0.000152 0.010692 0.007510 0.001891 0.000301 0.916033 0.001743 0.009300 0.000002 0.000251

********************************************************************************
Stopped because 3 consecutive motifs exceeded the p-value threshold (0.05).
********************************************************************************
COMMAND:	streme --protein --p ./Data/v1_cluster_windows_15mers/cluster_9548.fasta --minw 3 --maxw 15 --thresh 0.05 --oc ./Results/v1_Top500_Run_20250504_162200/streme_out_cluster_9548
********************************************************************************
CPU:		Hirokis-MacBook-Air.local
********************************************************************************
FINALTIME:	0.48 seconds
********************************************************************************
