********************************************************************************
STREME - Sensitive, Thorough, Rapid, Enriched Motif Elicitation
********************************************************************************
MEME version 5.5.7 (Release date: Wed Jun 19 13:59:04 2024 -0700)

For further information on how to interpret these results please access https://meme-suite.org/meme.
To get a copy of the MEME Suite software please access https://meme-suite.org.

********************************************************************************


********************************************************************************
REFERENCE
********************************************************************************
If you use this program in your research, please cite:

Timothy L. Bailey,
"STREME: accurate and versatile sequence motif discovery",
Bioinformatics, Mar. 24, 2021.
********************************************************************************


ALPHABET= ACDEFGHIKLMNPQRSTVWY

strands: +

Background letter frequencies
A 0.0523 C 0.000686 D 0.00918 E 0.00199 F 0.00526 G 0.368 H 3.27e-05 I 0.000686 K 3.27e-05 L 0.0653 M 3.27e-05 N 0.0725 P 0.066 Q 0.0667 R 0.00199 S 0.133 T 0.0209 V 0.00264 W 3.27e-05 Y 0.133 

MOTIF 1-YGQNGYGP STREME-1
letter-probability matrix: alength= 20 w= 8 nsites= 100 E= 2.7e-005
 0.000059 0.000001 0.000010 0.000002 0.000006 0.000416 0.000000 0.000001 0.000000 0.000074 0.000000 0.000082 0.007908 0.000075 0.000002 0.007984 0.000024 0.000003 0.000000 0.983353
 0.000059 0.000001 0.023512 0.000002 0.000006 0.975784 0.000000 0.000001 0.000000 0.000074 0.000000 0.000082 0.000075 0.000075 0.000002 0.000150 0.000024 0.000003 0.000000 0.000151
 0.000059 0.000001 0.000010 0.007836 0.000006 0.000416 0.000000 0.000001 0.000000 0.023762 0.000000 0.000082 0.000075 0.959589 0.000002 0.007984 0.000024 0.000003 0.000000 0.000151
 0.000059 0.000001 0.000010 0.000002 0.000006 0.000416 0.000000 0.000001 0.000000 0.000074 0.000000 0.998952 0.000075 0.000075 0.000002 0.000150 0.000024 0.000003 0.000000 0.000151
 0.000059 0.000001 0.000010 0.000002 0.000006 0.999285 0.000000 0.000001 0.000000 0.000074 0.000000 0.000082 0.000075 0.000075 0.000002 0.000150 0.000024 0.000003 0.000000 0.000151
 0.000059 0.000001 0.000010 0.000002 0.000006 0.000416 0.000000 0.000001 0.000000 0.000074 0.000000 0.000082 0.000075 0.000075 0.000002 0.000150 0.000024 0.000003 0.000000 0.999020
 0.000059 0.007835 0.015740 0.000002 0.000006 0.960055 0.000000 0.000001 0.000000 0.000074 0.000000 0.000082 0.000075 0.000075 0.015670 0.000150 0.000024 0.000003 0.000000 0.000151
 0.000059 0.000001 0.000010 0.000002 0.000006 0.000416 0.000000 0.000001 0.000000 0.007908 0.000000 0.000082 0.975443 0.000075 0.000002 0.007984 0.000024 0.000003 0.000000 0.007984

MOTIF 2-SLG STREME-2
letter-probability matrix: alength= 20 w= 3 nsites= 93 E= 2.7e-005
 0.000069 0.000001 0.000012 0.000003 0.000007 0.000488 0.000000 0.000001 0.000000 0.000087 0.000000 0.000096 0.000088 0.000088 0.000003 0.998850 0.000028 0.000004 0.000000 0.000177
 0.000069 0.000001 0.000012 0.000003 0.000007 0.028282 0.000000 0.000001 0.000000 0.970966 0.000000 0.000096 0.000088 0.000088 0.000003 0.000176 0.000028 0.000004 0.000000 0.000177
 0.000069 0.000001 0.003803 0.000003 0.000007 0.939782 0.000000 0.000001 0.000000 0.000087 0.000000 0.000096 0.000088 0.000088 0.000003 0.000176 0.055617 0.000004 0.000000 0.000177

MOTIF 3-GSGA STREME-3
letter-probability matrix: alength= 20 w= 4 nsites= 46 E= 3.5e-001
 0.000171 0.000002 0.000030 0.000007 0.000017 0.556060 0.000000 0.000002 0.000000 0.000214 0.000000 0.009607 0.000216 0.000218 0.000007 0.387315 0.045686 0.000009 0.000000 0.000437
 0.285350 0.000002 0.000030 0.000007 0.000017 0.001205 0.000000 0.000002 0.000000 0.000214 0.000000 0.000238 0.000216 0.000218 0.000007 0.451672 0.260375 0.000009 0.000000 0.000437
 0.000171 0.000002 0.000030 0.000007 0.000017 0.997928 0.000000 0.000002 0.000000 0.000214 0.000000 0.000238 0.000216 0.000218 0.000007 0.000435 0.000069 0.000009 0.000000 0.000437
 0.996894 0.000002 0.000030 0.000007 0.000017 0.001205 0.000000 0.000002 0.000000 0.000214 0.000000 0.000238 0.000216 0.000218 0.000007 0.000435 0.000069 0.000009 0.000000 0.000437

MOTIF 4-SSGS STREME-4
letter-probability matrix: alength= 20 w= 4 nsites= 12 E= 1.2e+000
 0.000731 0.000010 0.000128 0.000028 0.000073 0.005140 0.000000 0.000010 0.000000 0.000913 0.000000 0.001014 0.000922 0.000932 0.000028 0.987877 0.000293 0.000037 0.000000 0.001863
 0.000731 0.000010 0.000128 0.000028 0.000073 0.005140 0.000000 0.000010 0.000000 0.000913 0.000000 0.001014 0.000922 0.000932 0.000028 0.696496 0.291674 0.000037 0.000000 0.001863
 0.000731 0.000010 0.000128 0.000028 0.000073 0.991164 0.000000 0.000010 0.000000 0.000913 0.000000 0.001014 0.000922 0.000932 0.000028 0.001853 0.000293 0.000037 0.000000 0.001863
 0.000731 0.000010 0.000128 0.000028 0.000073 0.005140 0.000000 0.000010 0.000000 0.000913 0.000000 0.001014 0.000922 0.000932 0.000028 0.891005 0.097165 0.000037 0.000000 0.001863

MOTIF 5-SFG STREME-5
letter-probability matrix: alength= 20 w= 3 nsites= 8 E= 5.0e+000
 0.004754 0.000062 0.000834 0.000181 0.000478 0.033435 0.000003 0.000062 0.000003 0.005941 0.000003 0.006593 0.006000 0.006060 0.000181 0.921145 0.001903 0.000240 0.000003 0.012118
 0.004754 0.000062 0.000834 0.000181 0.909569 0.033435 0.000003 0.000062 0.000003 0.005941 0.000003 0.006593 0.006000 0.006060 0.000181 0.012054 0.001903 0.000240 0.000003 0.012118
 0.004754 0.000062 0.000834 0.000181 0.000478 0.942526 0.000003 0.000062 0.000003 0.005941 0.000003 0.006593 0.006000 0.006060 0.000181 0.012054 0.001903 0.000240 0.000003 0.012118

********************************************************************************
Stopped because 3 consecutive motifs exceeded the p-value threshold (0.05).
********************************************************************************
COMMAND:	streme --protein --p ./Data/v1_cluster_windows_15mers/cluster_7899.fasta --minw 3 --maxw 15 --thresh 0.05 --oc ./Results/v1_Top500_Run_20250504_162200/streme_out_cluster_7899
********************************************************************************
CPU:		Hirokis-MacBook-Air.local
********************************************************************************
FINALTIME:	0.22 seconds
********************************************************************************
