********************************************************************************
STREME - Sensitive, Thorough, Rapid, Enriched Motif Elicitation
********************************************************************************
MEME version 5.5.7 (Release date: Wed Jun 19 13:59:04 2024 -0700)

For further information on how to interpret these results please access https://meme-suite.org/meme.
To get a copy of the MEME Suite software please access https://meme-suite.org.

********************************************************************************


********************************************************************************
REFERENCE
********************************************************************************
If you use this program in your research, please cite:

Timothy L. Bailey,
"STREME: accurate and versatile sequence motif discovery",
Bioinformatics, Mar. 24, 2021.
********************************************************************************


ALPHABET= ACDEFGHIKLMNPQRSTVWY

strands: +

Background letter frequencies
A 0.759 C 6.66e-05 D 0.0014 E 6.66e-05 F 6.66e-05 G 0.111 H 6.66e-05 I 6.66e-05 K 6.66e-05 L 0.00539 M 6.66e-05 N 0.0294 P 0.0294 Q 0.0134 R 0.00406 S 0.024 T 0.0134 V 6.66e-05 W 6.66e-05 Y 0.00939 

MOTIF 1-GNAAAAAATAA STREME-1
letter-probability matrix: alength= 20 w= 11 nsites= 19 E= 6.7e-001
 0.069006 0.000006 0.000127 0.000006 0.000006 0.919145 0.000006 0.000006 0.000006 0.000490 0.000006 0.002669 0.002669 0.001216 0.000369 0.002184 0.001216 0.000006 0.000006 0.000853
 0.069006 0.000006 0.000127 0.000006 0.000006 0.010054 0.000006 0.000006 0.000006 0.000490 0.000006 0.911760 0.002669 0.001216 0.000369 0.002184 0.001216 0.000006 0.000006 0.000853
 0.978097 0.000006 0.000127 0.000006 0.000006 0.010054 0.000006 0.000006 0.000006 0.000490 0.000006 0.002669 0.002669 0.001216 0.000369 0.002184 0.001216 0.000006 0.000006 0.000853
 0.978097 0.000006 0.000127 0.000006 0.000006 0.010054 0.000006 0.000006 0.000006 0.000490 0.000006 0.002669 0.002669 0.001216 0.000369 0.002184 0.001216 0.000006 0.000006 0.000853
 0.978097 0.000006 0.000127 0.000006 0.000006 0.010054 0.000006 0.000006 0.000006 0.000490 0.000006 0.002669 0.002669 0.001216 0.000369 0.002184 0.001216 0.000006 0.000006 0.000853
 0.978097 0.000006 0.000127 0.000006 0.000006 0.010054 0.000006 0.000006 0.000006 0.000490 0.000006 0.002669 0.002669 0.001216 0.000369 0.002184 0.001216 0.000006 0.000006 0.000853
 0.978097 0.000006 0.000127 0.000006 0.000006 0.010054 0.000006 0.000006 0.000006 0.000490 0.000006 0.002669 0.002669 0.001216 0.000369 0.002184 0.001216 0.000006 0.000006 0.000853
 0.978097 0.000006 0.000127 0.000006 0.000006 0.010054 0.000006 0.000006 0.000006 0.000490 0.000006 0.002669 0.002669 0.001216 0.000369 0.002184 0.001216 0.000006 0.000006 0.000853
 0.069006 0.000006 0.000127 0.000006 0.000006 0.010054 0.000006 0.000006 0.000006 0.000490 0.000006 0.002669 0.002669 0.001216 0.000369 0.002184 0.910307 0.000006 0.000006 0.000853
 0.978097 0.000006 0.000127 0.000006 0.000006 0.010054 0.000006 0.000006 0.000006 0.000490 0.000006 0.002669 0.002669 0.001216 0.000369 0.002184 0.001216 0.000006 0.000006 0.000853
 0.978097 0.000006 0.000127 0.000006 0.000006 0.010054 0.000006 0.000006 0.000006 0.000490 0.000006 0.002669 0.002669 0.001216 0.000369 0.002184 0.001216 0.000006 0.000006 0.000853

MOTIF 2-YGP STREME-2
letter-probability matrix: alength= 20 w= 3 nsites= 10 E= 1.5e+000
 0.052296 0.000001 0.000027 0.000001 0.000001 0.002105 0.000001 0.000001 0.000001 0.000103 0.000001 0.000559 0.000559 0.402519 0.000077 0.000457 0.000255 0.000001 0.000001 0.541034
 0.014446 0.000001 0.000027 0.000001 0.000001 0.983074 0.000001 0.000001 0.000001 0.000103 0.000001 0.000559 0.000559 0.000255 0.000077 0.000457 0.000255 0.000001 0.000001 0.000179
 0.014446 0.000001 0.000027 0.000001 0.000001 0.002105 0.000001 0.000001 0.000001 0.000103 0.000001 0.000559 0.981528 0.000255 0.000077 0.000457 0.000255 0.000001 0.000001 0.000179

MOTIF 3-AAAAAAAAAGS STREME-3
letter-probability matrix: alength= 20 w= 11 nsites= 14 E= 3.0e+000
 0.978097 0.000006 0.000127 0.000006 0.000006 0.010054 0.000006 0.000006 0.000006 0.000490 0.000006 0.002669 0.002669 0.001216 0.000369 0.002184 0.001216 0.000006 0.000006 0.000853
 0.978097 0.000006 0.000127 0.000006 0.000006 0.010054 0.000006 0.000006 0.000006 0.000490 0.000006 0.002669 0.002669 0.001216 0.000369 0.002184 0.001216 0.000006 0.000006 0.000853
 0.978097 0.000006 0.000127 0.000006 0.000006 0.010054 0.000006 0.000006 0.000006 0.000490 0.000006 0.002669 0.002669 0.001216 0.000369 0.002184 0.001216 0.000006 0.000006 0.000853
 0.978097 0.000006 0.000127 0.000006 0.000006 0.010054 0.000006 0.000006 0.000006 0.000490 0.000006 0.002669 0.002669 0.001216 0.000369 0.002184 0.001216 0.000006 0.000006 0.000853
 0.978097 0.000006 0.000127 0.000006 0.000006 0.010054 0.000006 0.000006 0.000006 0.000490 0.000006 0.002669 0.002669 0.001216 0.000369 0.002184 0.001216 0.000006 0.000006 0.000853
 0.978097 0.000006 0.000127 0.000006 0.000006 0.010054 0.000006 0.000006 0.000006 0.000490 0.000006 0.002669 0.002669 0.001216 0.000369 0.002184 0.001216 0.000006 0.000006 0.000853
 0.978097 0.000006 0.000127 0.000006 0.000006 0.010054 0.000006 0.000006 0.000006 0.000490 0.000006 0.002669 0.002669 0.001216 0.000369 0.002184 0.001216 0.000006 0.000006 0.000853
 0.978097 0.000006 0.000127 0.000006 0.000006 0.010054 0.000006 0.000006 0.000006 0.000490 0.000006 0.002669 0.002669 0.001216 0.000369 0.002184 0.001216 0.000006 0.000006 0.000853
 0.978097 0.000006 0.000127 0.000006 0.000006 0.010054 0.000006 0.000006 0.000006 0.000490 0.000006 0.002669 0.002669 0.001216 0.000369 0.002184 0.001216 0.000006 0.000006 0.000853
 0.069006 0.000006 0.000127 0.000006 0.000006 0.919145 0.000006 0.000006 0.000006 0.000490 0.000006 0.002669 0.002669 0.001216 0.000369 0.002184 0.001216 0.000006 0.000006 0.000853
 0.069006 0.000006 0.000127 0.000006 0.000006 0.010054 0.000006 0.000006 0.000006 0.000490 0.000006 0.002669 0.002669 0.001216 0.000369 0.911275 0.001216 0.000006 0.000006 0.000853

********************************************************************************
Stopped because 3 consecutive motifs exceeded the p-value threshold (0.05).
********************************************************************************
COMMAND:	streme --protein --p ./Data/v1_cluster_windows_15mers/cluster_22090.fasta --minw 3 --maxw 15 --thresh 0.05 --oc ./Results/v1_Top500_Run_20250504_162200/streme_out_cluster_22090
********************************************************************************
CPU:		Hirokis-MacBook-Air.local
********************************************************************************
FINALTIME:	0.15 seconds
********************************************************************************
