********************************************************************************
STREME - Sensitive, Thorough, Rapid, Enriched Motif Elicitation
********************************************************************************
MEME version 5.5.7 (Release date: Wed Jun 19 13:59:04 2024 -0700)

For further information on how to interpret these results please access https://meme-suite.org/meme.
To get a copy of the MEME Suite software please access https://meme-suite.org.

********************************************************************************


********************************************************************************
REFERENCE
********************************************************************************
If you use this program in your research, please cite:

Timothy L. Bailey,
"STREME: accurate and versatile sequence motif discovery",
Bioinformatics, Mar. 24, 2021.
********************************************************************************


ALPHABET= ACDEFGHIKLMNPQRSTVWY

strands: +

Background letter frequencies
A 0.265 C 5.64e-05 D 5.64e-05 E 5.64e-05 F 5.64e-05 G 0.466 H 5.64e-05 I 5.64e-05 K 5.64e-05 L 5.64e-05 M 5.64e-05 N 0.00909 P 5.64e-05 Q 0.0858 R 0.0362 S 0.0689 T 5.64e-05 V 0.00118 W 5.64e-05 Y 0.0666 

MOTIF 1-GGYGQGGAGAGSAA STREME-1
letter-probability matrix: alength= 20 w= 14 nsites= 59 E= 7.9e-003
 0.024118 0.000005 0.000005 0.000005 0.000005 0.951472 0.000005 0.000005 0.000005 0.000005 0.000005 0.000826 0.000005 0.007803 0.003288 0.006264 0.000005 0.000108 0.000005 0.006059
 0.024118 0.000005 0.000005 0.000005 0.000005 0.951472 0.000005 0.000005 0.000005 0.000005 0.000005 0.000826 0.000005 0.007803 0.003288 0.006264 0.000005 0.000108 0.000005 0.006059
 0.024118 0.000005 0.000005 0.000005 0.000005 0.042381 0.000005 0.000005 0.000005 0.000005 0.000005 0.000826 0.000005 0.007803 0.003288 0.006264 0.000005 0.000108 0.000005 0.915150
 0.024118 0.000005 0.000005 0.000005 0.000005 0.951472 0.000005 0.000005 0.000005 0.000005 0.000005 0.000826 0.000005 0.007803 0.003288 0.006264 0.000005 0.000108 0.000005 0.006059
 0.024118 0.000005 0.000005 0.000005 0.000005 0.042381 0.000005 0.000005 0.000005 0.000005 0.000005 0.000826 0.000005 0.916894 0.003288 0.006264 0.000005 0.000108 0.000005 0.006059
 0.024118 0.000005 0.000005 0.000005 0.000005 0.951472 0.000005 0.000005 0.000005 0.000005 0.000005 0.000826 0.000005 0.007803 0.003288 0.006264 0.000005 0.000108 0.000005 0.006059
 0.024118 0.000005 0.000005 0.000005 0.000005 0.951472 0.000005 0.000005 0.000005 0.000005 0.000005 0.000826 0.000005 0.007803 0.003288 0.006264 0.000005 0.000108 0.000005 0.006059
 0.933209 0.000005 0.000005 0.000005 0.000005 0.042381 0.000005 0.000005 0.000005 0.000005 0.000005 0.000826 0.000005 0.007803 0.003288 0.006264 0.000005 0.000108 0.000005 0.006059
 0.024118 0.000005 0.000005 0.000005 0.000005 0.951472 0.000005 0.000005 0.000005 0.000005 0.000005 0.000826 0.000005 0.007803 0.003288 0.006264 0.000005 0.000108 0.000005 0.006059
 0.933209 0.000005 0.000005 0.000005 0.000005 0.042381 0.000005 0.000005 0.000005 0.000005 0.000005 0.000826 0.000005 0.007803 0.003288 0.006264 0.000005 0.000108 0.000005 0.006059
 0.024118 0.000005 0.000005 0.000005 0.000005 0.951472 0.000005 0.000005 0.000005 0.000005 0.000005 0.000826 0.000005 0.007803 0.003288 0.006264 0.000005 0.000108 0.000005 0.006059
 0.024118 0.000005 0.000005 0.000005 0.000005 0.042381 0.000005 0.000005 0.000005 0.000005 0.000005 0.000826 0.000005 0.007803 0.003288 0.915355 0.000005 0.000108 0.000005 0.006059
 0.933209 0.000005 0.000005 0.000005 0.000005 0.042381 0.000005 0.000005 0.000005 0.000005 0.000005 0.000826 0.000005 0.007803 0.003288 0.006264 0.000005 0.000108 0.000005 0.006059
 0.933209 0.000005 0.000005 0.000005 0.000005 0.042381 0.000005 0.000005 0.000005 0.000005 0.000005 0.000826 0.000005 0.007803 0.003288 0.006264 0.000005 0.000108 0.000005 0.006059

MOTIF 2-GAGS STREME-2
letter-probability matrix: alength= 20 w= 4 nsites= 1 E= 2.0e+000
 0.024118 0.000005 0.000005 0.000005 0.000005 0.951472 0.000005 0.000005 0.000005 0.000005 0.000005 0.000826 0.000005 0.007803 0.003288 0.006264 0.000005 0.000108 0.000005 0.006059
 0.933209 0.000005 0.000005 0.000005 0.000005 0.042381 0.000005 0.000005 0.000005 0.000005 0.000005 0.000826 0.000005 0.007803 0.003288 0.006264 0.000005 0.000108 0.000005 0.006059
 0.024118 0.000005 0.000005 0.000005 0.000005 0.951472 0.000005 0.000005 0.000005 0.000005 0.000005 0.000826 0.000005 0.007803 0.003288 0.006264 0.000005 0.000108 0.000005 0.006059
 0.024118 0.000005 0.000005 0.000005 0.000005 0.042381 0.000005 0.000005 0.000005 0.000005 0.000005 0.000826 0.000005 0.007803 0.003288 0.915355 0.000005 0.000108 0.000005 0.006059

********************************************************************************
Stopped because the next motif had no positive sites with scores > 0.
********************************************************************************
COMMAND:	streme --protein --p ./Data/v1_cluster_windows_15mers/cluster_19868.fasta --minw 3 --maxw 15 --thresh 0.05 --oc ./Results/v1_Top500_Run_20250504_162200/streme_out_cluster_19868
********************************************************************************
CPU:		Hirokis-MacBook-Air.local
********************************************************************************
FINALTIME:	0.15 seconds
********************************************************************************
