********************************************************************************
STREME - Sensitive, Thorough, Rapid, Enriched Motif Elicitation
********************************************************************************
MEME version 5.5.7 (Release date: Wed Jun 19 13:59:04 2024 -0700)

For further information on how to interpret these results please access https://meme-suite.org/meme.
To get a copy of the MEME Suite software please access https://meme-suite.org.

********************************************************************************


********************************************************************************
REFERENCE
********************************************************************************
If you use this program in your research, please cite:

Timothy L. Bailey,
"STREME: accurate and versatile sequence motif discovery",
Bioinformatics, Mar. 24, 2021.
********************************************************************************


ALPHABET= ACDEFGHIKLMNPQRSTVWY

strands: +

Background letter frequencies
A 0.139 C 5.05e-05 D 0.00812 E 0.00207 F 0.0767 G 0.121 H 5.05e-05 I 0.0374 K 0.00106 L 0.00913 M 0.00409 N 0.0889 P 0.0273 Q 0.0051 R 0.00207 S 0.302 T 0.0283 V 0.144 W 5.05e-05 Y 0.00308 

MOTIF 1-VSSAVSSFVSSGGAN STREME-1
letter-probability matrix: alength= 20 w= 15 nsites= 65 E= 1.5e-002
 0.000433 0.000000 0.000025 0.000006 0.000239 0.000377 0.000000 0.173673 0.000003 0.000028 0.000013 0.000276 0.000085 0.000016 0.000006 0.000939 0.000088 0.823781 0.000000 0.000010
 0.043558 0.000000 0.000025 0.000006 0.000239 0.000377 0.000000 0.000116 0.000003 0.000028 0.000013 0.000276 0.000085 0.000016 0.000006 0.954703 0.000088 0.000449 0.000000 0.000010
 0.000433 0.000000 0.000025 0.000006 0.000239 0.000377 0.000000 0.000116 0.000003 0.000028 0.000013 0.108883 0.000085 0.000016 0.000006 0.802709 0.086601 0.000449 0.000000 0.000010
 0.953935 0.000000 0.000025 0.000006 0.000239 0.000377 0.000000 0.000116 0.000003 0.000028 0.000013 0.000276 0.000085 0.000016 0.000006 0.000939 0.043476 0.000449 0.000000 0.000010
 0.282328 0.000000 0.000025 0.000006 0.000239 0.000377 0.000000 0.000116 0.000003 0.000028 0.000013 0.000276 0.000085 0.000016 0.000006 0.000939 0.000088 0.715444 0.000000 0.000010
 0.000433 0.000000 0.000025 0.000006 0.000239 0.000377 0.000000 0.000116 0.000003 0.000028 0.000013 0.087321 0.000085 0.021578 0.000006 0.889221 0.000088 0.000449 0.000000 0.000010
 0.000433 0.000000 0.000025 0.000006 0.000239 0.000377 0.000000 0.000116 0.021566 0.000028 0.000013 0.282171 0.000085 0.000016 0.021569 0.434565 0.238332 0.000449 0.000000 0.000010
 0.000433 0.000000 0.000025 0.000006 0.997128 0.000377 0.000000 0.000116 0.000003 0.000028 0.000013 0.000276 0.000085 0.000016 0.000006 0.000939 0.000088 0.000449 0.000000 0.000010
 0.259708 0.000000 0.000025 0.000006 0.000239 0.000377 0.000000 0.021679 0.000003 0.173585 0.065494 0.000276 0.000085 0.000016 0.000006 0.000939 0.000088 0.477462 0.000000 0.000010
 0.043558 0.000000 0.000025 0.000006 0.000239 0.000377 0.000000 0.000116 0.000003 0.000028 0.000013 0.000276 0.000085 0.000016 0.000006 0.954703 0.000088 0.000449 0.000000 0.000010
 0.000433 0.000000 0.000025 0.000006 0.000239 0.368521 0.000000 0.000116 0.000003 0.000028 0.000013 0.129914 0.000085 0.000016 0.000006 0.434565 0.000088 0.000449 0.000000 0.065491
 0.000433 0.000000 0.000025 0.000006 0.000239 0.997266 0.000000 0.000116 0.000003 0.000028 0.000013 0.000276 0.000085 0.000016 0.000006 0.000939 0.000088 0.000449 0.000000 0.000010
 0.086946 0.000000 0.000025 0.000006 0.000239 0.433478 0.000000 0.000116 0.000003 0.000028 0.000013 0.065758 0.260417 0.000016 0.021569 0.022501 0.000088 0.108786 0.000000 0.000010
 0.260765 0.000000 0.000025 0.000006 0.086751 0.000377 0.000000 0.195498 0.000003 0.021591 0.000013 0.021839 0.173379 0.000016 0.000006 0.022501 0.000088 0.217131 0.000000 0.000010
 0.000433 0.000000 0.064713 0.000006 0.000239 0.000377 0.000000 0.021679 0.000003 0.000028 0.021575 0.607722 0.000085 0.000016 0.000006 0.282571 0.000088 0.000449 0.000000 0.000010

MOTIF 2-ASS STREME-2
letter-probability matrix: alength= 20 w= 3 nsites= 1 E= 2.0e+000
 0.921755 0.000005 0.000738 0.000188 0.006977 0.011010 0.000005 0.003399 0.000096 0.000830 0.000372 0.008078 0.002482 0.000463 0.000188 0.027438 0.002573 0.013119 0.000005 0.000280
 0.012664 0.000005 0.000738 0.000188 0.006977 0.011010 0.000005 0.003399 0.000096 0.000830 0.000372 0.008078 0.002482 0.000463 0.000188 0.936529 0.002573 0.013119 0.000005 0.000280
 0.012664 0.000005 0.000738 0.000188 0.006977 0.011010 0.000005 0.003399 0.000096 0.000830 0.000372 0.008078 0.002482 0.000463 0.000188 0.936529 0.002573 0.013119 0.000005 0.000280

********************************************************************************
Stopped because the next motif had no positive sites with scores > 0.
********************************************************************************
COMMAND:	streme --protein --p ./Data/v1_cluster_windows_15mers/cluster_4269.fasta --minw 3 --maxw 15 --thresh 0.05 --oc ./Results/v1_Top500_Run_20250504_162200/streme_out_cluster_4269
********************************************************************************
CPU:		Hirokis-MacBook-Air.local
********************************************************************************
FINALTIME:	0.14 seconds
********************************************************************************
