********************************************************************************
STREME - Sensitive, Thorough, Rapid, Enriched Motif Elicitation
********************************************************************************
MEME version 5.5.7 (Release date: Wed Jun 19 13:59:04 2024 -0700)

For further information on how to interpret these results please access https://meme-suite.org/meme.
To get a copy of the MEME Suite software please access https://meme-suite.org.

********************************************************************************


********************************************************************************
REFERENCE
********************************************************************************
If you use this program in your research, please cite:

Timothy L. Bailey,
"STREME: accurate and versatile sequence motif discovery",
Bioinformatics, Mar. 24, 2021.
********************************************************************************


ALPHABET= ACDEFGHIKLMNPQRSTVWY

strands: +

Background letter frequencies
A 0.0738 C 5.94e-05 D 5.94e-05 E 0.00363 F 5.94e-05 G 0.572 H 5.94e-05 I 5.94e-05 K 5.94e-05 L 0.0666 M 5.94e-05 N 5.94e-05 P 5.94e-05 Q 0.194 R 0.0203 S 0.0666 T 0.00244 V 5.94e-05 W 5.94e-05 Y 5.94e-05 

MOTIF 1-AGQGLGGGSGQQGTG STREME-1
letter-probability matrix: alength= 20 w= 15 nsites= 56 E= 7.9e-003
 0.915798 0.000005 0.000005 0.000330 0.000005 0.051999 0.000005 0.000005 0.000005 0.006059 0.000005 0.000005 0.000005 0.017627 0.001843 0.006059 0.000222 0.000005 0.000005 0.000005
 0.006707 0.000005 0.000005 0.000330 0.000005 0.961089 0.000005 0.000005 0.000005 0.006059 0.000005 0.000005 0.000005 0.017627 0.001843 0.006059 0.000222 0.000005 0.000005 0.000005
 0.006707 0.000005 0.000005 0.000330 0.000005 0.051999 0.000005 0.000005 0.000005 0.006059 0.000005 0.000005 0.000005 0.926718 0.001843 0.006059 0.000222 0.000005 0.000005 0.000005
 0.006707 0.000005 0.000005 0.000330 0.000005 0.961089 0.000005 0.000005 0.000005 0.006059 0.000005 0.000005 0.000005 0.017627 0.001843 0.006059 0.000222 0.000005 0.000005 0.000005
 0.006707 0.000005 0.000005 0.000330 0.000005 0.051999 0.000005 0.000005 0.000005 0.915150 0.000005 0.000005 0.000005 0.017627 0.001843 0.006059 0.000222 0.000005 0.000005 0.000005
 0.006707 0.000005 0.000005 0.000330 0.000005 0.961089 0.000005 0.000005 0.000005 0.006059 0.000005 0.000005 0.000005 0.017627 0.001843 0.006059 0.000222 0.000005 0.000005 0.000005
 0.006707 0.000005 0.000005 0.000330 0.000005 0.961089 0.000005 0.000005 0.000005 0.006059 0.000005 0.000005 0.000005 0.017627 0.001843 0.006059 0.000222 0.000005 0.000005 0.000005
 0.006707 0.000005 0.000005 0.000330 0.000005 0.961089 0.000005 0.000005 0.000005 0.006059 0.000005 0.000005 0.000005 0.017627 0.001843 0.006059 0.000222 0.000005 0.000005 0.000005
 0.006707 0.000005 0.000005 0.000330 0.000005 0.051999 0.000005 0.000005 0.000005 0.006059 0.000005 0.000005 0.000005 0.017627 0.001843 0.915150 0.000222 0.000005 0.000005 0.000005
 0.006707 0.000005 0.000005 0.000330 0.000005 0.961089 0.000005 0.000005 0.000005 0.006059 0.000005 0.000005 0.000005 0.017627 0.001843 0.006059 0.000222 0.000005 0.000005 0.000005
 0.006707 0.000005 0.000005 0.000330 0.000005 0.051999 0.000005 0.000005 0.000005 0.006059 0.000005 0.000005 0.000005 0.926718 0.001843 0.006059 0.000222 0.000005 0.000005 0.000005
 0.006707 0.000005 0.000005 0.000330 0.000005 0.051999 0.000005 0.000005 0.000005 0.006059 0.000005 0.000005 0.000005 0.926718 0.001843 0.006059 0.000222 0.000005 0.000005 0.000005
 0.006707 0.000005 0.000005 0.000330 0.000005 0.961089 0.000005 0.000005 0.000005 0.006059 0.000005 0.000005 0.000005 0.017627 0.001843 0.006059 0.000222 0.000005 0.000005 0.000005
 0.006707 0.000005 0.000005 0.000330 0.000005 0.051999 0.000005 0.000005 0.000005 0.006059 0.000005 0.000005 0.000005 0.017627 0.001843 0.006059 0.909313 0.000005 0.000005 0.000005
 0.006707 0.000005 0.000005 0.000330 0.000005 0.961089 0.000005 0.000005 0.000005 0.006059 0.000005 0.000005 0.000005 0.017627 0.001843 0.006059 0.000222 0.000005 0.000005 0.000005

MOTIF 2-GRG STREME-2
letter-probability matrix: alength= 20 w= 3 nsites= 17 E= 1.0e+000
 0.006707 0.000005 0.000005 0.000330 0.000005 0.961089 0.000005 0.000005 0.000005 0.006059 0.000005 0.000005 0.000005 0.017627 0.001843 0.006059 0.000222 0.000005 0.000005 0.000005
 0.006707 0.000005 0.000005 0.000330 0.000005 0.051999 0.000005 0.000005 0.000005 0.006059 0.000005 0.000005 0.000005 0.017627 0.910934 0.006059 0.000222 0.000005 0.000005 0.000005
 0.006707 0.000005 0.000005 0.000330 0.000005 0.961089 0.000005 0.000005 0.000005 0.006059 0.000005 0.000005 0.000005 0.017627 0.001843 0.006059 0.000222 0.000005 0.000005 0.000005

********************************************************************************
Stopped because the next motif had no positive sites with scores > 0.
********************************************************************************
COMMAND:	streme --protein --p ./Data/v1_cluster_windows_15mers/cluster_18486.fasta --minw 3 --maxw 15 --thresh 0.05 --oc ./Results/v1_Top500_Run_20250504_162200/streme_out_cluster_18486
********************************************************************************
CPU:		Hirokis-MacBook-Air.local
********************************************************************************
FINALTIME:	0.11 seconds
********************************************************************************
