********************************************************************************
STREME - Sensitive, Thorough, Rapid, Enriched Motif Elicitation
********************************************************************************
MEME version 5.5.7 (Release date: Wed Jun 19 13:59:04 2024 -0700)

For further information on how to interpret these results please access https://meme-suite.org/meme.
To get a copy of the MEME Suite software please access https://meme-suite.org.

********************************************************************************


********************************************************************************
REFERENCE
********************************************************************************
If you use this program in your research, please cite:

Timothy L. Bailey,
"STREME: accurate and versatile sequence motif discovery",
Bioinformatics, Mar. 24, 2021.
********************************************************************************


ALPHABET= ACDEFGHIKLMNPQRSTVWY

strands: +

Background letter frequencies
A 0.137 C 2.67e-05 D 0.00482 E 2.67e-05 F 0.00269 G 0.0805 H 2.67e-05 I 0.00909 K 2.67e-05 L 0.0709 M 0.00109 N 0.178 P 0.00269 Q 0.0635 R 2.67e-05 S 0.2 T 0.00536 V 0.245 W 2.67e-05 Y 2.67e-05 

MOTIF 1-AVSNLVSNGQVNVDS STREME-1
letter-probability matrix: alength= 20 w= 15 nsites= 125 E= 1.1e-006
 0.921501 0.000002 0.000439 0.000002 0.000245 0.007320 0.000002 0.000826 0.000002 0.006448 0.000099 0.016137 0.000245 0.005769 0.000002 0.018174 0.000487 0.022292 0.000002 0.000002
 0.012410 0.000002 0.000439 0.000002 0.000245 0.007320 0.000002 0.000826 0.000002 0.006448 0.000099 0.016137 0.000245 0.005769 0.000002 0.018174 0.000487 0.931383 0.000002 0.000002
 0.012410 0.000002 0.000439 0.000002 0.000245 0.007320 0.000002 0.000826 0.000002 0.006448 0.000099 0.016137 0.000245 0.005769 0.000002 0.927265 0.000487 0.022292 0.000002 0.000002
 0.012410 0.000002 0.000439 0.000002 0.000245 0.007320 0.000002 0.000826 0.000002 0.006448 0.000099 0.925228 0.000245 0.005769 0.000002 0.018174 0.000487 0.022292 0.000002 0.000002
 0.012410 0.000002 0.000439 0.000002 0.000245 0.007320 0.000002 0.000826 0.000002 0.915539 0.000099 0.016137 0.000245 0.005769 0.000002 0.018174 0.000487 0.022292 0.000002 0.000002
 0.012410 0.000002 0.000439 0.000002 0.000245 0.007320 0.000002 0.000826 0.000002 0.006448 0.000099 0.016137 0.000245 0.005769 0.000002 0.018174 0.000487 0.931383 0.000002 0.000002
 0.012410 0.000002 0.000439 0.000002 0.000245 0.007320 0.000002 0.000826 0.000002 0.006448 0.000099 0.016137 0.000245 0.005769 0.000002 0.927265 0.000487 0.022292 0.000002 0.000002
 0.012410 0.000002 0.000439 0.000002 0.000245 0.007320 0.000002 0.000826 0.000002 0.006448 0.000099 0.925228 0.000245 0.005769 0.000002 0.018174 0.000487 0.022292 0.000002 0.000002
 0.012410 0.000002 0.000439 0.000002 0.000245 0.916411 0.000002 0.000826 0.000002 0.006448 0.000099 0.016137 0.000245 0.005769 0.000002 0.018174 0.000487 0.022292 0.000002 0.000002
 0.012410 0.000002 0.000439 0.000002 0.000245 0.007320 0.000002 0.000826 0.000002 0.006448 0.000099 0.016137 0.000245 0.914860 0.000002 0.018174 0.000487 0.022292 0.000002 0.000002
 0.012410 0.000002 0.000439 0.000002 0.000245 0.007320 0.000002 0.000826 0.000002 0.006448 0.000099 0.016137 0.000245 0.005769 0.000002 0.018174 0.000487 0.931383 0.000002 0.000002
 0.012410 0.000002 0.000439 0.000002 0.000245 0.007320 0.000002 0.000826 0.000002 0.006448 0.000099 0.925228 0.000245 0.005769 0.000002 0.018174 0.000487 0.022292 0.000002 0.000002
 0.012410 0.000002 0.000439 0.000002 0.000245 0.007320 0.000002 0.000826 0.000002 0.006448 0.000099 0.016137 0.000245 0.005769 0.000002 0.018174 0.000487 0.931383 0.000002 0.000002
 0.012410 0.000002 0.909529 0.000002 0.000245 0.007320 0.000002 0.000826 0.000002 0.006448 0.000099 0.016137 0.000245 0.005769 0.000002 0.018174 0.000487 0.022292 0.000002 0.000002
 0.012410 0.000002 0.000439 0.000002 0.000245 0.007320 0.000002 0.000826 0.000002 0.006448 0.000099 0.016137 0.000245 0.005769 0.000002 0.927265 0.000487 0.022292 0.000002 0.000002

MOTIF 2-IGA STREME-2
letter-probability matrix: alength= 20 w= 3 nsites= 3 E= 3.0e+000
 0.012410 0.000002 0.000439 0.000002 0.000245 0.007320 0.000002 0.909917 0.000002 0.006448 0.000099 0.016137 0.000245 0.005769 0.000002 0.018174 0.000487 0.022292 0.000002 0.000002
 0.012410 0.000002 0.000439 0.000002 0.000245 0.916411 0.000002 0.000826 0.000002 0.006448 0.000099 0.016137 0.000245 0.005769 0.000002 0.018174 0.000487 0.022292 0.000002 0.000002
 0.921501 0.000002 0.000439 0.000002 0.000245 0.007320 0.000002 0.000826 0.000002 0.006448 0.000099 0.016137 0.000245 0.005769 0.000002 0.018174 0.000487 0.022292 0.000002 0.000002

MOTIF 3-GISP STREME-3
letter-probability matrix: alength= 20 w= 4 nsites= 1 E= 3.0e+000
 0.017211 0.000003 0.000608 0.000003 0.000339 0.884073 0.000003 0.001146 0.000003 0.008942 0.000138 0.022381 0.000339 0.008002 0.000003 0.025205 0.000675 0.030917 0.000003 0.000003
 0.017211 0.000003 0.000608 0.000003 0.000339 0.010153 0.000003 0.875066 0.000003 0.008942 0.000138 0.022381 0.000339 0.008002 0.000003 0.025205 0.000675 0.030917 0.000003 0.000003
 0.017211 0.000003 0.000608 0.000003 0.000339 0.010153 0.000003 0.001146 0.000003 0.008942 0.000138 0.022381 0.000339 0.008002 0.000003 0.899125 0.000675 0.030917 0.000003 0.000003
 0.017211 0.000003 0.000608 0.000003 0.000339 0.010153 0.000003 0.001146 0.000003 0.008942 0.000138 0.022381 0.874259 0.008002 0.000003 0.025205 0.000675 0.030917 0.000003 0.000003

********************************************************************************
Stopped because the next motif had no positive sites with scores > 0.
********************************************************************************
COMMAND:	streme --protein --p ./Data/v1_cluster_windows_15mers/cluster_16088.fasta --minw 3 --maxw 15 --thresh 0.05 --oc ./Results/v1_Top500_Run_20250504_162200/streme_out_cluster_16088
********************************************************************************
CPU:		Hirokis-MacBook-Air.local
********************************************************************************
FINALTIME:	0.24 seconds
********************************************************************************
