********************************************************************************
STREME - Sensitive, Thorough, Rapid, Enriched Motif Elicitation
********************************************************************************
MEME version 5.5.7 (Release date: Wed Jun 19 13:59:04 2024 -0700)

For further information on how to interpret these results please access https://meme-suite.org/meme.
To get a copy of the MEME Suite software please access https://meme-suite.org.

********************************************************************************


********************************************************************************
REFERENCE
********************************************************************************
If you use this program in your research, please cite:

Timothy L. Bailey,
"STREME: accurate and versatile sequence motif discovery",
Bioinformatics, Mar. 24, 2021.
********************************************************************************


ALPHABET= ACDEFGHIKLMNPQRSTVWY

strands: +

Background letter frequencies
A 0.427 C 5.64e-05 D 0.00119 E 5.64e-05 F 5.64e-05 G 0.452 H 5.64e-05 I 0.00231 K 5.64e-05 L 0.0181 M 5.64e-05 N 5.64e-05 P 5.64e-05 Q 0.0192 R 5.64e-05 S 0.0181 T 0.00683 V 0.0283 W 5.64e-05 Y 0.0271 

MOTIF 1-AGAGAGAGAGAGA STREME-1
letter-probability matrix: alength= 20 w= 13 nsites= 59 E= 1.6e-002
 0.641864 0.000000 0.000003 0.000000 0.000000 0.001277 0.000000 0.000007 0.000000 0.000051 0.000000 0.000000 0.000000 0.019797 0.000000 0.000051 0.000019 0.216721 0.000000 0.120207
 0.001207 0.000000 0.000003 0.000000 0.000000 0.978838 0.000000 0.000007 0.000000 0.000051 0.000000 0.000000 0.000000 0.000054 0.000000 0.000051 0.000019 0.019690 0.000000 0.000077
 0.878827 0.000000 0.000003 0.000000 0.000000 0.001277 0.000000 0.000007 0.000000 0.000051 0.000000 0.000000 0.000000 0.080120 0.000000 0.000051 0.000019 0.019823 0.000000 0.019820
 0.001207 0.000000 0.000003 0.000000 0.000000 0.939219 0.000000 0.000007 0.000000 0.000051 0.000000 0.000000 0.000000 0.000054 0.000000 0.000051 0.000019 0.059309 0.000000 0.000077
 0.898703 0.000000 0.000003 0.000000 0.000000 0.001277 0.000000 0.000007 0.000000 0.000051 0.000000 0.000000 0.000000 0.000054 0.000000 0.019661 0.000019 0.000080 0.000000 0.080142
 0.001207 0.000000 0.000003 0.000000 0.000000 0.978838 0.000000 0.019617 0.000000 0.000051 0.000000 0.000000 0.000000 0.000054 0.000000 0.000051 0.000019 0.000080 0.000000 0.000077
 0.939149 0.000000 0.000003 0.000000 0.000000 0.001277 0.000000 0.000007 0.000000 0.000051 0.000000 0.000000 0.000000 0.000054 0.000000 0.059280 0.000019 0.000080 0.000000 0.000077
 0.001207 0.000000 0.000003 0.000000 0.000000 0.978838 0.000000 0.019617 0.000000 0.000051 0.000000 0.000000 0.000000 0.000054 0.000000 0.000051 0.000019 0.000080 0.000000 0.000077
 0.939282 0.000000 0.000003 0.000000 0.000000 0.001277 0.000000 0.000007 0.000000 0.000051 0.000000 0.000000 0.000000 0.000054 0.000000 0.059147 0.000019 0.000080 0.000000 0.000077
 0.239216 0.000000 0.019613 0.000000 0.000000 0.740830 0.000000 0.000007 0.000000 0.000051 0.000000 0.000000 0.000000 0.000054 0.000000 0.000051 0.000019 0.000080 0.000000 0.000077
 0.919537 0.000000 0.000003 0.000000 0.000000 0.001277 0.000000 0.000007 0.000000 0.039540 0.000000 0.000000 0.000000 0.000054 0.000000 0.019794 0.019629 0.000080 0.000000 0.000077
 0.080179 0.000000 0.000003 0.000000 0.000000 0.919477 0.000000 0.000007 0.000000 0.000051 0.000000 0.000000 0.000000 0.000054 0.000000 0.000051 0.000019 0.000080 0.000000 0.000077
 0.425401 0.000000 0.000003 0.000000 0.000000 0.239288 0.000000 0.000007 0.000000 0.216559 0.000000 0.000000 0.000000 0.000054 0.000000 0.059280 0.019762 0.039566 0.000000 0.000077

MOTIF 2-GVG STREME-2
letter-probability matrix: alength= 20 w= 3 nsites= 1 E= 4.0e+000
 0.038792 0.000005 0.000108 0.000005 0.000005 0.950137 0.000005 0.000210 0.000005 0.001647 0.000005 0.000005 0.000005 0.001749 0.000005 0.001647 0.000621 0.002570 0.000005 0.002467
 0.038792 0.000005 0.000108 0.000005 0.000005 0.041046 0.000005 0.000210 0.000005 0.001647 0.000005 0.000005 0.000005 0.001749 0.000005 0.001647 0.000621 0.911661 0.000005 0.002467
 0.038792 0.000005 0.000108 0.000005 0.000005 0.950137 0.000005 0.000210 0.000005 0.001647 0.000005 0.000005 0.000005 0.001749 0.000005 0.001647 0.000621 0.002570 0.000005 0.002467

MOTIF 3-GQG STREME-3
letter-probability matrix: alength= 20 w= 3 nsites= 2 E= 4.0e+000
 0.038792 0.000005 0.000108 0.000005 0.000005 0.950137 0.000005 0.000210 0.000005 0.001647 0.000005 0.000005 0.000005 0.001749 0.000005 0.001647 0.000621 0.002570 0.000005 0.002467
 0.038792 0.000005 0.000108 0.000005 0.000005 0.041046 0.000005 0.000210 0.000005 0.001647 0.000005 0.000005 0.000005 0.910840 0.000005 0.001647 0.000621 0.002570 0.000005 0.002467
 0.038792 0.000005 0.000108 0.000005 0.000005 0.950137 0.000005 0.000210 0.000005 0.001647 0.000005 0.000005 0.000005 0.001749 0.000005 0.001647 0.000621 0.002570 0.000005 0.002467

MOTIF 4-AGAG STREME-4
letter-probability matrix: alength= 20 w= 4 nsites= 1 E= 4.0e+000
 0.947883 0.000005 0.000108 0.000005 0.000005 0.041046 0.000005 0.000210 0.000005 0.001647 0.000005 0.000005 0.000005 0.001749 0.000005 0.001647 0.000621 0.002570 0.000005 0.002467
 0.038792 0.000005 0.000108 0.000005 0.000005 0.950137 0.000005 0.000210 0.000005 0.001647 0.000005 0.000005 0.000005 0.001749 0.000005 0.001647 0.000621 0.002570 0.000005 0.002467
 0.947883 0.000005 0.000108 0.000005 0.000005 0.041046 0.000005 0.000210 0.000005 0.001647 0.000005 0.000005 0.000005 0.001749 0.000005 0.001647 0.000621 0.002570 0.000005 0.002467
 0.038792 0.000005 0.000108 0.000005 0.000005 0.950137 0.000005 0.000210 0.000005 0.001647 0.000005 0.000005 0.000005 0.001749 0.000005 0.001647 0.000621 0.002570 0.000005 0.002467

********************************************************************************
Stopped because 3 consecutive motifs exceeded the p-value threshold (0.05).
********************************************************************************
COMMAND:	streme --protein --p ./Data/v1_cluster_windows_15mers/cluster_19740.fasta --minw 3 --maxw 15 --thresh 0.05 --oc ./Results/v1_Top500_Run_20250504_162200/streme_out_cluster_19740
********************************************************************************
CPU:		Hirokis-MacBook-Air.local
********************************************************************************
FINALTIME:	0.16 seconds
********************************************************************************
