********************************************************************************
STREME - Sensitive, Thorough, Rapid, Enriched Motif Elicitation
********************************************************************************
MEME version 5.5.7 (Release date: Wed Jun 19 13:59:04 2024 -0700)

For further information on how to interpret these results please access https://meme-suite.org/meme.
To get a copy of the MEME Suite software please access https://meme-suite.org.

********************************************************************************


********************************************************************************
REFERENCE
********************************************************************************
If you use this program in your research, please cite:

Timothy L. Bailey,
"STREME: accurate and versatile sequence motif discovery",
Bioinformatics, Mar. 24, 2021.
********************************************************************************


ALPHABET= ACDEFGHIKLMNPQRSTVWY

strands: +

Background letter frequencies
A 0.51 C 2.15e-05 D 0.00524 E 0.00161 F 0.00112 G 0.315 H 1.2e-05 I 0.000875 K 0.000119 L 0.00483 M 0.000282 N 0.00373 P 0.0223 Q 0.0261 R 0.00473 S 0.0726 T 0.00514 V 0.00426 W 4.86e-06 Y 0.0228 

MOTIF 1-SAAAAAAA STREME-1
letter-probability matrix: alength= 20 w= 8 nsites= 13804 E= 9.3e-302
 0.496640 0.000000 0.000000 0.005016 0.000000 0.000005 0.000000 0.000000 0.000000 0.000000 0.000000 0.000000 0.000000 0.000000 0.000000 0.498337 0.000000 0.000000 0.000000 0.000000
 0.828938 0.000000 0.013971 0.004403 0.000000 0.113828 0.000000 0.000000 0.000000 0.000000 0.000000 0.000000 0.000000 0.000000 0.000000 0.038191 0.000668 0.000000 0.000000 0.000000
 0.996721 0.000000 0.000000 0.000000 0.000000 0.000005 0.000000 0.000000 0.000000 0.000000 0.000000 0.000000 0.000000 0.000000 0.000000 0.000001 0.003270 0.000000 0.000000 0.000000
 0.999992 0.000000 0.000000 0.000000 0.000000 0.000005 0.000000 0.000000 0.000000 0.000000 0.000000 0.000000 0.000000 0.000000 0.000000 0.000001 0.000000 0.000000 0.000000 0.000000
 0.964557 0.000000 0.000000 0.000000 0.000000 0.000005 0.000000 0.000000 0.000000 0.000000 0.000000 0.000000 0.000000 0.000000 0.000000 0.032044 0.000703 0.002688 0.000000 0.000000
 0.999115 0.000000 0.000000 0.000000 0.000000 0.000005 0.000000 0.000000 0.000000 0.000000 0.000000 0.000000 0.000000 0.000000 0.000000 0.000001 0.000408 0.000469 0.000000 0.000000
 0.992022 0.000000 0.000000 0.000000 0.000000 0.000005 0.000000 0.000000 0.000000 0.000000 0.000000 0.000000 0.000000 0.000000 0.000000 0.000001 0.000586 0.007384 0.000000 0.000000
 0.917336 0.000234 0.000000 0.000000 0.000352 0.023406 0.000000 0.000000 0.000000 0.000586 0.000000 0.000000 0.000000 0.000000 0.000000 0.053233 0.004851 0.000000 0.000000 0.000000

MOTIF 2-YGPG STREME-2
letter-probability matrix: alength= 20 w= 4 nsites= 13648 E= 1.9e-173
 0.000012 0.000000 0.000000 0.000712 0.012085 0.124443 0.000000 0.000000 0.000000 0.000000 0.000000 0.000640 0.000001 0.085645 0.011077 0.289278 0.026668 0.003332 0.000000 0.446107
 0.000012 0.000000 0.000000 0.000000 0.000000 0.999984 0.000000 0.000000 0.000000 0.000000 0.000000 0.000000 0.000001 0.000001 0.000000 0.000002 0.000000 0.000000 0.000000 0.000001
 0.158006 0.000000 0.017114 0.002638 0.005089 0.000007 0.000323 0.001608 0.000000 0.040095 0.004035 0.009635 0.463249 0.207130 0.028131 0.029222 0.025488 0.008229 0.000000 0.000001
 0.000012 0.000000 0.000000 0.000000 0.000000 0.957976 0.000000 0.000000 0.000161 0.001455 0.000000 0.011625 0.000001 0.004218 0.007644 0.009721 0.000161 0.004714 0.000000 0.002311

MOTIF 3-AGAGAG STREME-3
letter-probability matrix: alength= 20 w= 6 nsites= 4426 E= 9.6e-064
 0.752829 0.000000 0.000000 0.000000 0.000000 0.239108 0.000000 0.000000 0.000000 0.002378 0.000000 0.000000 0.000002 0.000002 0.001783 0.000006 0.000000 0.003888 0.000000 0.000002
 0.000044 0.000000 0.003567 0.000000 0.000000 0.989680 0.000000 0.000000 0.000000 0.000000 0.000000 0.000000 0.000002 0.000002 0.001436 0.005266 0.000000 0.000000 0.000000 0.000002
 0.999958 0.000000 0.000000 0.000000 0.000000 0.000027 0.000000 0.000000 0.000000 0.000000 0.000000 0.000000 0.000002 0.000002 0.000000 0.000006 0.000000 0.000000 0.000000 0.000002
 0.000044 0.000000 0.000000 0.000000 0.000000 0.994592 0.000000 0.000000 0.000000 0.000000 0.000000 0.000000 0.000002 0.000002 0.003567 0.000006 0.000000 0.001783 0.000000 0.000002
 0.625961 0.000000 0.000357 0.002461 0.001585 0.000027 0.000000 0.000677 0.000594 0.000124 0.000000 0.000000 0.000016 0.331341 0.003262 0.020424 0.004718 0.006316 0.000000 0.002136
 0.000044 0.000000 0.000000 0.000000 0.000000 0.996375 0.000000 0.000000 0.000000 0.000000 0.000000 0.000000 0.000002 0.000002 0.000000 0.000006 0.000000 0.003567 0.000000 0.000002

MOTIF 4-GPGGY STREME-4
letter-probability matrix: alength= 20 w= 5 nsites= 1904 E= 8.4e-025
 0.000079 0.000000 0.000001 0.000000 0.000000 0.999894 0.000000 0.000000 0.000000 0.000001 0.000000 0.000001 0.000003 0.000004 0.000001 0.000011 0.000001 0.000001 0.000000 0.000004
 0.165436 0.000000 0.000001 0.000000 0.000000 0.000049 0.000000 0.002141 0.000000 0.014123 0.001071 0.000001 0.483345 0.218611 0.047901 0.064104 0.002142 0.001071 0.000000 0.000004
 0.000079 0.000000 0.048627 0.003212 0.000000 0.940851 0.000000 0.000000 0.000000 0.000001 0.000000 0.000001 0.000003 0.000004 0.007206 0.000011 0.000001 0.000001 0.000000 0.000004
 0.000079 0.000000 0.000001 0.000000 0.000000 0.855665 0.000000 0.000000 0.000000 0.000001 0.000000 0.011777 0.000003 0.054879 0.000001 0.075003 0.000001 0.002586 0.000000 0.000004
 0.228786 0.000000 0.057887 0.000000 0.009788 0.000049 0.000000 0.000000 0.000000 0.052288 0.000000 0.000001 0.000003 0.032103 0.000001 0.089650 0.000001 0.000001 0.000000 0.529443

MOTIF 5-GQG STREME-5
letter-probability matrix: alength= 20 w= 3 nsites= 660 E= 6.7e-009
 0.046328 0.000002 0.000476 0.000146 0.000102 0.937700 0.000001 0.000080 0.000011 0.000439 0.000026 0.000339 0.002027 0.002368 0.000430 0.006597 0.000467 0.000387 0.000000 0.002073
 0.046328 0.000002 0.000476 0.000146 0.000102 0.028609 0.000001 0.000080 0.000011 0.000439 0.000026 0.000339 0.002027 0.911459 0.000430 0.006597 0.000467 0.000387 0.000000 0.002073
 0.046328 0.000002 0.000476 0.000146 0.000102 0.937700 0.000001 0.000080 0.000011 0.000439 0.000026 0.000339 0.002027 0.002368 0.000430 0.006597 0.000467 0.000387 0.000000 0.002073

MOTIF 6-GYG STREME-6
letter-probability matrix: alength= 20 w= 3 nsites= 1740 E= 6.7e-008
 0.046328 0.000002 0.000476 0.000146 0.000102 0.937700 0.000001 0.000080 0.000011 0.000439 0.000026 0.000339 0.002027 0.002368 0.000430 0.006597 0.000467 0.000387 0.000000 0.002073
 0.046328 0.000002 0.000476 0.000146 0.000102 0.028609 0.000001 0.000080 0.000011 0.000439 0.000026 0.000339 0.002027 0.002368 0.000430 0.006597 0.000467 0.000387 0.000000 0.911164
 0.046328 0.000002 0.000476 0.000146 0.000102 0.937700 0.000001 0.000080 0.000011 0.000439 0.000026 0.000339 0.002027 0.002368 0.000430 0.006597 0.000467 0.000387 0.000000 0.002073

MOTIF 7-GAGAAAAAAAGAG STREME-7
letter-probability matrix: alength= 20 w= 13 nsites= 391 E= 1.7e-006
 0.000228 0.000000 0.000002 0.000001 0.000001 0.999693 0.000000 0.000000 0.000000 0.000002 0.000000 0.000002 0.000010 0.000012 0.000002 0.000032 0.000002 0.000002 0.000000 0.000010
 0.947063 0.000000 0.000002 0.000001 0.000001 0.000141 0.000000 0.000000 0.000000 0.000002 0.000000 0.000002 0.000010 0.052729 0.000002 0.000032 0.000002 0.000002 0.000000 0.000010
 0.000228 0.000000 0.000002 0.000001 0.000001 0.999693 0.000000 0.000000 0.000000 0.000002 0.000000 0.000002 0.000010 0.000012 0.000002 0.000032 0.000002 0.000002 0.000000 0.000010
 0.984279 0.000000 0.000002 0.000001 0.000001 0.000141 0.000000 0.000000 0.000000 0.000002 0.000000 0.000002 0.000010 0.000012 0.000002 0.006233 0.009303 0.000002 0.000000 0.000010
 0.831064 0.000000 0.000002 0.000001 0.000001 0.153355 0.000000 0.000000 0.000000 0.000002 0.000000 0.000002 0.000010 0.000012 0.000002 0.000032 0.000002 0.015504 0.000000 0.000010
 0.923691 0.000000 0.000002 0.000001 0.000001 0.000141 0.000000 0.000000 0.000000 0.000002 0.000000 0.000002 0.000010 0.000012 0.000002 0.076122 0.000002 0.000002 0.000000 0.000010
 0.863877 0.000000 0.000002 0.000001 0.000001 0.126743 0.000000 0.000000 0.000000 0.000002 0.000000 0.000002 0.000010 0.000012 0.000002 0.009334 0.000002 0.000002 0.000000 0.000010
 0.818211 0.000000 0.000002 0.000001 0.000001 0.129003 0.000000 0.000000 0.000000 0.000002 0.000000 0.000002 0.000010 0.000012 0.000002 0.037238 0.000002 0.015504 0.000000 0.000010
 0.931571 0.000000 0.000002 0.000001 0.000001 0.015643 0.000000 0.000000 0.000000 0.000002 0.000000 0.000002 0.000010 0.000012 0.000002 0.034137 0.009303 0.009303 0.000000 0.000010
 0.643819 0.000000 0.000002 0.000001 0.000001 0.343700 0.000000 0.000000 0.000000 0.000002 0.000000 0.000002 0.000010 0.000012 0.000002 0.000032 0.000002 0.012404 0.000000 0.000010
 0.343857 0.000000 0.000002 0.000001 0.006201 0.643663 0.000000 0.000000 0.000000 0.000002 0.000000 0.000002 0.000010 0.000012 0.006203 0.000032 0.000002 0.000002 0.000000 0.000010
 0.909868 0.000000 0.000002 0.000001 0.000001 0.000141 0.000000 0.000000 0.000000 0.000002 0.000000 0.000002 0.000010 0.000012 0.000002 0.021736 0.003103 0.027906 0.000000 0.037216
 0.000228 0.000000 0.000002 0.000001 0.000001 0.971789 0.000000 0.000000 0.000000 0.000002 0.000000 0.000002 0.000010 0.000012 0.000002 0.027937 0.000002 0.000002 0.000000 0.000010

MOTIF 8-SSAAAAS STREME-8
letter-probability matrix: alength= 20 w= 7 nsites= 344 E= 3.0e-005
 0.271845 0.000000 0.008272 0.000001 0.000001 0.000224 0.000000 0.000001 0.000000 0.000003 0.000000 0.000003 0.000016 0.000019 0.024642 0.638699 0.044355 0.000003 0.000000 0.011917
 0.126508 0.000000 0.000004 0.000001 0.000001 0.001196 0.000000 0.000001 0.000000 0.000003 0.000000 0.000003 0.000016 0.000019 0.000003 0.872222 0.000004 0.000003 0.000000 0.000016
 0.997371 0.000000 0.000004 0.000001 0.000001 0.000224 0.000000 0.000001 0.000000 0.000003 0.000000 0.000003 0.000016 0.000019 0.000003 0.002332 0.000004 0.000003 0.000000 0.000016
 0.991383 0.000000 0.000004 0.000001 0.000001 0.000224 0.000000 0.000001 0.000000 0.000003 0.000000 0.000003 0.000016 0.000019 0.000003 0.008320 0.000004 0.000003 0.000000 0.000016
 0.819877 0.000000 0.000004 0.000001 0.000001 0.000224 0.000000 0.000001 0.000000 0.000003 0.000000 0.000003 0.000016 0.000019 0.000003 0.071391 0.108439 0.000003 0.000000 0.000016
 0.982589 0.000000 0.000004 0.000001 0.000001 0.000224 0.000000 0.000001 0.000000 0.000003 0.000000 0.000003 0.000016 0.000019 0.000003 0.002332 0.000004 0.014786 0.000000 0.000016
 0.031593 0.000000 0.000004 0.000001 0.000001 0.000224 0.000000 0.000001 0.000000 0.000003 0.000000 0.000003 0.000016 0.000019 0.000003 0.968110 0.000004 0.000003 0.000000 0.000016

MOTIF 9-GPG STREME-9
letter-probability matrix: alength= 20 w= 3 nsites= 722 E= 3.1e-004
 0.046328 0.000002 0.000476 0.000146 0.000102 0.937700 0.000001 0.000080 0.000011 0.000439 0.000026 0.000339 0.002027 0.002368 0.000430 0.006597 0.000467 0.000387 0.000000 0.002073
 0.046328 0.000002 0.000476 0.000146 0.000102 0.028609 0.000001 0.000080 0.000011 0.000439 0.000026 0.000339 0.911118 0.002368 0.000430 0.006597 0.000467 0.000387 0.000000 0.002073
 0.046328 0.000002 0.000476 0.000146 0.000102 0.937700 0.000001 0.000080 0.000011 0.000439 0.000026 0.000339 0.002027 0.002368 0.000430 0.006597 0.000467 0.000387 0.000000 0.002073

MOTIF 10-SVAT STREME-10
letter-probability matrix: alength= 20 w= 4 nsites= 123 E= 6.5e-003
 0.000948 0.000000 0.000010 0.000003 0.000002 0.000586 0.000000 0.000002 0.000000 0.000009 0.000001 0.038701 0.000041 0.000048 0.000009 0.959580 0.000010 0.000008 0.000000 0.000042
 0.000948 0.000000 0.000010 0.000003 0.000002 0.000586 0.000000 0.000002 0.000000 0.000009 0.000001 0.000007 0.000041 0.000048 0.000009 0.000135 0.000010 0.998147 0.000000 0.000042
 0.986190 0.000000 0.000010 0.000003 0.000002 0.000586 0.000000 0.000002 0.000000 0.000009 0.000001 0.000007 0.000041 0.000048 0.000009 0.013033 0.000010 0.000008 0.000000 0.000042
 0.001440 0.000000 0.000010 0.000003 0.000002 0.003966 0.000000 0.000002 0.000000 0.283815 0.000001 0.000007 0.000041 0.000048 0.000009 0.117173 0.409756 0.183685 0.000000 0.000042

MOTIF 11-GAGAGAAAA STREME-11
letter-probability matrix: alength= 20 w= 9 nsites= 284 E= 7.0e-003
 0.000566 0.000000 0.000006 0.000002 0.000001 0.999239 0.000000 0.000001 0.000000 0.000005 0.000000 0.000004 0.000025 0.000029 0.000005 0.000081 0.000006 0.000005 0.000000 0.000025
 0.999455 0.000000 0.000006 0.000002 0.000001 0.000349 0.000000 0.000001 0.000000 0.000005 0.000000 0.000004 0.000025 0.000029 0.000005 0.000081 0.000006 0.000005 0.000000 0.000025
 0.000566 0.000000 0.000006 0.000002 0.000001 0.999239 0.000000 0.000001 0.000000 0.000005 0.000000 0.000004 0.000025 0.000029 0.000005 0.000081 0.000006 0.000005 0.000000 0.000025
 0.999455 0.000000 0.000006 0.000002 0.000001 0.000349 0.000000 0.000001 0.000000 0.000005 0.000000 0.000004 0.000025 0.000029 0.000005 0.000081 0.000006 0.000005 0.000000 0.000025
 0.000566 0.000000 0.000006 0.000002 0.000001 0.999239 0.000000 0.000001 0.000000 0.000005 0.000000 0.000004 0.000025 0.000029 0.000005 0.000081 0.000006 0.000005 0.000000 0.000025
 0.805279 0.000000 0.000006 0.000002 0.000001 0.000349 0.000000 0.000001 0.000000 0.000005 0.000000 0.000004 0.000025 0.000029 0.000005 0.194257 0.000006 0.000005 0.000000 0.000025
 0.999455 0.000000 0.000006 0.000002 0.000001 0.000349 0.000000 0.000001 0.000000 0.000005 0.000000 0.000004 0.000025 0.000029 0.000005 0.000081 0.000006 0.000005 0.000000 0.000025
 0.999455 0.000000 0.000006 0.000002 0.000001 0.000349 0.000000 0.000001 0.000000 0.000005 0.000000 0.000004 0.000025 0.000029 0.000005 0.000081 0.000006 0.000005 0.000000 0.000025
 0.750777 0.000000 0.030799 0.000002 0.000001 0.014078 0.000000 0.000001 0.000000 0.000005 0.000000 0.000004 0.000025 0.000029 0.015401 0.173446 0.015402 0.000005 0.000000 0.000025

MOTIF 12-AAAAAAGAGGAG STREME-12
letter-probability matrix: alength= 20 w= 12 nsites= 271 E= 7.0e-003
 0.613058 0.000000 0.000004 0.000001 0.000001 0.000253 0.000000 0.000001 0.000000 0.000004 0.000000 0.000003 0.000018 0.000021 0.000004 0.386607 0.000004 0.000003 0.000000 0.000018
 0.816823 0.000000 0.000004 0.000001 0.000001 0.175165 0.000000 0.000001 0.000000 0.000004 0.000000 0.000003 0.000018 0.000021 0.000004 0.007930 0.000004 0.000003 0.000000 0.000018
 0.999606 0.000000 0.000004 0.000001 0.000001 0.000253 0.000000 0.000001 0.000000 0.000004 0.000000 0.000003 0.000018 0.000021 0.000004 0.000058 0.000004 0.000003 0.000000 0.000018
 0.526680 0.000000 0.000004 0.000001 0.000001 0.000253 0.000000 0.000001 0.000000 0.000004 0.000000 0.000003 0.000018 0.000021 0.000004 0.472985 0.000004 0.000003 0.000000 0.000018
 0.999606 0.000000 0.000004 0.000001 0.000001 0.000253 0.000000 0.000001 0.000000 0.000004 0.000000 0.000003 0.000018 0.000021 0.000004 0.000058 0.000004 0.000003 0.000000 0.000018
 0.898891 0.000000 0.000004 0.000001 0.000001 0.100968 0.000000 0.000001 0.000000 0.000004 0.000000 0.000003 0.000018 0.000021 0.000004 0.000058 0.000004 0.000003 0.000000 0.000018
 0.100555 0.000000 0.000004 0.000001 0.000001 0.832541 0.000000 0.000001 0.000000 0.000004 0.000000 0.000003 0.000018 0.000021 0.000004 0.066821 0.000004 0.000003 0.000000 0.000018
 0.999606 0.000000 0.000004 0.000001 0.000001 0.000253 0.000000 0.000001 0.000000 0.000004 0.000000 0.000003 0.000018 0.000021 0.000004 0.000058 0.000004 0.000003 0.000000 0.000018
 0.332284 0.000000 0.000004 0.000001 0.000001 0.667575 0.000000 0.000001 0.000000 0.000004 0.000000 0.000003 0.000018 0.000021 0.000004 0.000058 0.000004 0.000003 0.000000 0.000018
 0.000409 0.000000 0.000004 0.000001 0.000001 0.988324 0.000000 0.000001 0.000000 0.000004 0.000000 0.000003 0.000018 0.011147 0.000004 0.000058 0.000004 0.000003 0.000000 0.000018
 0.788196 0.000000 0.000004 0.000001 0.000001 0.000253 0.000000 0.000001 0.000000 0.000004 0.000000 0.000003 0.000018 0.000021 0.000004 0.211469 0.000004 0.000003 0.000000 0.000018
 0.000409 0.000000 0.000004 0.000001 0.000001 0.999450 0.000000 0.000001 0.000000 0.000004 0.000000 0.000003 0.000018 0.000021 0.000004 0.000058 0.000004 0.000003 0.000000 0.000018

MOTIF 13-SGP STREME-13
letter-probability matrix: alength= 20 w= 3 nsites= 315 E= 9.8e-003
 0.046328 0.000002 0.000476 0.000146 0.000102 0.028609 0.000001 0.000080 0.000011 0.000439 0.000026 0.000339 0.002027 0.002368 0.000430 0.915688 0.000467 0.000387 0.000000 0.002073
 0.046328 0.000002 0.000476 0.000146 0.000102 0.937700 0.000001 0.000080 0.000011 0.000439 0.000026 0.000339 0.002027 0.002368 0.000430 0.006597 0.000467 0.000387 0.000000 0.002073
 0.046328 0.000002 0.000476 0.000146 0.000102 0.028609 0.000001 0.000080 0.000011 0.000439 0.000026 0.000339 0.911118 0.002368 0.000430 0.006597 0.000467 0.000387 0.000000 0.002073

MOTIF 14-GRG STREME-14
letter-probability matrix: alength= 20 w= 3 nsites= 213 E= 3.8e-002
 0.046328 0.000002 0.000476 0.000146 0.000102 0.937700 0.000001 0.000080 0.000011 0.000439 0.000026 0.000339 0.002027 0.002368 0.000430 0.006597 0.000467 0.000387 0.000000 0.002073
 0.046328 0.000002 0.000476 0.000146 0.000102 0.028609 0.000001 0.000080 0.000011 0.000439 0.000026 0.000339 0.002027 0.002368 0.909521 0.006597 0.000467 0.000387 0.000000 0.002073
 0.046328 0.000002 0.000476 0.000146 0.000102 0.937700 0.000001 0.000080 0.000011 0.000439 0.000026 0.000339 0.002027 0.002368 0.000430 0.006597 0.000467 0.000387 0.000000 0.002073

MOTIF 15-SAAASASAAG STREME-15
letter-probability matrix: alength= 20 w= 10 nsites= 64 E= 5.2e-002
 0.001514 0.000000 0.000016 0.000005 0.000003 0.000935 0.000000 0.000003 0.000000 0.000014 0.000001 0.000011 0.000066 0.000077 0.000014 0.997245 0.000015 0.000013 0.000000 0.000068
 0.998543 0.000000 0.000016 0.000005 0.000003 0.000935 0.000000 0.000003 0.000000 0.000014 0.000001 0.000011 0.000066 0.000077 0.000014 0.000216 0.000015 0.000013 0.000000 0.000068
 0.998543 0.000000 0.000016 0.000005 0.000003 0.000935 0.000000 0.000003 0.000000 0.000014 0.000001 0.000011 0.000066 0.000077 0.000014 0.000216 0.000015 0.000013 0.000000 0.000068
 0.998543 0.000000 0.000016 0.000005 0.000003 0.000935 0.000000 0.000003 0.000000 0.000014 0.000001 0.000011 0.000066 0.000077 0.000014 0.000216 0.000015 0.000013 0.000000 0.000068
 0.380754 0.000000 0.000016 0.000005 0.000003 0.000935 0.000000 0.000003 0.000000 0.000014 0.000001 0.000011 0.000066 0.000077 0.000014 0.618005 0.000015 0.000013 0.000000 0.000068
 0.998543 0.000000 0.000016 0.000005 0.000003 0.000935 0.000000 0.000003 0.000000 0.000014 0.000001 0.000011 0.000066 0.000077 0.000014 0.000216 0.000015 0.000013 0.000000 0.000068
 0.001514 0.000000 0.000016 0.000005 0.000003 0.000935 0.000000 0.000003 0.000000 0.000014 0.000001 0.000011 0.000066 0.000077 0.000014 0.997245 0.000015 0.000013 0.000000 0.000068
 0.998543 0.000000 0.000016 0.000005 0.000003 0.000935 0.000000 0.000003 0.000000 0.000014 0.000001 0.000011 0.000066 0.000077 0.000014 0.000216 0.000015 0.000013 0.000000 0.000068
 0.875013 0.000000 0.000016 0.000005 0.000003 0.000935 0.000000 0.000003 0.000000 0.000014 0.000001 0.000011 0.041242 0.000077 0.000014 0.082571 0.000015 0.000013 0.000000 0.000068
 0.001514 0.000000 0.000016 0.000005 0.000003 0.997965 0.000000 0.000003 0.000000 0.000014 0.000001 0.000011 0.000066 0.000077 0.000014 0.000216 0.000015 0.000013 0.000000 0.000068

MOTIF 16-GEGN STREME-16
letter-probability matrix: alength= 20 w= 4 nsites= 68 E= 1.0e-001
 0.001222 0.000000 0.000013 0.000004 0.000003 0.998357 0.000000 0.000002 0.000000 0.000012 0.000001 0.000009 0.000053 0.000062 0.000011 0.000174 0.000012 0.000010 0.000000 0.000055
 0.001222 0.000000 0.000013 0.997606 0.000003 0.000755 0.000000 0.000002 0.000000 0.000012 0.000001 0.000009 0.000053 0.000062 0.000011 0.000174 0.000012 0.000010 0.000000 0.000055
 0.001222 0.000000 0.132984 0.000004 0.000003 0.665916 0.000000 0.000002 0.000000 0.000012 0.000001 0.000009 0.000053 0.000062 0.000011 0.199643 0.000012 0.000010 0.000000 0.000055
 0.001222 0.000000 0.000013 0.000004 0.000003 0.000755 0.000000 0.000002 0.000000 0.000012 0.000001 0.997611 0.000053 0.000062 0.000011 0.000174 0.000012 0.000010 0.000000 0.000055

MOTIF 17-SSAIAI STREME-17
letter-probability matrix: alength= 20 w= 6 nsites= 84 E= 2.1e-001
 0.000953 0.000000 0.207375 0.000003 0.000002 0.000588 0.000000 0.000002 0.000000 0.000009 0.000001 0.000007 0.000042 0.000049 0.000009 0.790901 0.000010 0.000008 0.000000 0.000043
 0.000953 0.000000 0.000010 0.000003 0.000002 0.000588 0.000000 0.000002 0.000000 0.000009 0.000001 0.000007 0.000042 0.207414 0.000009 0.790901 0.000010 0.000008 0.000000 0.000043
 0.999083 0.000000 0.000010 0.000003 0.000002 0.000588 0.000000 0.000002 0.000000 0.000009 0.000001 0.000007 0.000042 0.000049 0.000009 0.000136 0.000010 0.000008 0.000000 0.000043
 0.143518 0.000000 0.000010 0.000003 0.000002 0.000588 0.000000 0.855567 0.000000 0.000009 0.000001 0.000007 0.000042 0.000049 0.000009 0.000136 0.000010 0.000008 0.000000 0.000043
 0.895408 0.000000 0.025927 0.000003 0.000002 0.000588 0.000000 0.000002 0.000000 0.000009 0.000001 0.000007 0.000042 0.000049 0.000009 0.077893 0.000010 0.000008 0.000000 0.000043
 0.156481 0.000000 0.000010 0.000003 0.000002 0.000588 0.000000 0.596365 0.000000 0.000009 0.000001 0.000007 0.000042 0.000049 0.000009 0.000136 0.000010 0.246247 0.000000 0.000043

MOTIF 18-SADSQ STREME-18
letter-probability matrix: alength= 20 w= 5 nsites= 67 E= 2.1e-001
 0.483355 0.000000 0.000013 0.000004 0.000003 0.000755 0.000000 0.000002 0.000000 0.000012 0.000001 0.000009 0.000053 0.000062 0.000011 0.515643 0.000012 0.000010 0.000000 0.000055
 0.998824 0.000000 0.000013 0.000004 0.000003 0.000755 0.000000 0.000002 0.000000 0.000012 0.000001 0.000009 0.000053 0.000062 0.000011 0.000174 0.000012 0.000010 0.000000 0.000055
 0.001222 0.000000 0.997615 0.000004 0.000003 0.000755 0.000000 0.000002 0.000000 0.000012 0.000001 0.000009 0.000053 0.000062 0.000011 0.000174 0.000012 0.000010 0.000000 0.000055
 0.001222 0.000000 0.000013 0.000004 0.000003 0.000755 0.000000 0.000002 0.000000 0.000012 0.000001 0.000009 0.000053 0.000062 0.000011 0.898044 0.000012 0.000010 0.000000 0.099787
 0.001222 0.000000 0.000013 0.000004 0.000003 0.000755 0.000000 0.000002 0.000000 0.000012 0.000001 0.000009 0.000053 0.997665 0.000011 0.000174 0.000012 0.000010 0.000000 0.000055

MOTIF 19-GNN STREME-19
letter-probability matrix: alength= 20 w= 3 nsites= 92 E= 3.0e-001
 0.046328 0.000002 0.000476 0.000146 0.000102 0.937700 0.000001 0.000080 0.000011 0.000439 0.000026 0.000339 0.002027 0.002368 0.000430 0.006597 0.000467 0.000387 0.000000 0.002073
 0.046328 0.000002 0.000476 0.000146 0.000102 0.028609 0.000001 0.000080 0.000011 0.000439 0.000026 0.909430 0.002027 0.002368 0.000430 0.006597 0.000467 0.000387 0.000000 0.002073
 0.046328 0.000002 0.000476 0.000146 0.000102 0.028609 0.000001 0.000080 0.000011 0.000439 0.000026 0.909430 0.002027 0.002368 0.000430 0.006597 0.000467 0.000387 0.000000 0.002073

MOTIF 20-GEG STREME-20
letter-probability matrix: alength= 20 w= 3 nsites= 91 E= 7.7e-001
 0.046328 0.000002 0.000476 0.000146 0.000102 0.937700 0.000001 0.000080 0.000011 0.000439 0.000026 0.000339 0.002027 0.002368 0.000430 0.006597 0.000467 0.000387 0.000000 0.002073
 0.046328 0.000002 0.000476 0.909237 0.000102 0.028609 0.000001 0.000080 0.000011 0.000439 0.000026 0.000339 0.002027 0.002368 0.000430 0.006597 0.000467 0.000387 0.000000 0.002073
 0.046328 0.000002 0.000476 0.000146 0.000102 0.937700 0.000001 0.000080 0.000011 0.000439 0.000026 0.000339 0.002027 0.002368 0.000430 0.006597 0.000467 0.000387 0.000000 0.002073

MOTIF 21-SSDGS STREME-21
letter-probability matrix: alength= 20 w= 5 nsites= 43 E= 8.4e-001
 0.046328 0.000002 0.000476 0.000146 0.000102 0.028609 0.000001 0.000080 0.000011 0.000439 0.000026 0.000339 0.002027 0.002368 0.000430 0.915688 0.000467 0.000387 0.000000 0.002073
 0.046328 0.000002 0.000476 0.000146 0.000102 0.028609 0.000001 0.000080 0.000011 0.000439 0.000026 0.000339 0.002027 0.002368 0.000430 0.915688 0.000467 0.000387 0.000000 0.002073
 0.046328 0.000002 0.909567 0.000146 0.000102 0.028609 0.000001 0.000080 0.000011 0.000439 0.000026 0.000339 0.002027 0.002368 0.000430 0.006597 0.000467 0.000387 0.000000 0.002073
 0.046328 0.000002 0.000476 0.000146 0.000102 0.937700 0.000001 0.000080 0.000011 0.000439 0.000026 0.000339 0.002027 0.002368 0.000430 0.006597 0.000467 0.000387 0.000000 0.002073
 0.046328 0.000002 0.000476 0.000146 0.000102 0.028609 0.000001 0.000080 0.000011 0.000439 0.000026 0.000339 0.002027 0.002368 0.000430 0.915688 0.000467 0.000387 0.000000 0.002073

MOTIF 22-ASAAASAA STREME-22
letter-probability matrix: alength= 20 w= 8 nsites= 72 E= 8.4e-001
 0.955419 0.000002 0.000476 0.000146 0.000102 0.028609 0.000001 0.000080 0.000011 0.000439 0.000026 0.000339 0.002027 0.002368 0.000430 0.006597 0.000467 0.000387 0.000000 0.002073
 0.046328 0.000002 0.000476 0.000146 0.000102 0.028609 0.000001 0.000080 0.000011 0.000439 0.000026 0.000339 0.002027 0.002368 0.000430 0.915688 0.000467 0.000387 0.000000 0.002073
 0.955419 0.000002 0.000476 0.000146 0.000102 0.028609 0.000001 0.000080 0.000011 0.000439 0.000026 0.000339 0.002027 0.002368 0.000430 0.006597 0.000467 0.000387 0.000000 0.002073
 0.955419 0.000002 0.000476 0.000146 0.000102 0.028609 0.000001 0.000080 0.000011 0.000439 0.000026 0.000339 0.002027 0.002368 0.000430 0.006597 0.000467 0.000387 0.000000 0.002073
 0.955419 0.000002 0.000476 0.000146 0.000102 0.028609 0.000001 0.000080 0.000011 0.000439 0.000026 0.000339 0.002027 0.002368 0.000430 0.006597 0.000467 0.000387 0.000000 0.002073
 0.046328 0.000002 0.000476 0.000146 0.000102 0.028609 0.000001 0.000080 0.000011 0.000439 0.000026 0.000339 0.002027 0.002368 0.000430 0.915688 0.000467 0.000387 0.000000 0.002073
 0.955419 0.000002 0.000476 0.000146 0.000102 0.028609 0.000001 0.000080 0.000011 0.000439 0.000026 0.000339 0.002027 0.002368 0.000430 0.006597 0.000467 0.000387 0.000000 0.002073
 0.955419 0.000002 0.000476 0.000146 0.000102 0.028609 0.000001 0.000080 0.000011 0.000439 0.000026 0.000339 0.002027 0.002368 0.000430 0.006597 0.000467 0.000387 0.000000 0.002073

MOTIF 23-DASAY STREME-23
letter-probability matrix: alength= 20 w= 5 nsites= 39 E= 8.4e-001
 0.046328 0.000002 0.909567 0.000146 0.000102 0.028609 0.000001 0.000080 0.000011 0.000439 0.000026 0.000339 0.002027 0.002368 0.000430 0.006597 0.000467 0.000387 0.000000 0.002073
 0.955419 0.000002 0.000476 0.000146 0.000102 0.028609 0.000001 0.000080 0.000011 0.000439 0.000026 0.000339 0.002027 0.002368 0.000430 0.006597 0.000467 0.000387 0.000000 0.002073
 0.046328 0.000002 0.000476 0.000146 0.000102 0.028609 0.000001 0.000080 0.000011 0.000439 0.000026 0.000339 0.002027 0.002368 0.000430 0.915688 0.000467 0.000387 0.000000 0.002073
 0.955419 0.000002 0.000476 0.000146 0.000102 0.028609 0.000001 0.000080 0.000011 0.000439 0.000026 0.000339 0.002027 0.002368 0.000430 0.006597 0.000467 0.000387 0.000000 0.002073
 0.046328 0.000002 0.000476 0.000146 0.000102 0.028609 0.000001 0.000080 0.000011 0.000439 0.000026 0.000339 0.002027 0.002368 0.000430 0.006597 0.000467 0.000387 0.000000 0.911164

MOTIF 24-AAAAAGGAG STREME-24
letter-probability matrix: alength= 20 w= 9 nsites= 244 E= 9.7e-001
 0.955419 0.000002 0.000476 0.000146 0.000102 0.028609 0.000001 0.000080 0.000011 0.000439 0.000026 0.000339 0.002027 0.002368 0.000430 0.006597 0.000467 0.000387 0.000000 0.002073
 0.955419 0.000002 0.000476 0.000146 0.000102 0.028609 0.000001 0.000080 0.000011 0.000439 0.000026 0.000339 0.002027 0.002368 0.000430 0.006597 0.000467 0.000387 0.000000 0.002073
 0.955419 0.000002 0.000476 0.000146 0.000102 0.028609 0.000001 0.000080 0.000011 0.000439 0.000026 0.000339 0.002027 0.002368 0.000430 0.006597 0.000467 0.000387 0.000000 0.002073
 0.955419 0.000002 0.000476 0.000146 0.000102 0.028609 0.000001 0.000080 0.000011 0.000439 0.000026 0.000339 0.002027 0.002368 0.000430 0.006597 0.000467 0.000387 0.000000 0.002073
 0.955419 0.000002 0.000476 0.000146 0.000102 0.028609 0.000001 0.000080 0.000011 0.000439 0.000026 0.000339 0.002027 0.002368 0.000430 0.006597 0.000467 0.000387 0.000000 0.002073
 0.046328 0.000002 0.000476 0.000146 0.000102 0.937700 0.000001 0.000080 0.000011 0.000439 0.000026 0.000339 0.002027 0.002368 0.000430 0.006597 0.000467 0.000387 0.000000 0.002073
 0.046328 0.000002 0.000476 0.000146 0.000102 0.937700 0.000001 0.000080 0.000011 0.000439 0.000026 0.000339 0.002027 0.002368 0.000430 0.006597 0.000467 0.000387 0.000000 0.002073
 0.955419 0.000002 0.000476 0.000146 0.000102 0.028609 0.000001 0.000080 0.000011 0.000439 0.000026 0.000339 0.002027 0.002368 0.000430 0.006597 0.000467 0.000387 0.000000 0.002073
 0.046328 0.000002 0.000476 0.000146 0.000102 0.937700 0.000001 0.000080 0.000011 0.000439 0.000026 0.000339 0.002027 0.002368 0.000430 0.006597 0.000467 0.000387 0.000000 0.002073

MOTIF 25-LGGGA STREME-25
letter-probability matrix: alength= 20 w= 5 nsites= 93 E= 1.7e+000
 0.046328 0.000002 0.000476 0.000146 0.000102 0.028609 0.000001 0.000080 0.000011 0.909530 0.000026 0.000339 0.002027 0.002368 0.000430 0.006597 0.000467 0.000387 0.000000 0.002073
 0.046328 0.000002 0.000476 0.000146 0.000102 0.937700 0.000001 0.000080 0.000011 0.000439 0.000026 0.000339 0.002027 0.002368 0.000430 0.006597 0.000467 0.000387 0.000000 0.002073
 0.046328 0.000002 0.000476 0.000146 0.000102 0.937700 0.000001 0.000080 0.000011 0.000439 0.000026 0.000339 0.002027 0.002368 0.000430 0.006597 0.000467 0.000387 0.000000 0.002073
 0.046328 0.000002 0.000476 0.000146 0.000102 0.937700 0.000001 0.000080 0.000011 0.000439 0.000026 0.000339 0.002027 0.002368 0.000430 0.006597 0.000467 0.000387 0.000000 0.002073
 0.955419 0.000002 0.000476 0.000146 0.000102 0.028609 0.000001 0.000080 0.000011 0.000439 0.000026 0.000339 0.002027 0.002368 0.000430 0.006597 0.000467 0.000387 0.000000 0.002073

MOTIF 26-AGAAASSAAA STREME-26
letter-probability matrix: alength= 20 w= 10 nsites= 53 E= 1.7e+000
 0.998513 0.000000 0.000016 0.000005 0.000003 0.000954 0.000000 0.000003 0.000000 0.000015 0.000001 0.000011 0.000068 0.000079 0.000014 0.000220 0.000016 0.000013 0.000000 0.000069
 0.001545 0.000000 0.000016 0.000005 0.000003 0.997922 0.000000 0.000003 0.000000 0.000015 0.000001 0.000011 0.000068 0.000079 0.000014 0.000220 0.000016 0.000013 0.000000 0.000069
 0.998513 0.000000 0.000016 0.000005 0.000003 0.000954 0.000000 0.000003 0.000000 0.000015 0.000001 0.000011 0.000068 0.000079 0.000014 0.000220 0.000016 0.000013 0.000000 0.000069
 0.998513 0.000000 0.000016 0.000005 0.000003 0.000954 0.000000 0.000003 0.000000 0.000015 0.000001 0.000011 0.000068 0.000079 0.000014 0.000220 0.000016 0.000013 0.000000 0.000069
 0.998513 0.000000 0.000016 0.000005 0.000003 0.000954 0.000000 0.000003 0.000000 0.000015 0.000001 0.000011 0.000068 0.000079 0.000014 0.000220 0.000016 0.000013 0.000000 0.000069
 0.001545 0.000000 0.000016 0.000005 0.000003 0.000954 0.000000 0.000003 0.000000 0.000015 0.000001 0.000011 0.000068 0.000079 0.000014 0.997188 0.000016 0.000013 0.000000 0.000069
 0.001545 0.000000 0.000016 0.000005 0.000003 0.000954 0.000000 0.000003 0.000000 0.000015 0.000001 0.000011 0.000068 0.000079 0.000014 0.997188 0.000016 0.000013 0.000000 0.000069
 0.599041 0.000000 0.000016 0.000005 0.000003 0.400427 0.000000 0.000003 0.000000 0.000015 0.000001 0.000011 0.000068 0.000079 0.000014 0.000220 0.000016 0.000013 0.000000 0.000069
 0.998513 0.000000 0.000016 0.000005 0.000003 0.000954 0.000000 0.000003 0.000000 0.000015 0.000001 0.000011 0.000068 0.000079 0.000014 0.000220 0.000016 0.000013 0.000000 0.000069
 0.590317 0.000000 0.000016 0.000005 0.000003 0.000954 0.000000 0.000003 0.000000 0.000015 0.000001 0.000011 0.000068 0.000079 0.000014 0.408416 0.000016 0.000013 0.000000 0.000069

MOTIF 27-QGGAGSAAAA STREME-27
letter-probability matrix: alength= 20 w= 10 nsites= 38 E= 2.7e+001
 0.001878 0.000000 0.000019 0.000006 0.000004 0.001160 0.000000 0.000003 0.000000 0.000018 0.000001 0.000014 0.000082 0.996411 0.000017 0.000267 0.000019 0.000016 0.000000 0.000084
 0.001878 0.000000 0.000019 0.000006 0.000004 0.997475 0.000000 0.000003 0.000000 0.000018 0.000001 0.000014 0.000082 0.000096 0.000017 0.000267 0.000019 0.000016 0.000000 0.000084
 0.001878 0.000000 0.000019 0.000006 0.000004 0.997475 0.000000 0.000003 0.000000 0.000018 0.000001 0.000014 0.000082 0.000096 0.000017 0.000267 0.000019 0.000016 0.000000 0.000084
 0.998193 0.000000 0.000019 0.000006 0.000004 0.001160 0.000000 0.000003 0.000000 0.000018 0.000001 0.000014 0.000082 0.000096 0.000017 0.000267 0.000019 0.000016 0.000000 0.000084
 0.155147 0.000000 0.000019 0.000006 0.000004 0.844206 0.000000 0.000003 0.000000 0.000018 0.000001 0.000014 0.000082 0.000096 0.000017 0.000267 0.000019 0.000016 0.000000 0.000084
 0.385099 0.000000 0.000019 0.000006 0.000004 0.026703 0.000000 0.000003 0.000000 0.000018 0.000001 0.000014 0.000082 0.000096 0.000017 0.587819 0.000019 0.000016 0.000000 0.000084
 0.896017 0.000000 0.000019 0.000006 0.000004 0.001160 0.000000 0.000003 0.000000 0.000018 0.000001 0.000014 0.000082 0.000096 0.000017 0.102444 0.000019 0.000016 0.000000 0.000084
 0.998193 0.000000 0.000019 0.000006 0.000004 0.001160 0.000000 0.000003 0.000000 0.000018 0.000001 0.000014 0.000082 0.000096 0.000017 0.000267 0.000019 0.000016 0.000000 0.000084
 0.998193 0.000000 0.000019 0.000006 0.000004 0.001160 0.000000 0.000003 0.000000 0.000018 0.000001 0.000014 0.000082 0.000096 0.000017 0.000267 0.000019 0.000016 0.000000 0.000084
 0.972650 0.000000 0.025562 0.000006 0.000004 0.001160 0.000000 0.000003 0.000000 0.000018 0.000001 0.000014 0.000082 0.000096 0.000017 0.000267 0.000019 0.000016 0.000000 0.000084

********************************************************************************
Stopped because 3 consecutive motifs exceeded the p-value threshold (0.05).
********************************************************************************
COMMAND:	streme --protein --p ./Data/v0_cluster_windows_15mers/cluster_6.fasta --minw 3 --maxw 15 --thresh 0.05 --oc ./Results/v0_Parallel_Run_20250503_171149/streme_out_cluster_6
********************************************************************************
CPU:		Hirokis-MacBook-Air.local
********************************************************************************
FINALTIME:	213.48 seconds
********************************************************************************
