********************************************************************************
STREME - Sensitive, Thorough, Rapid, Enriched Motif Elicitation
********************************************************************************
MEME version 5.5.7 (Release date: Wed Jun 19 13:59:04 2024 -0700)

For further information on how to interpret these results please access https://meme-suite.org/meme.
To get a copy of the MEME Suite software please access https://meme-suite.org.

********************************************************************************


********************************************************************************
REFERENCE
********************************************************************************
If you use this program in your research, please cite:

Timothy L. Bailey,
"STREME: accurate and versatile sequence motif discovery",
Bioinformatics, Mar. 24, 2021.
********************************************************************************


ALPHABET= ACDEFGHIKLMNPQRSTVWY

strands: +

Background letter frequencies
A 0.0597 C 6.94e-05 D 6.94e-05 E 0.0666 F 6.94e-05 G 0.56 H 6.94e-05 I 6.94e-05 K 6.94e-05 L 0.007 M 6.94e-05 N 6.94e-05 P 6.94e-05 Q 0.155 R 6.94e-05 S 6.94e-05 T 6.94e-05 V 0.007 W 6.94e-05 Y 0.143 

MOTIF 1-YGQGGYGQGAGEGGY STREME-1
letter-probability matrix: alength= 20 w= 15 nsites= 48 S= 1.6e-028
 0.005428 0.000006 0.000006 0.006058 0.000006 0.050948 0.000006 0.000006 0.000006 0.000637 0.000006 0.000006 0.000006 0.014128 0.000006 0.000006 0.000006 0.000637 0.000006 0.922082
 0.005428 0.000006 0.000006 0.006058 0.000006 0.960038 0.000006 0.000006 0.000006 0.000637 0.000006 0.000006 0.000006 0.014128 0.000006 0.000006 0.000006 0.000637 0.000006 0.012991
 0.005428 0.000006 0.000006 0.006058 0.000006 0.050948 0.000006 0.000006 0.000006 0.000637 0.000006 0.000006 0.000006 0.923219 0.000006 0.000006 0.000006 0.000637 0.000006 0.012991
 0.005428 0.000006 0.000006 0.006058 0.000006 0.960038 0.000006 0.000006 0.000006 0.000637 0.000006 0.000006 0.000006 0.014128 0.000006 0.000006 0.000006 0.000637 0.000006 0.012991
 0.005428 0.000006 0.000006 0.006058 0.000006 0.960038 0.000006 0.000006 0.000006 0.000637 0.000006 0.000006 0.000006 0.014128 0.000006 0.000006 0.000006 0.000637 0.000006 0.012991
 0.005428 0.000006 0.000006 0.006058 0.000006 0.050948 0.000006 0.000006 0.000006 0.000637 0.000006 0.000006 0.000006 0.014128 0.000006 0.000006 0.000006 0.000637 0.000006 0.922082
 0.005428 0.000006 0.000006 0.006058 0.000006 0.960038 0.000006 0.000006 0.000006 0.000637 0.000006 0.000006 0.000006 0.014128 0.000006 0.000006 0.000006 0.000637 0.000006 0.012991
 0.005428 0.000006 0.000006 0.006058 0.000006 0.050948 0.000006 0.000006 0.000006 0.000637 0.000006 0.000006 0.000006 0.923219 0.000006 0.000006 0.000006 0.000637 0.000006 0.012991
 0.005428 0.000006 0.000006 0.006058 0.000006 0.960038 0.000006 0.000006 0.000006 0.000637 0.000006 0.000006 0.000006 0.014128 0.000006 0.000006 0.000006 0.000637 0.000006 0.012991
 0.914519 0.000006 0.000006 0.006058 0.000006 0.050948 0.000006 0.000006 0.000006 0.000637 0.000006 0.000006 0.000006 0.014128 0.000006 0.000006 0.000006 0.000637 0.000006 0.012991
 0.005428 0.000006 0.000006 0.006058 0.000006 0.960038 0.000006 0.000006 0.000006 0.000637 0.000006 0.000006 0.000006 0.014128 0.000006 0.000006 0.000006 0.000637 0.000006 0.012991
 0.005428 0.000006 0.000006 0.915149 0.000006 0.050948 0.000006 0.000006 0.000006 0.000637 0.000006 0.000006 0.000006 0.014128 0.000006 0.000006 0.000006 0.000637 0.000006 0.012991
 0.005428 0.000006 0.000006 0.006058 0.000006 0.960038 0.000006 0.000006 0.000006 0.000637 0.000006 0.000006 0.000006 0.014128 0.000006 0.000006 0.000006 0.000637 0.000006 0.012991
 0.005428 0.000006 0.000006 0.006058 0.000006 0.960038 0.000006 0.000006 0.000006 0.000637 0.000006 0.000006 0.000006 0.014128 0.000006 0.000006 0.000006 0.000637 0.000006 0.012991
 0.005428 0.000006 0.000006 0.006058 0.000006 0.050948 0.000006 0.000006 0.000006 0.000637 0.000006 0.000006 0.000006 0.014128 0.000006 0.000006 0.000006 0.000637 0.000006 0.922082

MOTIF 2-GYGQ STREME-2
letter-probability matrix: alength= 20 w= 4 nsites= 1 S= 8.8e-001
 0.005428 0.000006 0.000006 0.006058 0.000006 0.960038 0.000006 0.000006 0.000006 0.000637 0.000006 0.000006 0.000006 0.014128 0.000006 0.000006 0.000006 0.000637 0.000006 0.012991
 0.005428 0.000006 0.000006 0.006058 0.000006 0.050948 0.000006 0.000006 0.000006 0.000637 0.000006 0.000006 0.000006 0.014128 0.000006 0.000006 0.000006 0.000637 0.000006 0.922082
 0.005428 0.000006 0.000006 0.006058 0.000006 0.960038 0.000006 0.000006 0.000006 0.000637 0.000006 0.000006 0.000006 0.014128 0.000006 0.000006 0.000006 0.000637 0.000006 0.012991
 0.005428 0.000006 0.000006 0.006058 0.000006 0.050948 0.000006 0.000006 0.000006 0.000637 0.000006 0.000006 0.000006 0.923219 0.000006 0.000006 0.000006 0.000637 0.000006 0.012991

********************************************************************************
Stopped because the next motif had no positive sites with scores > 0.
********************************************************************************
COMMAND:	streme --protein --p ./Data/v1_cluster_windows_15mers/cluster_21050.fasta --minw 3 --maxw 15 --thresh 0.05 --oc ./Results/v1_Top500_Run_20250504_162200/streme_out_cluster_21050
********************************************************************************
CPU:		Hirokis-MacBook-Air.local
********************************************************************************
FINALTIME:	0.14 seconds
********************************************************************************
