********************************************************************************
STREME - Sensitive, Thorough, Rapid, Enriched Motif Elicitation
********************************************************************************
MEME version 5.5.7 (Release date: Wed Jun 19 13:59:04 2024 -0700)

For further information on how to interpret these results please access https://meme-suite.org/meme.
To get a copy of the MEME Suite software please access https://meme-suite.org.

********************************************************************************


********************************************************************************
REFERENCE
********************************************************************************
If you use this program in your research, please cite:

Timothy L. Bailey,
"STREME: accurate and versatile sequence motif discovery",
Bioinformatics, Mar. 24, 2021.
********************************************************************************


ALPHABET= ACDEFGHIKLMNPQRSTVWY

strands: +

Background letter frequencies
A 0.223 C 6.79e-05 D 6.79e-05 E 6.79e-05 F 0.00278 G 0.148 H 6.79e-05 I 6.79e-05 K 6.79e-05 L 0.0055 M 0.0666 N 0.00822 P 6.79e-05 Q 0.0435 R 0.00822 S 0.397 T 0.0245 V 0.0055 W 6.79e-05 Y 0.0666 

MOTIF 1-SGSSSS STREME-1
letter-probability matrix: alength= 20 w= 6 nsites= 47 S= 2.3e-024
 0.338858 0.000000 0.000000 0.000000 0.000007 0.000374 0.000000 0.000000 0.000000 0.000014 0.000168 0.000021 0.000000 0.000110 0.000021 0.660182 0.000062 0.000014 0.000000 0.000168
 0.229801 0.000000 0.000000 0.000000 0.000007 0.768612 0.000000 0.000000 0.000000 0.000014 0.000168 0.000021 0.000000 0.000110 0.000021 0.001001 0.000062 0.000014 0.000000 0.000168
 0.000563 0.000000 0.000000 0.000000 0.000007 0.000374 0.000000 0.000000 0.000000 0.000014 0.000168 0.000021 0.000000 0.000110 0.000021 0.998478 0.000062 0.000014 0.000000 0.000168
 0.000563 0.000000 0.000000 0.000000 0.000007 0.000374 0.000000 0.000000 0.000000 0.000014 0.000168 0.000021 0.000000 0.000110 0.000021 0.998478 0.000062 0.000014 0.000000 0.000168
 0.000563 0.000000 0.000000 0.000000 0.000007 0.000374 0.000000 0.000000 0.000000 0.000014 0.000168 0.000021 0.000000 0.000110 0.000021 0.998478 0.000062 0.000014 0.000000 0.000168
 0.000563 0.000000 0.000000 0.000000 0.000007 0.109431 0.000000 0.000000 0.000000 0.000014 0.000168 0.000021 0.000000 0.000110 0.000021 0.889420 0.000062 0.000014 0.000000 0.000168

MOTIF 2-GYS STREME-2
letter-probability matrix: alength= 20 w= 3 nsites= 42 S= 8.7e-016
 0.020263 0.000006 0.000006 0.000006 0.000253 0.922563 0.000006 0.000006 0.000006 0.000500 0.006058 0.000747 0.000006 0.003959 0.000747 0.036072 0.002229 0.000500 0.000006 0.006058
 0.020263 0.000006 0.000006 0.000006 0.000253 0.013472 0.000006 0.000006 0.000006 0.000500 0.006058 0.000747 0.000006 0.003959 0.000747 0.036072 0.002229 0.000500 0.000006 0.915149
 0.020263 0.000006 0.000006 0.000006 0.000253 0.013472 0.000006 0.000006 0.000006 0.000500 0.006058 0.000747 0.000006 0.003959 0.000747 0.945163 0.002229 0.000500 0.000006 0.006058

MOTIF 3-AAM STREME-3
letter-probability matrix: alength= 20 w= 3 nsites= 35 S= 4.1e-014
 0.929354 0.000006 0.000006 0.000006 0.000253 0.013472 0.000006 0.000006 0.000006 0.000500 0.006058 0.000747 0.000006 0.003959 0.000747 0.036072 0.002229 0.000500 0.000006 0.006058
 0.929354 0.000006 0.000006 0.000006 0.000253 0.013472 0.000006 0.000006 0.000006 0.000500 0.006058 0.000747 0.000006 0.003959 0.000747 0.036072 0.002229 0.000500 0.000006 0.006058
 0.020263 0.000006 0.000006 0.000006 0.000253 0.013472 0.000006 0.000006 0.000006 0.000500 0.915149 0.000747 0.000006 0.003959 0.000747 0.036072 0.002229 0.000500 0.000006 0.006058

MOTIF 4-NVQT STREME-4
letter-probability matrix: alength= 20 w= 4 nsites= 6 S= 1.3e-002
 0.020263 0.000006 0.000006 0.000006 0.000253 0.013472 0.000006 0.000006 0.000006 0.000500 0.006058 0.909838 0.000006 0.003959 0.000747 0.036072 0.002229 0.000500 0.000006 0.006058
 0.020263 0.000006 0.000006 0.000006 0.000253 0.013472 0.000006 0.000006 0.000006 0.000500 0.006058 0.000747 0.000006 0.003959 0.000747 0.036072 0.002229 0.909591 0.000006 0.006058
 0.020263 0.000006 0.000006 0.000006 0.000253 0.013472 0.000006 0.000006 0.000006 0.000500 0.006058 0.000747 0.000006 0.913050 0.000747 0.036072 0.002229 0.000500 0.000006 0.006058
 0.020263 0.000006 0.000006 0.000006 0.000253 0.013472 0.000006 0.000006 0.000006 0.000500 0.006058 0.000747 0.000006 0.003959 0.000747 0.036072 0.911320 0.000500 0.000006 0.006058

MOTIF 5-QRM STREME-5
letter-probability matrix: alength= 20 w= 3 nsites= 3 S= 1.2e-001
 0.020263 0.000006 0.000006 0.000006 0.000253 0.013472 0.000006 0.000006 0.000006 0.000500 0.006058 0.000747 0.000006 0.913050 0.000747 0.036072 0.002229 0.000500 0.000006 0.006058
 0.020263 0.000006 0.000006 0.000006 0.000253 0.013472 0.000006 0.000006 0.000006 0.000500 0.006058 0.000747 0.000006 0.003959 0.909838 0.036072 0.002229 0.000500 0.000006 0.006058
 0.020263 0.000006 0.000006 0.000006 0.000253 0.013472 0.000006 0.000006 0.000006 0.000500 0.915149 0.000747 0.000006 0.003959 0.000747 0.036072 0.002229 0.000500 0.000006 0.006058

********************************************************************************
Stopped because maximum number of motifs (5) reached.
********************************************************************************
COMMAND:	streme --protein --p ./Data/v1_cluster_windows_15mers/cluster_4847.fasta --minw 3 --maxw 15 --thresh 0.05 --oc ./Results/v1_Top500_Run_20250504_162200/streme_out_cluster_4847
********************************************************************************
CPU:		Hirokis-MacBook-Air.local
********************************************************************************
FINALTIME:	0.21 seconds
********************************************************************************
