********************************************************************************
STREME - Sensitive, Thorough, Rapid, Enriched Motif Elicitation
********************************************************************************
MEME version 5.5.7 (Release date: Wed Jun 19 13:59:04 2024 -0700)

For further information on how to interpret these results please access https://meme-suite.org/meme.
To get a copy of the MEME Suite software please access https://meme-suite.org.

********************************************************************************


********************************************************************************
REFERENCE
********************************************************************************
If you use this program in your research, please cite:

Timothy L. Bailey,
"STREME: accurate and versatile sequence motif discovery",
Bioinformatics, Mar. 24, 2021.
********************************************************************************


ALPHABET= ACDEFGHIKLMNPQRSTVWY

strands: +

Background letter frequencies
A 0.153 C 6.94e-05 D 6.94e-05 E 6.94e-05 F 0.00839 G 0.136 H 6.94e-05 I 6.94e-05 K 6.94e-05 L 0.18 M 0.00284 N 0.121 P 0.00423 Q 6.94e-05 R 0.00423 S 0.271 T 6.94e-05 V 0.112 W 6.94e-05 Y 0.007 

MOTIF 1-SNVASALSSGGVFNL STREME-1
letter-probability matrix: alength= 20 w= 15 nsites= 48 S= 1.6e-028
 0.013874 0.000006 0.000006 0.000006 0.000763 0.012365 0.000006 0.000006 0.000006 0.016401 0.000258 0.010974 0.000385 0.000006 0.000385 0.933684 0.000006 0.010219 0.000006 0.000637
 0.013874 0.000006 0.000006 0.000006 0.000763 0.012365 0.000006 0.000006 0.000006 0.016401 0.000258 0.920064 0.000385 0.000006 0.000385 0.024593 0.000006 0.010219 0.000006 0.000637
 0.013874 0.000006 0.000006 0.000006 0.000763 0.012365 0.000006 0.000006 0.000006 0.016401 0.000258 0.010974 0.000385 0.000006 0.000385 0.024593 0.000006 0.919310 0.000006 0.000637
 0.922965 0.000006 0.000006 0.000006 0.000763 0.012365 0.000006 0.000006 0.000006 0.016401 0.000258 0.010974 0.000385 0.000006 0.000385 0.024593 0.000006 0.010219 0.000006 0.000637
 0.013874 0.000006 0.000006 0.000006 0.000763 0.012365 0.000006 0.000006 0.000006 0.016401 0.000258 0.010974 0.000385 0.000006 0.000385 0.933684 0.000006 0.010219 0.000006 0.000637
 0.922965 0.000006 0.000006 0.000006 0.000763 0.012365 0.000006 0.000006 0.000006 0.016401 0.000258 0.010974 0.000385 0.000006 0.000385 0.024593 0.000006 0.010219 0.000006 0.000637
 0.013874 0.000006 0.000006 0.000006 0.000763 0.012365 0.000006 0.000006 0.000006 0.925492 0.000258 0.010974 0.000385 0.000006 0.000385 0.024593 0.000006 0.010219 0.000006 0.000637
 0.013874 0.000006 0.000006 0.000006 0.000763 0.012365 0.000006 0.000006 0.000006 0.016401 0.000258 0.010974 0.000385 0.000006 0.000385 0.933684 0.000006 0.010219 0.000006 0.000637
 0.013874 0.000006 0.000006 0.000006 0.000763 0.012365 0.000006 0.000006 0.000006 0.016401 0.000258 0.010974 0.000385 0.000006 0.000385 0.933684 0.000006 0.010219 0.000006 0.000637
 0.013874 0.000006 0.000006 0.000006 0.000763 0.921456 0.000006 0.000006 0.000006 0.016401 0.000258 0.010974 0.000385 0.000006 0.000385 0.024593 0.000006 0.010219 0.000006 0.000637
 0.013874 0.000006 0.000006 0.000006 0.000763 0.921456 0.000006 0.000006 0.000006 0.016401 0.000258 0.010974 0.000385 0.000006 0.000385 0.024593 0.000006 0.010219 0.000006 0.000637
 0.013874 0.000006 0.000006 0.000006 0.000763 0.012365 0.000006 0.000006 0.000006 0.016401 0.000258 0.010974 0.000385 0.000006 0.000385 0.024593 0.000006 0.919310 0.000006 0.000637
 0.013874 0.000006 0.000006 0.000006 0.909854 0.012365 0.000006 0.000006 0.000006 0.016401 0.000258 0.010974 0.000385 0.000006 0.000385 0.024593 0.000006 0.010219 0.000006 0.000637
 0.013874 0.000006 0.000006 0.000006 0.000763 0.012365 0.000006 0.000006 0.000006 0.016401 0.000258 0.920064 0.000385 0.000006 0.000385 0.024593 0.000006 0.010219 0.000006 0.000637
 0.013874 0.000006 0.000006 0.000006 0.000763 0.012365 0.000006 0.000006 0.000006 0.925492 0.000258 0.010974 0.000385 0.000006 0.000385 0.024593 0.000006 0.010219 0.000006 0.000637

MOTIF 2-PVSV STREME-2
letter-probability matrix: alength= 20 w= 4 nsites= 2 S= 2.5e-001
 0.013874 0.000006 0.000006 0.000006 0.000763 0.012365 0.000006 0.000006 0.000006 0.016401 0.000258 0.010974 0.909475 0.000006 0.000385 0.024593 0.000006 0.010219 0.000006 0.000637
 0.013874 0.000006 0.000006 0.000006 0.000763 0.012365 0.000006 0.000006 0.000006 0.016401 0.000258 0.010974 0.000385 0.000006 0.000385 0.024593 0.000006 0.919310 0.000006 0.000637
 0.013874 0.000006 0.000006 0.000006 0.000763 0.012365 0.000006 0.000006 0.000006 0.016401 0.000258 0.010974 0.000385 0.000006 0.000385 0.933684 0.000006 0.010219 0.000006 0.000637
 0.013874 0.000006 0.000006 0.000006 0.000763 0.012365 0.000006 0.000006 0.000006 0.016401 0.000258 0.010974 0.000385 0.000006 0.000385 0.024593 0.000006 0.919310 0.000006 0.000637

MOTIF 3-GSA STREME-3
letter-probability matrix: alength= 20 w= 3 nsites= 1 S= 9.9e-001
 0.013874 0.000006 0.000006 0.000006 0.000763 0.921456 0.000006 0.000006 0.000006 0.016401 0.000258 0.010974 0.000385 0.000006 0.000385 0.024593 0.000006 0.010219 0.000006 0.000637
 0.013874 0.000006 0.000006 0.000006 0.000763 0.012365 0.000006 0.000006 0.000006 0.016401 0.000258 0.010974 0.000385 0.000006 0.000385 0.933684 0.000006 0.010219 0.000006 0.000637
 0.922965 0.000006 0.000006 0.000006 0.000763 0.012365 0.000006 0.000006 0.000006 0.016401 0.000258 0.010974 0.000385 0.000006 0.000385 0.024593 0.000006 0.010219 0.000006 0.000637

********************************************************************************
Stopped because the next motif had no positive sites with scores > 0.
********************************************************************************
COMMAND:	streme --protein --p ./Data/v1_cluster_windows_15mers/cluster_10326.fasta --minw 3 --maxw 15 --thresh 0.05 --oc ./Results/v1_Top500_Run_20250504_162200/streme_out_cluster_10326
********************************************************************************
CPU:		Hirokis-MacBook-Air.local
********************************************************************************
FINALTIME:	0.15 seconds
********************************************************************************
