********************************************************************************
STREME - Sensitive, Thorough, Rapid, Enriched Motif Elicitation
********************************************************************************
MEME version 5.5.7 (Release date: Wed Jun 19 13:59:04 2024 -0700)

For further information on how to interpret these results please access https://meme-suite.org/meme.
To get a copy of the MEME Suite software please access https://meme-suite.org.

********************************************************************************


********************************************************************************
REFERENCE
********************************************************************************
If you use this program in your research, please cite:

Timothy L. Bailey,
"STREME: accurate and versatile sequence motif discovery",
Bioinformatics, Mar. 24, 2021.
********************************************************************************


ALPHABET= ACDEFGHIKLMNPQRSTVWY

strands: +

Background letter frequencies
A 0.0131 C 6.53e-05 D 6.53e-05 E 6.53e-05 F 0.0144 G 0.189 H 6.53e-05 I 0.0431 K 6.53e-05 L 0.0327 M 6.53e-05 N 0.00659 P 0.123 Q 0.0666 R 0.00268 S 0.282 T 0.0745 V 0.0784 W 6.53e-05 Y 0.0732 

MOTIF 1-GSSSSVLTSYGPGPQ STREME-1
letter-probability matrix: alength= 20 w= 15 nsites= 51 E= 7.9e-003
 0.001193 0.000006 0.000006 0.000006 0.001312 0.926309 0.000006 0.003923 0.000006 0.002973 0.000006 0.000599 0.011164 0.006058 0.000243 0.025636 0.006771 0.007126 0.000006 0.006652
 0.001193 0.000006 0.000006 0.000006 0.001312 0.017218 0.000006 0.003923 0.000006 0.002973 0.000006 0.000599 0.011164 0.006058 0.000243 0.934727 0.006771 0.007126 0.000006 0.006652
 0.001193 0.000006 0.000006 0.000006 0.001312 0.017218 0.000006 0.003923 0.000006 0.002973 0.000006 0.000599 0.011164 0.006058 0.000243 0.934727 0.006771 0.007126 0.000006 0.006652
 0.001193 0.000006 0.000006 0.000006 0.001312 0.017218 0.000006 0.003923 0.000006 0.002973 0.000006 0.000599 0.011164 0.006058 0.000243 0.934727 0.006771 0.007126 0.000006 0.006652
 0.001193 0.000006 0.000006 0.000006 0.001312 0.017218 0.000006 0.003923 0.000006 0.002973 0.000006 0.000599 0.011164 0.006058 0.000243 0.934727 0.006771 0.007126 0.000006 0.006652
 0.001193 0.000006 0.000006 0.000006 0.001312 0.017218 0.000006 0.003923 0.000006 0.002973 0.000006 0.000599 0.011164 0.006058 0.000243 0.025636 0.006771 0.916217 0.000006 0.006652
 0.001193 0.000006 0.000006 0.000006 0.001312 0.017218 0.000006 0.003923 0.000006 0.912064 0.000006 0.000599 0.011164 0.006058 0.000243 0.025636 0.006771 0.007126 0.000006 0.006652
 0.001193 0.000006 0.000006 0.000006 0.001312 0.017218 0.000006 0.003923 0.000006 0.002973 0.000006 0.000599 0.011164 0.006058 0.000243 0.025636 0.915862 0.007126 0.000006 0.006652
 0.001193 0.000006 0.000006 0.000006 0.001312 0.017218 0.000006 0.003923 0.000006 0.002973 0.000006 0.000599 0.011164 0.006058 0.000243 0.934727 0.006771 0.007126 0.000006 0.006652
 0.001193 0.000006 0.000006 0.000006 0.001312 0.017218 0.000006 0.003923 0.000006 0.002973 0.000006 0.000599 0.011164 0.006058 0.000243 0.025636 0.006771 0.007126 0.000006 0.915743
 0.001193 0.000006 0.000006 0.000006 0.001312 0.926309 0.000006 0.003923 0.000006 0.002973 0.000006 0.000599 0.011164 0.006058 0.000243 0.025636 0.006771 0.007126 0.000006 0.006652
 0.001193 0.000006 0.000006 0.000006 0.001312 0.017218 0.000006 0.003923 0.000006 0.002973 0.000006 0.000599 0.920254 0.006058 0.000243 0.025636 0.006771 0.007126 0.000006 0.006652
 0.001193 0.000006 0.000006 0.000006 0.001312 0.926309 0.000006 0.003923 0.000006 0.002973 0.000006 0.000599 0.011164 0.006058 0.000243 0.025636 0.006771 0.007126 0.000006 0.006652
 0.001193 0.000006 0.000006 0.000006 0.001312 0.017218 0.000006 0.003923 0.000006 0.002973 0.000006 0.000599 0.920254 0.006058 0.000243 0.025636 0.006771 0.007126 0.000006 0.006652
 0.001193 0.000006 0.000006 0.000006 0.001312 0.017218 0.000006 0.003923 0.000006 0.002973 0.000006 0.000599 0.011164 0.915149 0.000243 0.025636 0.006771 0.007126 0.000006 0.006652

MOTIF 2-IGIS STREME-2
letter-probability matrix: alength= 20 w= 4 nsites= 1 E= 2.0e+000
 0.001654 0.000008 0.000008 0.000008 0.001819 0.023879 0.000008 0.879360 0.000008 0.004123 0.000008 0.000831 0.015483 0.008402 0.000337 0.035554 0.009390 0.009883 0.000008 0.009225
 0.001654 0.000008 0.000008 0.000008 0.001819 0.897799 0.000008 0.005440 0.000008 0.004123 0.000008 0.000831 0.015483 0.008402 0.000337 0.035554 0.009390 0.009883 0.000008 0.009225
 0.001654 0.000008 0.000008 0.000008 0.001819 0.023879 0.000008 0.879360 0.000008 0.004123 0.000008 0.000831 0.015483 0.008402 0.000337 0.035554 0.009390 0.009883 0.000008 0.009225
 0.001654 0.000008 0.000008 0.000008 0.001819 0.023879 0.000008 0.005440 0.000008 0.004123 0.000008 0.000831 0.015483 0.008402 0.000337 0.909474 0.009390 0.009883 0.000008 0.009225

********************************************************************************
Stopped because the next motif had no positive sites with scores > 0.
********************************************************************************
COMMAND:	streme --protein --p ./Data/v1_cluster_windows_15mers/cluster_2038.fasta --minw 3 --maxw 15 --thresh 0.05 --oc ./Results/v1_Top500_Run_20250504_162200/streme_out_cluster_2038
********************************************************************************
CPU:		Hirokis-MacBook-Air.local
********************************************************************************
FINALTIME:	0.16 seconds
********************************************************************************
