********************************************************************************
STREME - Sensitive, Thorough, Rapid, Enriched Motif Elicitation
********************************************************************************
MEME version 5.5.7 (Release date: Wed Jun 19 13:59:04 2024 -0700)

For further information on how to interpret these results please access https://meme-suite.org/meme.
To get a copy of the MEME Suite software please access https://meme-suite.org.

********************************************************************************


********************************************************************************
REFERENCE
********************************************************************************
If you use this program in your research, please cite:

Timothy L. Bailey,
"STREME: accurate and versatile sequence motif discovery",
Bioinformatics, Mar. 24, 2021.
********************************************************************************


ALPHABET= ACDEFGHIKLMNPQRSTVWY

strands: +

Background letter frequencies
A 0.0313 C 1.82e-05 D 1.82e-05 E 1.82e-05 F 1.82e-05 G 0.492 H 1.82e-05 I 1.82e-05 K 1.82e-05 L 0.000382 M 1.82e-05 N 0.00293 P 0.205 Q 0.0743 R 0.0022 S 0.114 T 0.00512 V 0.00548 W 1.82e-05 Y 0.0667 

MOTIF 1-GSGPGQYGPSGPGS STREME-1
letter-probability matrix: alength= 20 w= 14 nsites= 182 E= 8.4e-009
 0.002849 0.000002 0.000002 0.000002 0.000002 0.953855 0.000002 0.000002 0.000002 0.000035 0.000002 0.000267 0.018637 0.006756 0.000200 0.010364 0.000465 0.000498 0.000002 0.006060
 0.002849 0.000002 0.000002 0.000002 0.000002 0.044764 0.000002 0.000002 0.000002 0.000035 0.000002 0.000267 0.018637 0.006756 0.000200 0.919455 0.000465 0.000498 0.000002 0.006060
 0.002849 0.000002 0.000002 0.000002 0.000002 0.953855 0.000002 0.000002 0.000002 0.000035 0.000002 0.000267 0.018637 0.006756 0.000200 0.010364 0.000465 0.000498 0.000002 0.006060
 0.002849 0.000002 0.000002 0.000002 0.000002 0.044764 0.000002 0.000002 0.000002 0.000035 0.000002 0.000267 0.927727 0.006756 0.000200 0.010364 0.000465 0.000498 0.000002 0.006060
 0.002849 0.000002 0.000002 0.000002 0.000002 0.953855 0.000002 0.000002 0.000002 0.000035 0.000002 0.000267 0.018637 0.006756 0.000200 0.010364 0.000465 0.000498 0.000002 0.006060
 0.002849 0.000002 0.000002 0.000002 0.000002 0.044764 0.000002 0.000002 0.000002 0.000035 0.000002 0.000267 0.018637 0.915846 0.000200 0.010364 0.000465 0.000498 0.000002 0.006060
 0.002849 0.000002 0.000002 0.000002 0.000002 0.044764 0.000002 0.000002 0.000002 0.000035 0.000002 0.000267 0.018637 0.006756 0.000200 0.010364 0.000465 0.000498 0.000002 0.915151
 0.002849 0.000002 0.000002 0.000002 0.000002 0.953855 0.000002 0.000002 0.000002 0.000035 0.000002 0.000267 0.018637 0.006756 0.000200 0.010364 0.000465 0.000498 0.000002 0.006060
 0.002849 0.000002 0.000002 0.000002 0.000002 0.044764 0.000002 0.000002 0.000002 0.000035 0.000002 0.000267 0.927727 0.006756 0.000200 0.010364 0.000465 0.000498 0.000002 0.006060
 0.002849 0.000002 0.000002 0.000002 0.000002 0.044764 0.000002 0.000002 0.000002 0.000035 0.000002 0.000267 0.018637 0.006756 0.000200 0.919455 0.000465 0.000498 0.000002 0.006060
 0.002849 0.000002 0.000002 0.000002 0.000002 0.953855 0.000002 0.000002 0.000002 0.000035 0.000002 0.000267 0.018637 0.006756 0.000200 0.010364 0.000465 0.000498 0.000002 0.006060
 0.002849 0.000002 0.000002 0.000002 0.000002 0.044764 0.000002 0.000002 0.000002 0.000035 0.000002 0.000267 0.927727 0.006756 0.000200 0.010364 0.000465 0.000498 0.000002 0.006060
 0.002849 0.000002 0.000002 0.000002 0.000002 0.953855 0.000002 0.000002 0.000002 0.000035 0.000002 0.000267 0.018637 0.006756 0.000200 0.010364 0.000465 0.000498 0.000002 0.006060
 0.002849 0.000002 0.000002 0.000002 0.000002 0.044764 0.000002 0.000002 0.000002 0.000035 0.000002 0.000267 0.018637 0.006756 0.000200 0.919455 0.000465 0.000498 0.000002 0.006060

MOTIF 2-GAA STREME-2
letter-probability matrix: alength= 20 w= 3 nsites= 4 E= 2.0e+000
 0.002849 0.000002 0.000002 0.000002 0.000002 0.953855 0.000002 0.000002 0.000002 0.000035 0.000002 0.000267 0.018637 0.006756 0.000200 0.010364 0.000465 0.000498 0.000002 0.006060
 0.911940 0.000002 0.000002 0.000002 0.000002 0.044764 0.000002 0.000002 0.000002 0.000035 0.000002 0.000267 0.018637 0.006756 0.000200 0.010364 0.000465 0.000498 0.000002 0.006060
 0.911940 0.000002 0.000002 0.000002 0.000002 0.044764 0.000002 0.000002 0.000002 0.000035 0.000002 0.000267 0.018637 0.006756 0.000200 0.010364 0.000465 0.000498 0.000002 0.006060

MOTIF 3-GPN STREME-3
letter-probability matrix: alength= 20 w= 3 nsites= 2 E= 4.0e+000
 0.002849 0.000002 0.000002 0.000002 0.000002 0.953855 0.000002 0.000002 0.000002 0.000035 0.000002 0.000267 0.018637 0.006756 0.000200 0.010364 0.000465 0.000498 0.000002 0.006060
 0.002849 0.000002 0.000002 0.000002 0.000002 0.044764 0.000002 0.000002 0.000002 0.000035 0.000002 0.000267 0.927727 0.006756 0.000200 0.010364 0.000465 0.000498 0.000002 0.006060
 0.002849 0.000002 0.000002 0.000002 0.000002 0.044764 0.000002 0.000002 0.000002 0.000035 0.000002 0.909357 0.018637 0.006756 0.000200 0.010364 0.000465 0.000498 0.000002 0.006060

MOTIF 4-SAG STREME-4
letter-probability matrix: alength= 20 w= 3 nsites= 2 E= 4.0e+000
 0.002849 0.000002 0.000002 0.000002 0.000002 0.044764 0.000002 0.000002 0.000002 0.000035 0.000002 0.000267 0.018637 0.006756 0.000200 0.919455 0.000465 0.000498 0.000002 0.006060
 0.911940 0.000002 0.000002 0.000002 0.000002 0.044764 0.000002 0.000002 0.000002 0.000035 0.000002 0.000267 0.018637 0.006756 0.000200 0.010364 0.000465 0.000498 0.000002 0.006060
 0.002849 0.000002 0.000002 0.000002 0.000002 0.953855 0.000002 0.000002 0.000002 0.000035 0.000002 0.000267 0.018637 0.006756 0.000200 0.010364 0.000465 0.000498 0.000002 0.006060

********************************************************************************
Stopped because 3 consecutive motifs exceeded the p-value threshold (0.05).
********************************************************************************
COMMAND:	streme --protein --p ./Data/v1_cluster_windows_15mers/cluster_21616.fasta --minw 3 --maxw 15 --thresh 0.05 --oc ./Results/v1_Top500_Run_20250504_162200/streme_out_cluster_21616
********************************************************************************
CPU:		Hirokis-MacBook-Air.local
********************************************************************************
FINALTIME:	0.30 seconds
********************************************************************************
