********************************************************************************
STREME - Sensitive, Thorough, Rapid, Enriched Motif Elicitation
********************************************************************************
MEME version 5.5.7 (Release date: Wed Jun 19 13:59:04 2024 -0700)

For further information on how to interpret these results please access https://meme-suite.org/meme.
To get a copy of the MEME Suite software please access https://meme-suite.org.

********************************************************************************


********************************************************************************
REFERENCE
********************************************************************************
If you use this program in your research, please cite:

Timothy L. Bailey,
"STREME: accurate and versatile sequence motif discovery",
Bioinformatics, Mar. 24, 2021.
********************************************************************************


ALPHABET= ACDEFGHIKLMNPQRSTVWY

strands: +

Background letter frequencies
A 0.15 C 5.55e-05 D 0.0655 E 5.55e-05 F 0.00338 G 0.394 H 5.55e-05 I 5.55e-05 K 5.55e-05 L 0.00338 M 5.55e-05 N 5.55e-05 P 0.0589 Q 5.55e-05 R 0.0711 S 0.139 T 5.55e-05 V 0.00227 W 5.55e-05 Y 0.112 

MOTIF 1-GSGRDGSGSAA STREME-1
letter-probability matrix: alength= 20 w= 11 nsites= 60 E= 5.4e-003
 0.013626 0.000005 0.005958 0.000005 0.000308 0.944914 0.000005 0.000005 0.000005 0.000308 0.000005 0.000005 0.005352 0.000005 0.006462 0.012617 0.000005 0.000207 0.000005 0.010199
 0.013626 0.000005 0.005958 0.000005 0.000308 0.035823 0.000005 0.000005 0.000005 0.000308 0.000005 0.000005 0.005352 0.000005 0.006462 0.921708 0.000005 0.000207 0.000005 0.010199
 0.013626 0.000005 0.005958 0.000005 0.000308 0.944914 0.000005 0.000005 0.000005 0.000308 0.000005 0.000005 0.005352 0.000005 0.006462 0.012617 0.000005 0.000207 0.000005 0.010199
 0.013626 0.000005 0.005958 0.000005 0.000308 0.035823 0.000005 0.000005 0.000005 0.000308 0.000005 0.000005 0.005352 0.000005 0.915553 0.012617 0.000005 0.000207 0.000005 0.010199
 0.013626 0.000005 0.915048 0.000005 0.000308 0.035823 0.000005 0.000005 0.000005 0.000308 0.000005 0.000005 0.005352 0.000005 0.006462 0.012617 0.000005 0.000207 0.000005 0.010199
 0.013626 0.000005 0.005958 0.000005 0.000308 0.944914 0.000005 0.000005 0.000005 0.000308 0.000005 0.000005 0.005352 0.000005 0.006462 0.012617 0.000005 0.000207 0.000005 0.010199
 0.013626 0.000005 0.005958 0.000005 0.000308 0.035823 0.000005 0.000005 0.000005 0.000308 0.000005 0.000005 0.005352 0.000005 0.006462 0.921708 0.000005 0.000207 0.000005 0.010199
 0.013626 0.000005 0.005958 0.000005 0.000308 0.944914 0.000005 0.000005 0.000005 0.000308 0.000005 0.000005 0.005352 0.000005 0.006462 0.012617 0.000005 0.000207 0.000005 0.010199
 0.013626 0.000005 0.005958 0.000005 0.000308 0.035823 0.000005 0.000005 0.000005 0.000308 0.000005 0.000005 0.005352 0.000005 0.006462 0.921708 0.000005 0.000207 0.000005 0.010199
 0.922717 0.000005 0.005958 0.000005 0.000308 0.035823 0.000005 0.000005 0.000005 0.000308 0.000005 0.000005 0.005352 0.000005 0.006462 0.012617 0.000005 0.000207 0.000005 0.010199
 0.922717 0.000005 0.005958 0.000005 0.000308 0.035823 0.000005 0.000005 0.000005 0.000308 0.000005 0.000005 0.005352 0.000005 0.006462 0.012617 0.000005 0.000207 0.000005 0.010199

MOTIF 2-YGPG STREME-2
letter-probability matrix: alength= 20 w= 4 nsites= 53 E= 3.8e-002
 0.087207 0.000000 0.000185 0.000000 0.059622 0.001114 0.000000 0.000000 0.000000 0.000010 0.000000 0.000000 0.000166 0.000000 0.000201 0.000392 0.000000 0.019609 0.000000 0.831491
 0.000424 0.000000 0.000185 0.000000 0.000010 0.998286 0.000000 0.000000 0.000000 0.000010 0.000000 0.000000 0.000166 0.000000 0.000201 0.000392 0.000000 0.000006 0.000000 0.000317
 0.000424 0.000000 0.000185 0.000000 0.000010 0.001114 0.000000 0.000000 0.000000 0.000010 0.000000 0.000000 0.997338 0.000000 0.000201 0.000392 0.000000 0.000006 0.000000 0.000317
 0.000424 0.000000 0.000185 0.000000 0.000010 0.998286 0.000000 0.000000 0.000000 0.000010 0.000000 0.000000 0.000166 0.000000 0.000201 0.000392 0.000000 0.000006 0.000000 0.000317

MOTIF 3-AAAA STREME-3
letter-probability matrix: alength= 20 w= 4 nsites= 4 E= 5.0e+000
 0.922717 0.000005 0.005958 0.000005 0.000308 0.035823 0.000005 0.000005 0.000005 0.000308 0.000005 0.000005 0.005352 0.000005 0.006462 0.012617 0.000005 0.000207 0.000005 0.010199
 0.922717 0.000005 0.005958 0.000005 0.000308 0.035823 0.000005 0.000005 0.000005 0.000308 0.000005 0.000005 0.005352 0.000005 0.006462 0.012617 0.000005 0.000207 0.000005 0.010199
 0.922717 0.000005 0.005958 0.000005 0.000308 0.035823 0.000005 0.000005 0.000005 0.000308 0.000005 0.000005 0.005352 0.000005 0.006462 0.012617 0.000005 0.000207 0.000005 0.010199
 0.922717 0.000005 0.005958 0.000005 0.000308 0.035823 0.000005 0.000005 0.000005 0.000308 0.000005 0.000005 0.005352 0.000005 0.006462 0.012617 0.000005 0.000207 0.000005 0.010199

MOTIF 4-LGGY STREME-4
letter-probability matrix: alength= 20 w= 4 nsites= 3 E= 5.0e+000
 0.013626 0.000005 0.005958 0.000005 0.000308 0.035823 0.000005 0.000005 0.000005 0.909399 0.000005 0.000005 0.005352 0.000005 0.006462 0.012617 0.000005 0.000207 0.000005 0.010199
 0.013626 0.000005 0.005958 0.000005 0.000308 0.944914 0.000005 0.000005 0.000005 0.000308 0.000005 0.000005 0.005352 0.000005 0.006462 0.012617 0.000005 0.000207 0.000005 0.010199
 0.013626 0.000005 0.005958 0.000005 0.000308 0.944914 0.000005 0.000005 0.000005 0.000308 0.000005 0.000005 0.005352 0.000005 0.006462 0.012617 0.000005 0.000207 0.000005 0.010199
 0.013626 0.000005 0.005958 0.000005 0.000308 0.035823 0.000005 0.000005 0.000005 0.000308 0.000005 0.000005 0.005352 0.000005 0.006462 0.012617 0.000005 0.000207 0.000005 0.919290

MOTIF 5-AGR STREME-5
letter-probability matrix: alength= 20 w= 3 nsites= 4 E= 5.0e+000
 0.922717 0.000005 0.005958 0.000005 0.000308 0.035823 0.000005 0.000005 0.000005 0.000308 0.000005 0.000005 0.005352 0.000005 0.006462 0.012617 0.000005 0.000207 0.000005 0.010199
 0.013626 0.000005 0.005958 0.000005 0.000308 0.944914 0.000005 0.000005 0.000005 0.000308 0.000005 0.000005 0.005352 0.000005 0.006462 0.012617 0.000005 0.000207 0.000005 0.010199
 0.013626 0.000005 0.005958 0.000005 0.000308 0.035823 0.000005 0.000005 0.000005 0.000308 0.000005 0.000005 0.005352 0.000005 0.915553 0.012617 0.000005 0.000207 0.000005 0.010199

********************************************************************************
Stopped because 3 consecutive motifs exceeded the p-value threshold (0.05).
********************************************************************************
COMMAND:	streme --protein --p ./Data/v1_cluster_windows_15mers/cluster_8600.fasta --minw 3 --maxw 15 --thresh 0.05 --oc ./Results/v1_Top500_Run_20250504_162200/streme_out_cluster_8600
********************************************************************************
CPU:		Hirokis-MacBook-Air.local
********************************************************************************
FINALTIME:	0.22 seconds
********************************************************************************
