********************************************************************************
STREME - Sensitive, Thorough, Rapid, Enriched Motif Elicitation
********************************************************************************
MEME version 5.5.7 (Release date: Wed Jun 19 13:59:04 2024 -0700)

For further information on how to interpret these results please access https://meme-suite.org/meme.
To get a copy of the MEME Suite software please access https://meme-suite.org.

********************************************************************************


********************************************************************************
REFERENCE
********************************************************************************
If you use this program in your research, please cite:

Timothy L. Bailey,
"STREME: accurate and versatile sequence motif discovery",
Bioinformatics, Mar. 24, 2021.
********************************************************************************


ALPHABET= ACDEFGHIKLMNPQRSTVWY

strands: +

Background letter frequencies
A 0.156 C 6.66e-05 D 6.66e-05 E 6.66e-05 F 6.66e-05 G 0.273 H 6.66e-05 I 0.00406 K 6.66e-05 L 0.00273 M 6.66e-05 N 0.0014 P 0.256 Q 0.0666 R 6.66e-05 S 0.171 T 0.0014 V 0.0014 W 6.66e-05 Y 0.0666 

MOTIF 1-QGPSGPGAYGPSASA STREME-1
letter-probability matrix: alength= 20 w= 15 nsites= 50 E= 7.9e-003
 0.014173 0.000006 0.000006 0.000006 0.000006 0.024819 0.000006 0.000369 0.000006 0.000248 0.000006 0.000127 0.023246 0.915149 0.000006 0.015501 0.000127 0.000127 0.000006 0.006058
 0.014173 0.000006 0.000006 0.000006 0.000006 0.933910 0.000006 0.000369 0.000006 0.000248 0.000006 0.000127 0.023246 0.006058 0.000006 0.015501 0.000127 0.000127 0.000006 0.006058
 0.014173 0.000006 0.000006 0.000006 0.000006 0.024819 0.000006 0.000369 0.000006 0.000248 0.000006 0.000127 0.932337 0.006058 0.000006 0.015501 0.000127 0.000127 0.000006 0.006058
 0.014173 0.000006 0.000006 0.000006 0.000006 0.024819 0.000006 0.000369 0.000006 0.000248 0.000006 0.000127 0.023246 0.006058 0.000006 0.924591 0.000127 0.000127 0.000006 0.006058
 0.014173 0.000006 0.000006 0.000006 0.000006 0.933910 0.000006 0.000369 0.000006 0.000248 0.000006 0.000127 0.023246 0.006058 0.000006 0.015501 0.000127 0.000127 0.000006 0.006058
 0.014173 0.000006 0.000006 0.000006 0.000006 0.024819 0.000006 0.000369 0.000006 0.000248 0.000006 0.000127 0.932337 0.006058 0.000006 0.015501 0.000127 0.000127 0.000006 0.006058
 0.014173 0.000006 0.000006 0.000006 0.000006 0.933910 0.000006 0.000369 0.000006 0.000248 0.000006 0.000127 0.023246 0.006058 0.000006 0.015501 0.000127 0.000127 0.000006 0.006058
 0.923264 0.000006 0.000006 0.000006 0.000006 0.024819 0.000006 0.000369 0.000006 0.000248 0.000006 0.000127 0.023246 0.006058 0.000006 0.015501 0.000127 0.000127 0.000006 0.006058
 0.014173 0.000006 0.000006 0.000006 0.000006 0.024819 0.000006 0.000369 0.000006 0.000248 0.000006 0.000127 0.023246 0.006058 0.000006 0.015501 0.000127 0.000127 0.000006 0.915149
 0.014173 0.000006 0.000006 0.000006 0.000006 0.933910 0.000006 0.000369 0.000006 0.000248 0.000006 0.000127 0.023246 0.006058 0.000006 0.015501 0.000127 0.000127 0.000006 0.006058
 0.014173 0.000006 0.000006 0.000006 0.000006 0.024819 0.000006 0.000369 0.000006 0.000248 0.000006 0.000127 0.932337 0.006058 0.000006 0.015501 0.000127 0.000127 0.000006 0.006058
 0.014173 0.000006 0.000006 0.000006 0.000006 0.024819 0.000006 0.000369 0.000006 0.000248 0.000006 0.000127 0.023246 0.006058 0.000006 0.924591 0.000127 0.000127 0.000006 0.006058
 0.923264 0.000006 0.000006 0.000006 0.000006 0.024819 0.000006 0.000369 0.000006 0.000248 0.000006 0.000127 0.023246 0.006058 0.000006 0.015501 0.000127 0.000127 0.000006 0.006058
 0.014173 0.000006 0.000006 0.000006 0.000006 0.024819 0.000006 0.000369 0.000006 0.000248 0.000006 0.000127 0.023246 0.006058 0.000006 0.924591 0.000127 0.000127 0.000006 0.006058
 0.923264 0.000006 0.000006 0.000006 0.000006 0.024819 0.000006 0.000369 0.000006 0.000248 0.000006 0.000127 0.023246 0.006058 0.000006 0.015501 0.000127 0.000127 0.000006 0.006058

MOTIF 2-GGPG STREME-2
letter-probability matrix: alength= 20 w= 4 nsites= 1 E= 2.0e+000
 0.014173 0.000006 0.000006 0.000006 0.000006 0.933910 0.000006 0.000369 0.000006 0.000248 0.000006 0.000127 0.023246 0.006058 0.000006 0.015501 0.000127 0.000127 0.000006 0.006058
 0.014173 0.000006 0.000006 0.000006 0.000006 0.933910 0.000006 0.000369 0.000006 0.000248 0.000006 0.000127 0.023246 0.006058 0.000006 0.015501 0.000127 0.000127 0.000006 0.006058
 0.014173 0.000006 0.000006 0.000006 0.000006 0.024819 0.000006 0.000369 0.000006 0.000248 0.000006 0.000127 0.932337 0.006058 0.000006 0.015501 0.000127 0.000127 0.000006 0.006058
 0.014173 0.000006 0.000006 0.000006 0.000006 0.933910 0.000006 0.000369 0.000006 0.000248 0.000006 0.000127 0.023246 0.006058 0.000006 0.015501 0.000127 0.000127 0.000006 0.006058

********************************************************************************
Stopped because the next motif had no positive sites with scores > 0.
********************************************************************************
COMMAND:	streme --protein --p ./Data/v1_cluster_windows_15mers/cluster_17329.fasta --minw 3 --maxw 15 --thresh 0.05 --oc ./Results/v1_Top500_Run_20250504_162200/streme_out_cluster_17329
********************************************************************************
CPU:		Hirokis-MacBook-Air.local
********************************************************************************
FINALTIME:	0.14 seconds
********************************************************************************
