********************************************************************************
STREME - Sensitive, Thorough, Rapid, Enriched Motif Elicitation
********************************************************************************
MEME version 5.5.7 (Release date: Wed Jun 19 13:59:04 2024 -0700)

For further information on how to interpret these results please access https://meme-suite.org/meme.
To get a copy of the MEME Suite software please access https://meme-suite.org.

********************************************************************************


********************************************************************************
REFERENCE
********************************************************************************
If you use this program in your research, please cite:

Timothy L. Bailey,
"STREME: accurate and versatile sequence motif discovery",
Bioinformatics, Mar. 24, 2021.
********************************************************************************


ALPHABET= ACDEFGHIKLMNPQRSTVWY

strands: +

Background letter frequencies
A 0.221 C 5.28e-05 D 5.28e-05 E 0.00111 F 0.00111 G 0.193 H 5.28e-05 I 0.00639 K 5.28e-05 L 0.00322 M 5.28e-05 N 0.00111 P 0.189 Q 5.28e-05 R 0.00111 S 0.257 T 0.00428 V 0.055 W 5.28e-05 Y 0.0656 

MOTIF 1-SYGPSPSASAS STREME-1
letter-probability matrix: alength= 20 w= 11 nsites= 63 E= 5.4e-003
 0.020091 0.000005 0.000005 0.000101 0.000101 0.017591 0.000005 0.000581 0.000005 0.000293 0.000005 0.000101 0.017209 0.000005 0.000101 0.932445 0.000389 0.005002 0.000005 0.005963
 0.020091 0.000005 0.000005 0.000101 0.000101 0.017591 0.000005 0.000581 0.000005 0.000293 0.000005 0.000101 0.017209 0.000005 0.000101 0.023354 0.000389 0.005002 0.000005 0.915054
 0.020091 0.000005 0.000005 0.000101 0.000101 0.926681 0.000005 0.000581 0.000005 0.000293 0.000005 0.000101 0.017209 0.000005 0.000101 0.023354 0.000389 0.005002 0.000005 0.005963
 0.020091 0.000005 0.000005 0.000101 0.000101 0.017591 0.000005 0.000581 0.000005 0.000293 0.000005 0.000101 0.926300 0.000005 0.000101 0.023354 0.000389 0.005002 0.000005 0.005963
 0.020091 0.000005 0.000005 0.000101 0.000101 0.017591 0.000005 0.000581 0.000005 0.000293 0.000005 0.000101 0.017209 0.000005 0.000101 0.932445 0.000389 0.005002 0.000005 0.005963
 0.020091 0.000005 0.000005 0.000101 0.000101 0.017591 0.000005 0.000581 0.000005 0.000293 0.000005 0.000101 0.926300 0.000005 0.000101 0.023354 0.000389 0.005002 0.000005 0.005963
 0.020091 0.000005 0.000005 0.000101 0.000101 0.017591 0.000005 0.000581 0.000005 0.000293 0.000005 0.000101 0.017209 0.000005 0.000101 0.932445 0.000389 0.005002 0.000005 0.005963
 0.929181 0.000005 0.000005 0.000101 0.000101 0.017591 0.000005 0.000581 0.000005 0.000293 0.000005 0.000101 0.017209 0.000005 0.000101 0.023354 0.000389 0.005002 0.000005 0.005963
 0.020091 0.000005 0.000005 0.000101 0.000101 0.017591 0.000005 0.000581 0.000005 0.000293 0.000005 0.000101 0.017209 0.000005 0.000101 0.932445 0.000389 0.005002 0.000005 0.005963
 0.929181 0.000005 0.000005 0.000101 0.000101 0.017591 0.000005 0.000581 0.000005 0.000293 0.000005 0.000101 0.017209 0.000005 0.000101 0.023354 0.000389 0.005002 0.000005 0.005963
 0.020091 0.000005 0.000005 0.000101 0.000101 0.017591 0.000005 0.000581 0.000005 0.000293 0.000005 0.000101 0.017209 0.000005 0.000101 0.932445 0.000389 0.005002 0.000005 0.005963

MOTIF 2-GPGA STREME-2
letter-probability matrix: alength= 20 w= 4 nsites= 44 E= 5.4e-003
 0.000784 0.000000 0.000000 0.000004 0.000004 0.997138 0.000000 0.000023 0.000000 0.000011 0.000000 0.000004 0.000672 0.000000 0.000004 0.000912 0.000015 0.000195 0.000000 0.000233
 0.000784 0.000000 0.000000 0.000004 0.000004 0.000687 0.000000 0.000023 0.000000 0.000011 0.000000 0.000004 0.997123 0.000000 0.000004 0.000912 0.000015 0.000195 0.000000 0.000233
 0.000784 0.000000 0.000000 0.000004 0.000004 0.997138 0.000000 0.000023 0.000000 0.000011 0.000000 0.000004 0.000672 0.000000 0.000004 0.000912 0.000015 0.000195 0.000000 0.000233
 0.886806 0.000000 0.000000 0.000004 0.000004 0.101011 0.000000 0.000023 0.000000 0.000011 0.000000 0.000004 0.000672 0.000000 0.000004 0.000912 0.000015 0.010300 0.000000 0.000233

MOTIF 3-GAGG STREME-3
letter-probability matrix: alength= 20 w= 4 nsites= 2 E= 5.0e+000
 0.020091 0.000005 0.000005 0.000101 0.000101 0.926681 0.000005 0.000581 0.000005 0.000293 0.000005 0.000101 0.017209 0.000005 0.000101 0.023354 0.000389 0.005002 0.000005 0.005963
 0.929181 0.000005 0.000005 0.000101 0.000101 0.017591 0.000005 0.000581 0.000005 0.000293 0.000005 0.000101 0.017209 0.000005 0.000101 0.023354 0.000389 0.005002 0.000005 0.005963
 0.020091 0.000005 0.000005 0.000101 0.000101 0.926681 0.000005 0.000581 0.000005 0.000293 0.000005 0.000101 0.017209 0.000005 0.000101 0.023354 0.000389 0.005002 0.000005 0.005963
 0.020091 0.000005 0.000005 0.000101 0.000101 0.926681 0.000005 0.000581 0.000005 0.000293 0.000005 0.000101 0.017209 0.000005 0.000101 0.023354 0.000389 0.005002 0.000005 0.005963

MOTIF 4-GSGA STREME-4
letter-probability matrix: alength= 20 w= 4 nsites= 2 E= 5.0e+000
 0.020091 0.000005 0.000005 0.000101 0.000101 0.926681 0.000005 0.000581 0.000005 0.000293 0.000005 0.000101 0.017209 0.000005 0.000101 0.023354 0.000389 0.005002 0.000005 0.005963
 0.020091 0.000005 0.000005 0.000101 0.000101 0.017591 0.000005 0.000581 0.000005 0.000293 0.000005 0.000101 0.017209 0.000005 0.000101 0.932445 0.000389 0.005002 0.000005 0.005963
 0.020091 0.000005 0.000005 0.000101 0.000101 0.926681 0.000005 0.000581 0.000005 0.000293 0.000005 0.000101 0.017209 0.000005 0.000101 0.023354 0.000389 0.005002 0.000005 0.005963
 0.929181 0.000005 0.000005 0.000101 0.000101 0.017591 0.000005 0.000581 0.000005 0.000293 0.000005 0.000101 0.017209 0.000005 0.000101 0.023354 0.000389 0.005002 0.000005 0.005963

MOTIF 5-GPST STREME-5
letter-probability matrix: alength= 20 w= 4 nsites= 1 E= 5.0e+000
 0.020091 0.000005 0.000005 0.000101 0.000101 0.926681 0.000005 0.000581 0.000005 0.000293 0.000005 0.000101 0.017209 0.000005 0.000101 0.023354 0.000389 0.005002 0.000005 0.005963
 0.020091 0.000005 0.000005 0.000101 0.000101 0.017591 0.000005 0.000581 0.000005 0.000293 0.000005 0.000101 0.926300 0.000005 0.000101 0.023354 0.000389 0.005002 0.000005 0.005963
 0.020091 0.000005 0.000005 0.000101 0.000101 0.017591 0.000005 0.000581 0.000005 0.000293 0.000005 0.000101 0.017209 0.000005 0.000101 0.932445 0.000389 0.005002 0.000005 0.005963
 0.020091 0.000005 0.000005 0.000101 0.000101 0.017591 0.000005 0.000581 0.000005 0.000293 0.000005 0.000101 0.017209 0.000005 0.000101 0.023354 0.909480 0.005002 0.000005 0.005963

********************************************************************************
Stopped because 3 consecutive motifs exceeded the p-value threshold (0.05).
********************************************************************************
COMMAND:	streme --protein --p ./Data/v1_cluster_windows_15mers/cluster_7329.fasta --minw 3 --maxw 15 --thresh 0.05 --oc ./Results/v1_Top500_Run_20250504_162200/streme_out_cluster_7329
********************************************************************************
CPU:		Hirokis-MacBook-Air.local
********************************************************************************
FINALTIME:	0.19 seconds
********************************************************************************
