********************************************************************************
STREME - Sensitive, Thorough, Rapid, Enriched Motif Elicitation
********************************************************************************
MEME version 5.5.7 (Release date: Wed Jun 19 13:59:04 2024 -0700)

For further information on how to interpret these results please access https://meme-suite.org/meme.
To get a copy of the MEME Suite software please access https://meme-suite.org.

********************************************************************************


********************************************************************************
REFERENCE
********************************************************************************
If you use this program in your research, please cite:

Timothy L. Bailey,
"STREME: accurate and versatile sequence motif discovery",
Bioinformatics, Mar. 24, 2021.
********************************************************************************


ALPHABET= ACDEFGHIKLMNPQRSTVWY

strands: +

Background letter frequencies
A 0.308 C 7.74e-05 D 7.74e-05 E 7.74e-05 F 0.0682 G 0.135 H 7.74e-05 I 7.74e-05 K 7.74e-05 L 0.0589 M 0.00627 N 0.0682 P 0.00163 Q 0.0666 R 7.74e-05 S 0.273 T 0.014 V 7.74e-05 W 7.74e-05 Y 7.74e-05 

MOTIF 1-GGSPSGNAFAQSLSS STREME-1
letter-probability matrix: alength= 20 w= 15 nsites= 43 S= 1.5e-025
 0.028009 0.000007 0.000007 0.000007 0.006199 0.921345 0.000007 0.000007 0.000007 0.005355 0.000570 0.006199 0.000148 0.006058 0.000007 0.024773 0.001274 0.000007 0.000007 0.000007
 0.028009 0.000007 0.000007 0.000007 0.006199 0.921345 0.000007 0.000007 0.000007 0.005355 0.000570 0.006199 0.000148 0.006058 0.000007 0.024773 0.001274 0.000007 0.000007 0.000007
 0.028009 0.000007 0.000007 0.000007 0.006199 0.012255 0.000007 0.000007 0.000007 0.005355 0.000570 0.006199 0.000148 0.006058 0.000007 0.933864 0.001274 0.000007 0.000007 0.000007
 0.028009 0.000007 0.000007 0.000007 0.006199 0.012255 0.000007 0.000007 0.000007 0.005355 0.000570 0.006199 0.909239 0.006058 0.000007 0.024773 0.001274 0.000007 0.000007 0.000007
 0.028009 0.000007 0.000007 0.000007 0.006199 0.012255 0.000007 0.000007 0.000007 0.005355 0.000570 0.006199 0.000148 0.006058 0.000007 0.933864 0.001274 0.000007 0.000007 0.000007
 0.028009 0.000007 0.000007 0.000007 0.006199 0.921345 0.000007 0.000007 0.000007 0.005355 0.000570 0.006199 0.000148 0.006058 0.000007 0.024773 0.001274 0.000007 0.000007 0.000007
 0.028009 0.000007 0.000007 0.000007 0.006199 0.012255 0.000007 0.000007 0.000007 0.005355 0.000570 0.915290 0.000148 0.006058 0.000007 0.024773 0.001274 0.000007 0.000007 0.000007
 0.937100 0.000007 0.000007 0.000007 0.006199 0.012255 0.000007 0.000007 0.000007 0.005355 0.000570 0.006199 0.000148 0.006058 0.000007 0.024773 0.001274 0.000007 0.000007 0.000007
 0.028009 0.000007 0.000007 0.000007 0.915290 0.012255 0.000007 0.000007 0.000007 0.005355 0.000570 0.006199 0.000148 0.006058 0.000007 0.024773 0.001274 0.000007 0.000007 0.000007
 0.937100 0.000007 0.000007 0.000007 0.006199 0.012255 0.000007 0.000007 0.000007 0.005355 0.000570 0.006199 0.000148 0.006058 0.000007 0.024773 0.001274 0.000007 0.000007 0.000007
 0.028009 0.000007 0.000007 0.000007 0.006199 0.012255 0.000007 0.000007 0.000007 0.005355 0.000570 0.006199 0.000148 0.915149 0.000007 0.024773 0.001274 0.000007 0.000007 0.000007
 0.028009 0.000007 0.000007 0.000007 0.006199 0.012255 0.000007 0.000007 0.000007 0.005355 0.000570 0.006199 0.000148 0.006058 0.000007 0.933864 0.001274 0.000007 0.000007 0.000007
 0.028009 0.000007 0.000007 0.000007 0.006199 0.012255 0.000007 0.000007 0.000007 0.914445 0.000570 0.006199 0.000148 0.006058 0.000007 0.024773 0.001274 0.000007 0.000007 0.000007
 0.028009 0.000007 0.000007 0.000007 0.006199 0.012255 0.000007 0.000007 0.000007 0.005355 0.000570 0.006199 0.000148 0.006058 0.000007 0.933864 0.001274 0.000007 0.000007 0.000007
 0.028009 0.000007 0.000007 0.000007 0.006199 0.012255 0.000007 0.000007 0.000007 0.005355 0.000570 0.006199 0.000148 0.006058 0.000007 0.933864 0.001274 0.000007 0.000007 0.000007

********************************************************************************
Stopped because the next motif had no positive sites with scores > 0.
********************************************************************************
COMMAND:	streme --protein --p ./Data/v1_cluster_windows_15mers/cluster_11822.fasta --minw 3 --maxw 15 --thresh 0.05 --oc ./Results/v1_Top500_Run_20250504_162200/streme_out_cluster_11822
********************************************************************************
CPU:		Hirokis-MacBook-Air.local
********************************************************************************
FINALTIME:	0.11 seconds
********************************************************************************
