********************************************************************************
STREME - Sensitive, Thorough, Rapid, Enriched Motif Elicitation
********************************************************************************
MEME version 5.5.7 (Release date: Wed Jun 19 13:59:04 2024 -0700)

For further information on how to interpret these results please access https://meme-suite.org/meme.
To get a copy of the MEME Suite software please access https://meme-suite.org.

********************************************************************************


********************************************************************************
REFERENCE
********************************************************************************
If you use this program in your research, please cite:

Timothy L. Bailey,
"STREME: accurate and versatile sequence motif discovery",
Bioinformatics, Mar. 24, 2021.
********************************************************************************


ALPHABET= ACDEFGHIKLMNPQRSTVWY

strands: +

Background letter frequencies
A 0.329 C 0.000777 D 0.00152 E 3.7e-05 F 3.7e-05 G 0.363 H 3.7e-05 I 3.7e-05 K 3.7e-05 L 0.000777 M 3.7e-05 N 0.0356 P 3.7e-05 Q 0.0644 R 0.00522 S 0.0592 T 0.0726 V 0.000777 W 3.7e-05 Y 0.0666 

MOTIF 1-NQAGYGTGAGAAAGA STREME-1
letter-probability matrix: alength= 20 w= 15 nsites= 90 E= 4.1e-005
 0.029881 0.000071 0.000138 0.000003 0.000003 0.033044 0.000003 0.000003 0.000003 0.000071 0.000003 0.912324 0.000003 0.005857 0.000474 0.005386 0.006598 0.000071 0.000003 0.006059
 0.029881 0.000071 0.000138 0.000003 0.000003 0.033044 0.000003 0.000003 0.000003 0.000071 0.000003 0.003233 0.000003 0.914948 0.000474 0.005386 0.006598 0.000071 0.000003 0.006059
 0.938971 0.000071 0.000138 0.000003 0.000003 0.033044 0.000003 0.000003 0.000003 0.000071 0.000003 0.003233 0.000003 0.005857 0.000474 0.005386 0.006598 0.000071 0.000003 0.006059
 0.029881 0.000071 0.000138 0.000003 0.000003 0.942135 0.000003 0.000003 0.000003 0.000071 0.000003 0.003233 0.000003 0.005857 0.000474 0.005386 0.006598 0.000071 0.000003 0.006059
 0.029881 0.000071 0.000138 0.000003 0.000003 0.033044 0.000003 0.000003 0.000003 0.000071 0.000003 0.003233 0.000003 0.005857 0.000474 0.005386 0.006598 0.000071 0.000003 0.915150
 0.029881 0.000071 0.000138 0.000003 0.000003 0.942135 0.000003 0.000003 0.000003 0.000071 0.000003 0.003233 0.000003 0.005857 0.000474 0.005386 0.006598 0.000071 0.000003 0.006059
 0.029881 0.000071 0.000138 0.000003 0.000003 0.033044 0.000003 0.000003 0.000003 0.000071 0.000003 0.003233 0.000003 0.005857 0.000474 0.005386 0.915689 0.000071 0.000003 0.006059
 0.029881 0.000071 0.000138 0.000003 0.000003 0.942135 0.000003 0.000003 0.000003 0.000071 0.000003 0.003233 0.000003 0.005857 0.000474 0.005386 0.006598 0.000071 0.000003 0.006059
 0.938971 0.000071 0.000138 0.000003 0.000003 0.033044 0.000003 0.000003 0.000003 0.000071 0.000003 0.003233 0.000003 0.005857 0.000474 0.005386 0.006598 0.000071 0.000003 0.006059
 0.029881 0.000071 0.000138 0.000003 0.000003 0.942135 0.000003 0.000003 0.000003 0.000071 0.000003 0.003233 0.000003 0.005857 0.000474 0.005386 0.006598 0.000071 0.000003 0.006059
 0.938971 0.000071 0.000138 0.000003 0.000003 0.033044 0.000003 0.000003 0.000003 0.000071 0.000003 0.003233 0.000003 0.005857 0.000474 0.005386 0.006598 0.000071 0.000003 0.006059
 0.938971 0.000071 0.000138 0.000003 0.000003 0.033044 0.000003 0.000003 0.000003 0.000071 0.000003 0.003233 0.000003 0.005857 0.000474 0.005386 0.006598 0.000071 0.000003 0.006059
 0.938971 0.000071 0.000138 0.000003 0.000003 0.033044 0.000003 0.000003 0.000003 0.000071 0.000003 0.003233 0.000003 0.005857 0.000474 0.005386 0.006598 0.000071 0.000003 0.006059
 0.029881 0.000071 0.000138 0.000003 0.000003 0.942135 0.000003 0.000003 0.000003 0.000071 0.000003 0.003233 0.000003 0.005857 0.000474 0.005386 0.006598 0.000071 0.000003 0.006059
 0.938971 0.000071 0.000138 0.000003 0.000003 0.033044 0.000003 0.000003 0.000003 0.000071 0.000003 0.003233 0.000003 0.005857 0.000474 0.005386 0.006598 0.000071 0.000003 0.006059

MOTIF 2-AGT STREME-2
letter-probability matrix: alength= 20 w= 3 nsites= 2 E= 2.0e+000
 0.938971 0.000071 0.000138 0.000003 0.000003 0.033044 0.000003 0.000003 0.000003 0.000071 0.000003 0.003233 0.000003 0.005857 0.000474 0.005386 0.006598 0.000071 0.000003 0.006059
 0.029881 0.000071 0.000138 0.000003 0.000003 0.942135 0.000003 0.000003 0.000003 0.000071 0.000003 0.003233 0.000003 0.005857 0.000474 0.005386 0.006598 0.000071 0.000003 0.006059
 0.029881 0.000071 0.000138 0.000003 0.000003 0.033044 0.000003 0.000003 0.000003 0.000071 0.000003 0.003233 0.000003 0.005857 0.000474 0.005386 0.915689 0.000071 0.000003 0.006059

********************************************************************************
Stopped because the next motif had no positive sites with scores > 0.
********************************************************************************
COMMAND:	streme --protein --p ./Data/v1_cluster_windows_15mers/cluster_21061.fasta --minw 3 --maxw 15 --thresh 0.05 --oc ./Results/v1_Top500_Run_20250504_162200/streme_out_cluster_21061
********************************************************************************
CPU:		Hirokis-MacBook-Air.local
********************************************************************************
FINALTIME:	0.23 seconds
********************************************************************************
