********************************************************************************
STREME - Sensitive, Thorough, Rapid, Enriched Motif Elicitation
********************************************************************************
MEME version 5.5.7 (Release date: Wed Jun 19 13:59:04 2024 -0700)

For further information on how to interpret these results please access https://meme-suite.org/meme.
To get a copy of the MEME Suite software please access https://meme-suite.org.

********************************************************************************


********************************************************************************
REFERENCE
********************************************************************************
If you use this program in your research, please cite:

Timothy L. Bailey,
"STREME: accurate and versatile sequence motif discovery",
Bioinformatics, Mar. 24, 2021.
********************************************************************************


ALPHABET= ACDEFGHIKLMNPQRSTVWY

strands: +

Background letter frequencies
A 0.504 C 4.22e-05 D 0.081 E 0.000885 F 4.22e-05 G 0.195 H 4.22e-05 I 4.22e-05 K 4.22e-05 L 0.0633 M 4.22e-05 N 4.22e-05 P 0.00173 Q 0.000885 R 0.0683 S 0.0768 T 0.000885 V 0.00679 W 4.22e-05 Y 4.22e-05 

MOTIF 1-LGGDSAAAAAAAA STREME-1
letter-probability matrix: alength= 20 w= 13 nsites= 79 E= 1.2e-003
 0.045844 0.000004 0.007362 0.000080 0.000004 0.017709 0.000004 0.000004 0.000004 0.914843 0.000004 0.000004 0.000157 0.000080 0.006213 0.006979 0.000080 0.000617 0.000004 0.000004
 0.045844 0.000004 0.007362 0.000080 0.000004 0.926799 0.000004 0.000004 0.000004 0.005753 0.000004 0.000004 0.000157 0.000080 0.006213 0.006979 0.000080 0.000617 0.000004 0.000004
 0.045844 0.000004 0.007362 0.000080 0.000004 0.926799 0.000004 0.000004 0.000004 0.005753 0.000004 0.000004 0.000157 0.000080 0.006213 0.006979 0.000080 0.000617 0.000004 0.000004
 0.045844 0.000004 0.916453 0.000080 0.000004 0.017709 0.000004 0.000004 0.000004 0.005753 0.000004 0.000004 0.000157 0.000080 0.006213 0.006979 0.000080 0.000617 0.000004 0.000004
 0.045844 0.000004 0.007362 0.000080 0.000004 0.017709 0.000004 0.000004 0.000004 0.005753 0.000004 0.000004 0.000157 0.000080 0.006213 0.916070 0.000080 0.000617 0.000004 0.000004
 0.954935 0.000004 0.007362 0.000080 0.000004 0.017709 0.000004 0.000004 0.000004 0.005753 0.000004 0.000004 0.000157 0.000080 0.006213 0.006979 0.000080 0.000617 0.000004 0.000004
 0.954935 0.000004 0.007362 0.000080 0.000004 0.017709 0.000004 0.000004 0.000004 0.005753 0.000004 0.000004 0.000157 0.000080 0.006213 0.006979 0.000080 0.000617 0.000004 0.000004
 0.954935 0.000004 0.007362 0.000080 0.000004 0.017709 0.000004 0.000004 0.000004 0.005753 0.000004 0.000004 0.000157 0.000080 0.006213 0.006979 0.000080 0.000617 0.000004 0.000004
 0.954935 0.000004 0.007362 0.000080 0.000004 0.017709 0.000004 0.000004 0.000004 0.005753 0.000004 0.000004 0.000157 0.000080 0.006213 0.006979 0.000080 0.000617 0.000004 0.000004
 0.954935 0.000004 0.007362 0.000080 0.000004 0.017709 0.000004 0.000004 0.000004 0.005753 0.000004 0.000004 0.000157 0.000080 0.006213 0.006979 0.000080 0.000617 0.000004 0.000004
 0.954935 0.000004 0.007362 0.000080 0.000004 0.017709 0.000004 0.000004 0.000004 0.005753 0.000004 0.000004 0.000157 0.000080 0.006213 0.006979 0.000080 0.000617 0.000004 0.000004
 0.954935 0.000004 0.007362 0.000080 0.000004 0.017709 0.000004 0.000004 0.000004 0.005753 0.000004 0.000004 0.000157 0.000080 0.006213 0.006979 0.000080 0.000617 0.000004 0.000004
 0.954935 0.000004 0.007362 0.000080 0.000004 0.017709 0.000004 0.000004 0.000004 0.005753 0.000004 0.000004 0.000157 0.000080 0.006213 0.006979 0.000080 0.000617 0.000004 0.000004

MOTIF 2-RGV STREME-2
letter-probability matrix: alength= 20 w= 3 nsites= 4 E= 2.0e+000
 0.045844 0.000004 0.007362 0.000080 0.000004 0.017709 0.000004 0.000004 0.000004 0.005753 0.000004 0.000004 0.000157 0.000080 0.915303 0.006979 0.000080 0.000617 0.000004 0.000004
 0.045844 0.000004 0.007362 0.000080 0.000004 0.926799 0.000004 0.000004 0.000004 0.005753 0.000004 0.000004 0.000157 0.000080 0.006213 0.006979 0.000080 0.000617 0.000004 0.000004
 0.045844 0.000004 0.007362 0.000080 0.000004 0.017709 0.000004 0.000004 0.000004 0.005753 0.000004 0.000004 0.000157 0.000080 0.006213 0.006979 0.000080 0.909708 0.000004 0.000004

MOTIF 3-LGR STREME-3
letter-probability matrix: alength= 20 w= 3 nsites= 9 E= 4.0e+000
 0.045844 0.000004 0.007362 0.000080 0.000004 0.017709 0.000004 0.000004 0.000004 0.914843 0.000004 0.000004 0.000157 0.000080 0.006213 0.006979 0.000080 0.000617 0.000004 0.000004
 0.045844 0.000004 0.007362 0.000080 0.000004 0.926799 0.000004 0.000004 0.000004 0.005753 0.000004 0.000004 0.000157 0.000080 0.006213 0.006979 0.000080 0.000617 0.000004 0.000004
 0.045844 0.000004 0.007362 0.000080 0.000004 0.017709 0.000004 0.000004 0.000004 0.005753 0.000004 0.000004 0.000157 0.000080 0.915303 0.006979 0.000080 0.000617 0.000004 0.000004

MOTIF 4-RGP STREME-4
letter-probability matrix: alength= 20 w= 3 nsites= 2 E= 4.0e+000
 0.045844 0.000004 0.007362 0.000080 0.000004 0.017709 0.000004 0.000004 0.000004 0.005753 0.000004 0.000004 0.000157 0.000080 0.915303 0.006979 0.000080 0.000617 0.000004 0.000004
 0.045844 0.000004 0.007362 0.000080 0.000004 0.926799 0.000004 0.000004 0.000004 0.005753 0.000004 0.000004 0.000157 0.000080 0.006213 0.006979 0.000080 0.000617 0.000004 0.000004
 0.045844 0.000004 0.007362 0.000080 0.000004 0.017709 0.000004 0.000004 0.000004 0.005753 0.000004 0.000004 0.909248 0.000080 0.006213 0.006979 0.000080 0.000617 0.000004 0.000004

********************************************************************************
Stopped because 3 consecutive motifs exceeded the p-value threshold (0.05).
********************************************************************************
COMMAND:	streme --protein --p ./Data/v1_cluster_windows_15mers/cluster_3172.fasta --minw 3 --maxw 15 --thresh 0.05 --oc ./Results/v1_Top500_Run_20250504_162200/streme_out_cluster_3172
********************************************************************************
CPU:		Hirokis-MacBook-Air.local
********************************************************************************
FINALTIME:	0.16 seconds
********************************************************************************
