********************************************************************************
STREME - Sensitive, Thorough, Rapid, Enriched Motif Elicitation
********************************************************************************
MEME version 5.5.7 (Release date: Wed Jun 19 13:59:04 2024 -0700)

For further information on how to interpret these results please access https://meme-suite.org/meme.
To get a copy of the MEME Suite software please access https://meme-suite.org.

********************************************************************************


********************************************************************************
REFERENCE
********************************************************************************
If you use this program in your research, please cite:

Timothy L. Bailey,
"STREME: accurate and versatile sequence motif discovery",
Bioinformatics, Mar. 24, 2021.
********************************************************************************


ALPHABET= ACDEFGHIKLMNPQRSTVWY

strands: +

Background letter frequencies
A 0.227 C 2.27e-05 D 0.0639 E 0.0032 F 0.000929 G 0.196 H 2.27e-05 I 2.27e-05 K 0.000476 L 0.00728 M 0.00184 N 0.00456 P 0.0485 Q 0.129 R 0.00501 S 0.204 T 0.0322 V 0.00818 W 2.27e-05 Y 0.0671 

MOTIF 1-AAASSADSQGYGPGQ STREME-1
letter-probability matrix: alength= 20 w= 15 nsites= 147 E= 1.0e-007
 0.752840 0.000000 0.000071 0.007679 0.000001 0.000217 0.000000 0.000000 0.000001 0.007684 0.000002 0.000005 0.000054 0.000143 0.000006 0.177405 0.023105 0.030713 0.000000 0.000074
 0.579317 0.000000 0.000071 0.000004 0.000001 0.007893 0.000000 0.000000 0.000001 0.000008 0.000002 0.000005 0.000054 0.000143 0.000006 0.084915 0.327498 0.000009 0.000000 0.000074
 0.806867 0.000000 0.000071 0.007679 0.000001 0.000217 0.000000 0.000000 0.000001 0.000008 0.023030 0.000005 0.000054 0.000143 0.000006 0.092675 0.061485 0.007685 0.000000 0.000074
 0.077264 0.000000 0.000071 0.000004 0.000001 0.000217 0.000000 0.000000 0.000001 0.030965 0.000002 0.000005 0.000054 0.000143 0.000006 0.875756 0.000036 0.015403 0.000000 0.000074
 0.324532 0.000000 0.000071 0.000004 0.000001 0.038765 0.000000 0.000000 0.000001 0.007684 0.000002 0.000005 0.000054 0.000143 0.000006 0.590152 0.030823 0.007685 0.000000 0.000074
 0.783460 0.000000 0.007747 0.000004 0.000001 0.131298 0.000000 0.000000 0.000001 0.000008 0.000002 0.000005 0.000054 0.000143 0.007681 0.054126 0.000036 0.015361 0.000000 0.000074
 0.000251 0.000000 0.968260 0.007679 0.000001 0.007893 0.000000 0.000000 0.000001 0.000008 0.000002 0.007681 0.000054 0.000143 0.000006 0.000226 0.000036 0.000009 0.000000 0.007750
 0.000251 0.000000 0.000071 0.000004 0.000001 0.000217 0.000000 0.000000 0.000001 0.000008 0.000002 0.000005 0.000054 0.000143 0.000006 0.999119 0.000036 0.000009 0.000000 0.000074
 0.000251 0.000000 0.000071 0.007679 0.000001 0.000217 0.000000 0.000000 0.000001 0.000008 0.000002 0.000005 0.000054 0.991359 0.000006 0.000226 0.000036 0.000009 0.000000 0.000074
 0.000251 0.000000 0.000071 0.000004 0.000001 0.922309 0.000000 0.000000 0.000001 0.000008 0.000002 0.000005 0.000054 0.000143 0.046061 0.023296 0.000036 0.007685 0.000000 0.000074
 0.000251 0.000000 0.000071 0.000004 0.000001 0.000217 0.000000 0.000000 0.000001 0.000008 0.000002 0.015399 0.000054 0.000143 0.000006 0.000226 0.000036 0.000009 0.000000 0.983573
 0.085709 0.000000 0.023225 0.000004 0.000001 0.798008 0.000000 0.000000 0.000001 0.000008 0.000002 0.000005 0.000054 0.000143 0.007681 0.069647 0.000036 0.015403 0.000000 0.000074
 0.139008 0.000000 0.000071 0.000004 0.015353 0.000217 0.000000 0.000000 0.000001 0.046232 0.000002 0.000005 0.767868 0.000143 0.000006 0.015578 0.000036 0.000009 0.000000 0.015468
 0.000251 0.000000 0.000071 0.000004 0.000001 0.983716 0.000000 0.000000 0.000001 0.000008 0.000002 0.000005 0.000054 0.000143 0.000006 0.000226 0.000036 0.015403 0.000000 0.000074
 0.000251 0.000000 0.000071 0.007679 0.000001 0.000217 0.000000 0.000000 0.007676 0.000008 0.000002 0.000005 0.015447 0.968290 0.000006 0.000226 0.000036 0.000009 0.000000 0.000074

MOTIF 2-SSSA STREME-2
letter-probability matrix: alength= 20 w= 4 nsites= 1 E= 4.0e+000
 0.020645 0.000002 0.005812 0.000291 0.000084 0.017845 0.000002 0.000002 0.000043 0.000661 0.000167 0.000414 0.004412 0.011709 0.000455 0.927681 0.002928 0.000744 0.000002 0.006101
 0.020645 0.000002 0.005812 0.000291 0.000084 0.017845 0.000002 0.000002 0.000043 0.000661 0.000167 0.000414 0.004412 0.011709 0.000455 0.927681 0.002928 0.000744 0.000002 0.006101
 0.020645 0.000002 0.005812 0.000291 0.000084 0.017845 0.000002 0.000002 0.000043 0.000661 0.000167 0.000414 0.004412 0.011709 0.000455 0.927681 0.002928 0.000744 0.000002 0.006101
 0.929736 0.000002 0.005812 0.000291 0.000084 0.017845 0.000002 0.000002 0.000043 0.000661 0.000167 0.000414 0.004412 0.011709 0.000455 0.018590 0.002928 0.000744 0.000002 0.006101

MOTIF 3-SSS STREME-3
letter-probability matrix: alength= 20 w= 3 nsites= 4 E= 4.0e+000
 0.020645 0.000002 0.005812 0.000291 0.000084 0.017845 0.000002 0.000002 0.000043 0.000661 0.000167 0.000414 0.004412 0.011709 0.000455 0.927681 0.002928 0.000744 0.000002 0.006101
 0.020645 0.000002 0.005812 0.000291 0.000084 0.017845 0.000002 0.000002 0.000043 0.000661 0.000167 0.000414 0.004412 0.011709 0.000455 0.927681 0.002928 0.000744 0.000002 0.006101
 0.020645 0.000002 0.005812 0.000291 0.000084 0.017845 0.000002 0.000002 0.000043 0.000661 0.000167 0.000414 0.004412 0.011709 0.000455 0.927681 0.002928 0.000744 0.000002 0.006101

MOTIF 4-SGS STREME-4
letter-probability matrix: alength= 20 w= 3 nsites= 1 E= 4.0e+000
 0.020645 0.000002 0.005812 0.000291 0.000084 0.017845 0.000002 0.000002 0.000043 0.000661 0.000167 0.000414 0.004412 0.011709 0.000455 0.927681 0.002928 0.000744 0.000002 0.006101
 0.020645 0.000002 0.005812 0.000291 0.000084 0.926936 0.000002 0.000002 0.000043 0.000661 0.000167 0.000414 0.004412 0.011709 0.000455 0.018590 0.002928 0.000744 0.000002 0.006101
 0.020645 0.000002 0.005812 0.000291 0.000084 0.017845 0.000002 0.000002 0.000043 0.000661 0.000167 0.000414 0.004412 0.011709 0.000455 0.927681 0.002928 0.000744 0.000002 0.006101

********************************************************************************
Stopped because 3 consecutive motifs exceeded the p-value threshold (0.05).
********************************************************************************
COMMAND:	streme --protein --p ./Data/v1_cluster_windows_15mers/cluster_5780.fasta --minw 3 --maxw 15 --thresh 0.05 --oc ./Results/v1_Top500_Run_20250504_162200/streme_out_cluster_5780
********************************************************************************
CPU:		Hirokis-MacBook-Air.local
********************************************************************************
FINALTIME:	0.24 seconds
********************************************************************************
