********************************************************************************
STREME - Sensitive, Thorough, Rapid, Enriched Motif Elicitation
********************************************************************************
MEME version 5.5.7 (Release date: Wed Jun 19 13:59:04 2024 -0700)

For further information on how to interpret these results please access https://meme-suite.org/meme.
To get a copy of the MEME Suite software please access https://meme-suite.org.

********************************************************************************


********************************************************************************
REFERENCE
********************************************************************************
If you use this program in your research, please cite:

Timothy L. Bailey,
"STREME: accurate and versatile sequence motif discovery",
Bioinformatics, Mar. 24, 2021.
********************************************************************************


ALPHABET= ACDEFGHIKLMNPQRSTVWY

strands: +

Background letter frequencies
A 0.372 C 5.84e-05 D 0.00239 E 0.00123 F 5.84e-05 G 0.508 H 5.84e-05 I 0.00473 K 5.84e-05 L 0.00239 M 5.84e-05 N 5.84e-05 P 5.84e-05 Q 0.00123 R 0.00123 S 0.0293 T 0.0561 V 0.0152 W 5.84e-05 Y 0.0059 

MOTIF 1-GAGAGAGAGAG STREME-1
letter-probability matrix: alength= 20 w= 11 nsites= 56 E= 9.5e-002
 0.000959 0.000000 0.000006 0.000003 0.000000 0.998731 0.000000 0.000012 0.000000 0.000006 0.000000 0.000000 0.000000 0.000003 0.000003 0.000076 0.000145 0.000039 0.000000 0.000015
 0.850355 0.000000 0.000006 0.000003 0.000000 0.001311 0.000000 0.000012 0.000000 0.000006 0.000000 0.000000 0.000000 0.000003 0.000003 0.054510 0.075845 0.017927 0.000000 0.000015
 0.000959 0.000000 0.000006 0.000003 0.000000 0.998731 0.000000 0.000012 0.000000 0.000006 0.000000 0.000000 0.000000 0.000003 0.000003 0.000076 0.000145 0.000039 0.000000 0.000015
 0.962477 0.000000 0.000006 0.000003 0.000000 0.001311 0.000000 0.000012 0.000000 0.000006 0.000000 0.000000 0.000000 0.000003 0.000003 0.000076 0.036047 0.000039 0.000000 0.000015
 0.000959 0.000000 0.000006 0.000003 0.000000 0.998731 0.000000 0.000012 0.000000 0.000006 0.000000 0.000000 0.000000 0.000003 0.000003 0.000076 0.000145 0.000039 0.000000 0.000015
 0.962084 0.000000 0.000006 0.000003 0.000000 0.001311 0.000000 0.000012 0.000000 0.000006 0.000000 0.000000 0.000000 0.000003 0.000003 0.000076 0.036440 0.000039 0.000000 0.000015
 0.000959 0.000000 0.000006 0.000003 0.000000 0.998731 0.000000 0.000012 0.000000 0.000006 0.000000 0.000000 0.000000 0.000003 0.000003 0.000076 0.000145 0.000039 0.000000 0.000015
 0.889510 0.000000 0.000006 0.000003 0.000000 0.001311 0.000000 0.000012 0.000000 0.000006 0.000000 0.000000 0.000000 0.000003 0.000003 0.091056 0.000145 0.000039 0.000000 0.017903
 0.000959 0.000000 0.000006 0.017891 0.000000 0.980843 0.000000 0.000012 0.000000 0.000006 0.000000 0.000000 0.000000 0.000003 0.000003 0.000076 0.000145 0.000039 0.000000 0.000015
 0.500948 0.000000 0.000006 0.000003 0.000000 0.001311 0.000000 0.000012 0.000000 0.000006 0.000000 0.000000 0.000000 0.000003 0.000003 0.056986 0.404509 0.036195 0.000000 0.000015
 0.128478 0.000000 0.000006 0.000003 0.000000 0.871211 0.000000 0.000012 0.000000 0.000006 0.000000 0.000000 0.000000 0.000003 0.000003 0.000076 0.000145 0.000039 0.000000 0.000015

MOTIF 2-AAGT STREME-2
letter-probability matrix: alength= 20 w= 4 nsites= 1 E= 4.0e+000
 0.942872 0.000005 0.000218 0.000112 0.000005 0.046200 0.000005 0.000430 0.000005 0.000218 0.000005 0.000005 0.000005 0.000112 0.000112 0.002660 0.005103 0.001386 0.000005 0.000536
 0.942872 0.000005 0.000218 0.000112 0.000005 0.046200 0.000005 0.000430 0.000005 0.000218 0.000005 0.000005 0.000005 0.000112 0.000112 0.002660 0.005103 0.001386 0.000005 0.000536
 0.033782 0.000005 0.000218 0.000112 0.000005 0.955290 0.000005 0.000430 0.000005 0.000218 0.000005 0.000005 0.000005 0.000112 0.000112 0.002660 0.005103 0.001386 0.000005 0.000536
 0.033782 0.000005 0.000218 0.000112 0.000005 0.046200 0.000005 0.000430 0.000005 0.000218 0.000005 0.000005 0.000005 0.000112 0.000112 0.002660 0.914194 0.001386 0.000005 0.000536

MOTIF 3-VGAG STREME-3
letter-probability matrix: alength= 20 w= 4 nsites= 1 E= 4.0e+000
 0.046851 0.000007 0.000302 0.000155 0.000007 0.064073 0.000007 0.000596 0.000007 0.000302 0.000007 0.000007 0.000007 0.000155 0.000155 0.003689 0.007077 0.875843 0.000007 0.000744
 0.046851 0.000007 0.000302 0.000155 0.000007 0.937993 0.000007 0.000596 0.000007 0.000302 0.000007 0.000007 0.000007 0.000155 0.000155 0.003689 0.007077 0.001923 0.000007 0.000744
 0.920771 0.000007 0.000302 0.000155 0.000007 0.064073 0.000007 0.000596 0.000007 0.000302 0.000007 0.000007 0.000007 0.000155 0.000155 0.003689 0.007077 0.001923 0.000007 0.000744
 0.046851 0.000007 0.000302 0.000155 0.000007 0.937993 0.000007 0.000596 0.000007 0.000302 0.000007 0.000007 0.000007 0.000155 0.000155 0.003689 0.007077 0.001923 0.000007 0.000744

MOTIF 4-AAGSG STREME-4
letter-probability matrix: alength= 20 w= 5 nsites= 1 E= 4.0e+000
 0.942872 0.000005 0.000218 0.000112 0.000005 0.046200 0.000005 0.000430 0.000005 0.000218 0.000005 0.000005 0.000005 0.000112 0.000112 0.002660 0.005103 0.001386 0.000005 0.000536
 0.942872 0.000005 0.000218 0.000112 0.000005 0.046200 0.000005 0.000430 0.000005 0.000218 0.000005 0.000005 0.000005 0.000112 0.000112 0.002660 0.005103 0.001386 0.000005 0.000536
 0.033782 0.000005 0.000218 0.000112 0.000005 0.955290 0.000005 0.000430 0.000005 0.000218 0.000005 0.000005 0.000005 0.000112 0.000112 0.002660 0.005103 0.001386 0.000005 0.000536
 0.033782 0.000005 0.000218 0.000112 0.000005 0.046200 0.000005 0.000430 0.000005 0.000218 0.000005 0.000005 0.000005 0.000112 0.000112 0.911751 0.005103 0.001386 0.000005 0.000536
 0.033782 0.000005 0.000218 0.000112 0.000005 0.955290 0.000005 0.000430 0.000005 0.000218 0.000005 0.000005 0.000005 0.000112 0.000112 0.002660 0.005103 0.001386 0.000005 0.000536

********************************************************************************
Stopped because 3 consecutive motifs exceeded the p-value threshold (0.05).
********************************************************************************
COMMAND:	streme --protein --p ./Data/v1_cluster_windows_15mers/cluster_20677.fasta --minw 3 --maxw 15 --thresh 0.05 --oc ./Results/v1_Top500_Run_20250504_162200/streme_out_cluster_20677
********************************************************************************
CPU:		Hirokis-MacBook-Air.local
********************************************************************************
FINALTIME:	0.16 seconds
********************************************************************************
