********************************************************************************
STREME - Sensitive, Thorough, Rapid, Enriched Motif Elicitation
********************************************************************************
MEME version 5.5.7 (Release date: Wed Jun 19 13:59:04 2024 -0700)

For further information on how to interpret these results please access https://meme-suite.org/meme.
To get a copy of the MEME Suite software please access https://meme-suite.org.

********************************************************************************


********************************************************************************
REFERENCE
********************************************************************************
If you use this program in your research, please cite:

Timothy L. Bailey,
"STREME: accurate and versatile sequence motif discovery",
Bioinformatics, Mar. 24, 2021.
********************************************************************************


ALPHABET= ACDEFGHIKLMNPQRSTVWY

strands: +

Background letter frequencies
A 0.187 C 3.37e-05 D 0.068 E 0.000707 F 3.37e-05 G 0.197 H 3.37e-05 I 3.37e-05 K 0.000707 L 0.00609 M 0.00138 N 0.000707 P 0.0586 Q 0.133 R 0.00205 S 0.249 T 0.0283 V 0.00138 W 3.37e-05 Y 0.0667 

MOTIF 1-AASSADSQGYGPGQS STREME-1
letter-probability matrix: alength= 20 w= 15 nsites= 99 E= 4.1e-005
 0.926101 0.000003 0.006182 0.000064 0.000003 0.017865 0.000003 0.000003 0.000064 0.000554 0.000125 0.000064 0.005326 0.012055 0.000187 0.022638 0.002573 0.000125 0.000003 0.006060
 0.926101 0.000003 0.006182 0.000064 0.000003 0.017865 0.000003 0.000003 0.000064 0.000554 0.000125 0.000064 0.005326 0.012055 0.000187 0.022638 0.002573 0.000125 0.000003 0.006060
 0.017010 0.000003 0.006182 0.000064 0.000003 0.017865 0.000003 0.000003 0.000064 0.000554 0.000125 0.000064 0.005326 0.012055 0.000187 0.931729 0.002573 0.000125 0.000003 0.006060
 0.017010 0.000003 0.006182 0.000064 0.000003 0.017865 0.000003 0.000003 0.000064 0.000554 0.000125 0.000064 0.005326 0.012055 0.000187 0.931729 0.002573 0.000125 0.000003 0.006060
 0.926101 0.000003 0.006182 0.000064 0.000003 0.017865 0.000003 0.000003 0.000064 0.000554 0.000125 0.000064 0.005326 0.012055 0.000187 0.022638 0.002573 0.000125 0.000003 0.006060
 0.017010 0.000003 0.915273 0.000064 0.000003 0.017865 0.000003 0.000003 0.000064 0.000554 0.000125 0.000064 0.005326 0.012055 0.000187 0.022638 0.002573 0.000125 0.000003 0.006060
 0.017010 0.000003 0.006182 0.000064 0.000003 0.017865 0.000003 0.000003 0.000064 0.000554 0.000125 0.000064 0.005326 0.012055 0.000187 0.931729 0.002573 0.000125 0.000003 0.006060
 0.017010 0.000003 0.006182 0.000064 0.000003 0.017865 0.000003 0.000003 0.000064 0.000554 0.000125 0.000064 0.005326 0.921146 0.000187 0.022638 0.002573 0.000125 0.000003 0.006060
 0.017010 0.000003 0.006182 0.000064 0.000003 0.926956 0.000003 0.000003 0.000064 0.000554 0.000125 0.000064 0.005326 0.012055 0.000187 0.022638 0.002573 0.000125 0.000003 0.006060
 0.017010 0.000003 0.006182 0.000064 0.000003 0.017865 0.000003 0.000003 0.000064 0.000554 0.000125 0.000064 0.005326 0.012055 0.000187 0.022638 0.002573 0.000125 0.000003 0.915151
 0.017010 0.000003 0.006182 0.000064 0.000003 0.926956 0.000003 0.000003 0.000064 0.000554 0.000125 0.000064 0.005326 0.012055 0.000187 0.022638 0.002573 0.000125 0.000003 0.006060
 0.017010 0.000003 0.006182 0.000064 0.000003 0.017865 0.000003 0.000003 0.000064 0.000554 0.000125 0.000064 0.914417 0.012055 0.000187 0.022638 0.002573 0.000125 0.000003 0.006060
 0.017010 0.000003 0.006182 0.000064 0.000003 0.926956 0.000003 0.000003 0.000064 0.000554 0.000125 0.000064 0.005326 0.012055 0.000187 0.022638 0.002573 0.000125 0.000003 0.006060
 0.017010 0.000003 0.006182 0.000064 0.000003 0.017865 0.000003 0.000003 0.000064 0.000554 0.000125 0.000064 0.005326 0.921146 0.000187 0.022638 0.002573 0.000125 0.000003 0.006060
 0.017010 0.000003 0.006182 0.000064 0.000003 0.017865 0.000003 0.000003 0.000064 0.000554 0.000125 0.000064 0.005326 0.012055 0.000187 0.931729 0.002573 0.000125 0.000003 0.006060

MOTIF 2-SAA STREME-2
letter-probability matrix: alength= 20 w= 3 nsites= 1 E= 2.0e+000
 0.017010 0.000003 0.006182 0.000064 0.000003 0.017865 0.000003 0.000003 0.000064 0.000554 0.000125 0.000064 0.005326 0.012055 0.000187 0.931729 0.002573 0.000125 0.000003 0.006060
 0.926101 0.000003 0.006182 0.000064 0.000003 0.017865 0.000003 0.000003 0.000064 0.000554 0.000125 0.000064 0.005326 0.012055 0.000187 0.022638 0.002573 0.000125 0.000003 0.006060
 0.926101 0.000003 0.006182 0.000064 0.000003 0.017865 0.000003 0.000003 0.000064 0.000554 0.000125 0.000064 0.005326 0.012055 0.000187 0.022638 0.002573 0.000125 0.000003 0.006060

********************************************************************************
Stopped because the next motif had no positive sites with scores > 0.
********************************************************************************
COMMAND:	streme --protein --p ./Data/v1_cluster_windows_15mers/cluster_16927.fasta --minw 3 --maxw 15 --thresh 0.05 --oc ./Results/v1_Top500_Run_20250504_162200/streme_out_cluster_16927
********************************************************************************
CPU:		Hirokis-MacBook-Air.local
********************************************************************************
FINALTIME:	0.19 seconds
********************************************************************************
