********************************************************************************
STREME - Sensitive, Thorough, Rapid, Enriched Motif Elicitation
********************************************************************************
MEME version 5.5.7 (Release date: Wed Jun 19 13:59:04 2024 -0700)

For further information on how to interpret these results please access https://meme-suite.org/meme.
To get a copy of the MEME Suite software please access https://meme-suite.org.

********************************************************************************


********************************************************************************
REFERENCE
********************************************************************************
If you use this program in your research, please cite:

Timothy L. Bailey,
"STREME: accurate and versatile sequence motif discovery",
Bioinformatics, Mar. 24, 2021.
********************************************************************************


ALPHABET= ACDEFGHIKLMNPQRSTVWY

strands: +

Background letter frequencies
A 0.197 C 7.4e-05 D 0.0119 E 0.00599 F 7.4e-05 G 0.431 H 7.4e-05 I 0.00155 K 0.00155 L 7.4e-05 M 7.4e-05 N 0.0415 P 7.4e-05 Q 0.167 R 0.00599 S 0.0415 T 0.00303 V 0.00155 W 7.4e-05 Y 0.0903 

MOTIF 1-GYGQGG STREME-1
letter-probability matrix: alength= 20 w= 6 nsites= 41 S= 2.0e-021
 0.000613 0.000000 0.000037 0.000019 0.000000 0.998226 0.000000 0.000005 0.000005 0.000000 0.000000 0.000129 0.000000 0.000521 0.000019 0.000129 0.000009 0.000005 0.000000 0.000281
 0.000613 0.000000 0.000037 0.000019 0.000000 0.001341 0.000000 0.000005 0.000005 0.000000 0.000000 0.000129 0.000000 0.000521 0.000019 0.021724 0.000009 0.000005 0.000000 0.975571
 0.000613 0.000000 0.000037 0.021614 0.000000 0.933089 0.000000 0.000005 0.000005 0.000000 0.000000 0.000129 0.000000 0.000521 0.043561 0.000129 0.000009 0.000005 0.000000 0.000281
 0.000613 0.000000 0.000037 0.000019 0.000000 0.001341 0.000000 0.000005 0.000005 0.000000 0.000000 0.000129 0.000000 0.997405 0.000019 0.000129 0.000009 0.000005 0.000000 0.000281
 0.000613 0.000000 0.000037 0.000019 0.000000 0.604296 0.000000 0.000005 0.000005 0.000000 0.000000 0.372288 0.000000 0.000521 0.000019 0.021900 0.000009 0.000005 0.000000 0.000281
 0.090683 0.000000 0.000037 0.000019 0.000000 0.886386 0.000000 0.000005 0.000005 0.000000 0.000000 0.000129 0.000000 0.000521 0.000019 0.021900 0.000009 0.000005 0.000000 0.000281

MOTIF 2-AASAA STREME-2
letter-probability matrix: alength= 20 w= 5 nsites= 31 S= 3.2e-012
 0.996194 0.000000 0.000056 0.000028 0.000000 0.002040 0.000000 0.000007 0.000007 0.000000 0.000000 0.000197 0.000000 0.000792 0.000028 0.000197 0.000014 0.000007 0.000000 0.000428
 0.474078 0.000000 0.205566 0.000028 0.000000 0.318647 0.000000 0.000007 0.000007 0.000000 0.000000 0.000197 0.000000 0.000792 0.000028 0.000197 0.000014 0.000007 0.000000 0.000428
 0.000933 0.000000 0.000056 0.000028 0.000000 0.375015 0.000000 0.000007 0.000007 0.000000 0.000000 0.000197 0.000000 0.000792 0.000028 0.622483 0.000014 0.000007 0.000000 0.000428
 0.523049 0.000000 0.000056 0.000028 0.000000 0.475185 0.000000 0.000007 0.000007 0.000000 0.000000 0.000197 0.000000 0.000792 0.000028 0.000197 0.000014 0.000007 0.000000 0.000428
 0.996194 0.000000 0.000056 0.000028 0.000000 0.002040 0.000000 0.000007 0.000007 0.000000 0.000000 0.000197 0.000000 0.000792 0.000028 0.000197 0.000014 0.000007 0.000000 0.000428

MOTIF 3-GQNG STREME-3
letter-probability matrix: alength= 20 w= 4 nsites= 4 S= 5.8e-002
 0.017893 0.000007 0.001083 0.000545 0.000007 0.948232 0.000007 0.000141 0.000141 0.000007 0.000007 0.003772 0.000007 0.015202 0.000545 0.003772 0.000276 0.000141 0.000007 0.008211
 0.017893 0.000007 0.001083 0.000545 0.000007 0.039141 0.000007 0.000141 0.000141 0.000007 0.000007 0.003772 0.000007 0.924293 0.000545 0.003772 0.000276 0.000141 0.000007 0.008211
 0.017893 0.000007 0.001083 0.000545 0.000007 0.039141 0.000007 0.000141 0.000141 0.000007 0.000007 0.912863 0.000007 0.015202 0.000545 0.003772 0.000276 0.000141 0.000007 0.008211
 0.017893 0.000007 0.001083 0.000545 0.000007 0.948232 0.000007 0.000141 0.000141 0.000007 0.000007 0.003772 0.000007 0.015202 0.000545 0.003772 0.000276 0.000141 0.000007 0.008211

MOTIF 4-NGQG STREME-4
letter-probability matrix: alength= 20 w= 4 nsites= 7 S= 7.9e-002
 0.007006 0.000003 0.000424 0.000213 0.000003 0.015325 0.000003 0.000055 0.000055 0.000003 0.000003 0.965882 0.000003 0.005952 0.000213 0.001477 0.000108 0.000055 0.000003 0.003215
 0.007006 0.000003 0.000424 0.000213 0.000003 0.979731 0.000003 0.000055 0.000055 0.000003 0.000003 0.001477 0.000003 0.005952 0.000213 0.001477 0.000108 0.000055 0.000003 0.003215
 0.007006 0.000003 0.000424 0.000213 0.000003 0.015325 0.000003 0.000055 0.000055 0.000003 0.000003 0.001477 0.000003 0.970358 0.000213 0.001477 0.000108 0.000055 0.000003 0.003215
 0.007006 0.000003 0.000424 0.000213 0.000003 0.733008 0.000003 0.000055 0.000055 0.000003 0.000003 0.001477 0.000003 0.005952 0.246936 0.001477 0.000108 0.000055 0.000003 0.003215

MOTIF 5-EYDQG STREME-5
letter-probability matrix: alength= 20 w= 5 nsites= 2 S= 2.5e-001
 0.017893 0.000007 0.001083 0.909636 0.000007 0.039141 0.000007 0.000141 0.000141 0.000007 0.000007 0.003772 0.000007 0.015202 0.000545 0.003772 0.000276 0.000141 0.000007 0.008211
 0.017893 0.000007 0.001083 0.000545 0.000007 0.039141 0.000007 0.000141 0.000141 0.000007 0.000007 0.003772 0.000007 0.015202 0.000545 0.003772 0.000276 0.000141 0.000007 0.917302
 0.017893 0.000007 0.910174 0.000545 0.000007 0.039141 0.000007 0.000141 0.000141 0.000007 0.000007 0.003772 0.000007 0.015202 0.000545 0.003772 0.000276 0.000141 0.000007 0.008211
 0.017893 0.000007 0.001083 0.000545 0.000007 0.039141 0.000007 0.000141 0.000141 0.000007 0.000007 0.003772 0.000007 0.924293 0.000545 0.003772 0.000276 0.000141 0.000007 0.008211
 0.017893 0.000007 0.001083 0.000545 0.000007 0.948232 0.000007 0.000141 0.000141 0.000007 0.000007 0.003772 0.000007 0.015202 0.000545 0.003772 0.000276 0.000141 0.000007 0.008211

********************************************************************************
Stopped because maximum number of motifs (5) reached.
********************************************************************************
COMMAND:	streme --protein --p ./Data/v1_cluster_windows_15mers/cluster_3548.fasta --minw 3 --maxw 15 --thresh 0.05 --oc ./Results/v1_Top500_Run_20250504_162200/streme_out_cluster_3548
********************************************************************************
CPU:		Hirokis-MacBook-Air.local
********************************************************************************
FINALTIME:	0.16 seconds
********************************************************************************
