********************************************************************************
STREME - Sensitive, Thorough, Rapid, Enriched Motif Elicitation
********************************************************************************
MEME version 5.5.7 (Release date: Wed Jun 19 13:59:04 2024 -0700)

For further information on how to interpret these results please access https://meme-suite.org/meme.
To get a copy of the MEME Suite software please access https://meme-suite.org.

********************************************************************************


********************************************************************************
REFERENCE
********************************************************************************
If you use this program in your research, please cite:

Timothy L. Bailey,
"STREME: accurate and versatile sequence motif discovery",
Bioinformatics, Mar. 24, 2021.
********************************************************************************


ALPHABET= ACDEFGHIKLMNPQRSTVWY

strands: +

Background letter frequencies
A 0.119 C 2.52e-05 D 0.00103 E 0.00053 F 0.00406 G 0.131 H 2.52e-05 I 0.119 K 2.52e-05 L 0.0682 M 0.00053 N 2.52e-05 P 0.00709 Q 0.00911 R 2.52e-05 S 0.401 T 0.00204 V 0.00861 W 2.52e-05 Y 0.129 

MOTIF 1-SSSSAIAISLGY STREME-1
letter-probability matrix: alength= 20 w= 12 nsites= 132 E= 4.8e-007
 0.010789 0.000002 0.000094 0.000048 0.000369 0.011935 0.000002 0.010789 0.000002 0.006196 0.000048 0.000002 0.000645 0.000828 0.000002 0.945522 0.000186 0.000782 0.000002 0.011753
 0.010789 0.000002 0.000094 0.000048 0.000369 0.011935 0.000002 0.010789 0.000002 0.006196 0.000048 0.000002 0.000645 0.000828 0.000002 0.945522 0.000186 0.000782 0.000002 0.011753
 0.010789 0.000002 0.000094 0.000048 0.000369 0.011935 0.000002 0.010789 0.000002 0.006196 0.000048 0.000002 0.000645 0.000828 0.000002 0.945522 0.000186 0.000782 0.000002 0.011753
 0.010789 0.000002 0.000094 0.000048 0.000369 0.011935 0.000002 0.010789 0.000002 0.006196 0.000048 0.000002 0.000645 0.000828 0.000002 0.945522 0.000186 0.000782 0.000002 0.011753
 0.919880 0.000002 0.000094 0.000048 0.000369 0.011935 0.000002 0.010789 0.000002 0.006196 0.000048 0.000002 0.000645 0.000828 0.000002 0.036431 0.000186 0.000782 0.000002 0.011753
 0.010789 0.000002 0.000094 0.000048 0.000369 0.011935 0.000002 0.919880 0.000002 0.006196 0.000048 0.000002 0.000645 0.000828 0.000002 0.036431 0.000186 0.000782 0.000002 0.011753
 0.919880 0.000002 0.000094 0.000048 0.000369 0.011935 0.000002 0.010789 0.000002 0.006196 0.000048 0.000002 0.000645 0.000828 0.000002 0.036431 0.000186 0.000782 0.000002 0.011753
 0.010789 0.000002 0.000094 0.000048 0.000369 0.011935 0.000002 0.919880 0.000002 0.006196 0.000048 0.000002 0.000645 0.000828 0.000002 0.036431 0.000186 0.000782 0.000002 0.011753
 0.010789 0.000002 0.000094 0.000048 0.000369 0.011935 0.000002 0.010789 0.000002 0.006196 0.000048 0.000002 0.000645 0.000828 0.000002 0.945522 0.000186 0.000782 0.000002 0.011753
 0.010789 0.000002 0.000094 0.000048 0.000369 0.011935 0.000002 0.010789 0.000002 0.915287 0.000048 0.000002 0.000645 0.000828 0.000002 0.036431 0.000186 0.000782 0.000002 0.011753
 0.010789 0.000002 0.000094 0.000048 0.000369 0.921026 0.000002 0.010789 0.000002 0.006196 0.000048 0.000002 0.000645 0.000828 0.000002 0.036431 0.000186 0.000782 0.000002 0.011753
 0.010789 0.000002 0.000094 0.000048 0.000369 0.011935 0.000002 0.010789 0.000002 0.006196 0.000048 0.000002 0.000645 0.000828 0.000002 0.036431 0.000186 0.000782 0.000002 0.920844

MOTIF 2-GYS STREME-2
letter-probability matrix: alength= 20 w= 3 nsites= 103 E= 6.7e-006
 0.010789 0.000002 0.000094 0.000048 0.000369 0.921026 0.000002 0.010789 0.000002 0.006196 0.000048 0.000002 0.000645 0.000828 0.000002 0.036431 0.000186 0.000782 0.000002 0.011753
 0.010789 0.000002 0.000094 0.000048 0.000369 0.011935 0.000002 0.010789 0.000002 0.006196 0.000048 0.000002 0.000645 0.000828 0.000002 0.036431 0.000186 0.000782 0.000002 0.920844
 0.010789 0.000002 0.000094 0.000048 0.000369 0.011935 0.000002 0.010789 0.000002 0.006196 0.000048 0.000002 0.000645 0.000828 0.000002 0.945522 0.000186 0.000782 0.000002 0.011753

MOTIF 3-QPGY STREME-3
letter-probability matrix: alength= 20 w= 4 nsites= 11 E= 5.0e+000
 0.010789 0.000002 0.000094 0.000048 0.000369 0.011935 0.000002 0.010789 0.000002 0.006196 0.000048 0.000002 0.000645 0.909919 0.000002 0.036431 0.000186 0.000782 0.000002 0.011753
 0.010789 0.000002 0.000094 0.000048 0.000369 0.011935 0.000002 0.010789 0.000002 0.006196 0.000048 0.000002 0.909736 0.000828 0.000002 0.036431 0.000186 0.000782 0.000002 0.011753
 0.010789 0.000002 0.000094 0.000048 0.000369 0.921026 0.000002 0.010789 0.000002 0.006196 0.000048 0.000002 0.000645 0.000828 0.000002 0.036431 0.000186 0.000782 0.000002 0.011753
 0.010789 0.000002 0.000094 0.000048 0.000369 0.011935 0.000002 0.010789 0.000002 0.006196 0.000048 0.000002 0.000645 0.000828 0.000002 0.036431 0.000186 0.000782 0.000002 0.920844

MOTIF 4-GYP STREME-4
letter-probability matrix: alength= 20 w= 3 nsites= 3 E= 5.0e+000
 0.010789 0.000002 0.000094 0.000048 0.000369 0.921026 0.000002 0.010789 0.000002 0.006196 0.000048 0.000002 0.000645 0.000828 0.000002 0.036431 0.000186 0.000782 0.000002 0.011753
 0.010789 0.000002 0.000094 0.000048 0.000369 0.011935 0.000002 0.010789 0.000002 0.006196 0.000048 0.000002 0.000645 0.000828 0.000002 0.036431 0.000186 0.000782 0.000002 0.920844
 0.010789 0.000002 0.000094 0.000048 0.000369 0.011935 0.000002 0.010789 0.000002 0.006196 0.000048 0.000002 0.909736 0.000828 0.000002 0.036431 0.000186 0.000782 0.000002 0.011753

MOTIF 5-GYA STREME-5
letter-probability matrix: alength= 20 w= 3 nsites= 2 E= 5.0e+000
 0.010789 0.000002 0.000094 0.000048 0.000369 0.921026 0.000002 0.010789 0.000002 0.006196 0.000048 0.000002 0.000645 0.000828 0.000002 0.036431 0.000186 0.000782 0.000002 0.011753
 0.010789 0.000002 0.000094 0.000048 0.000369 0.011935 0.000002 0.010789 0.000002 0.006196 0.000048 0.000002 0.000645 0.000828 0.000002 0.036431 0.000186 0.000782 0.000002 0.920844
 0.919880 0.000002 0.000094 0.000048 0.000369 0.011935 0.000002 0.010789 0.000002 0.006196 0.000048 0.000002 0.000645 0.000828 0.000002 0.036431 0.000186 0.000782 0.000002 0.011753

********************************************************************************
Stopped because 3 consecutive motifs exceeded the p-value threshold (0.05).
********************************************************************************
COMMAND:	streme --protein --p ./Data/v1_cluster_windows_15mers/cluster_8798.fasta --minw 3 --maxw 15 --thresh 0.05 --oc ./Results/v1_Top500_Run_20250504_162200/streme_out_cluster_8798
********************************************************************************
CPU:		Hirokis-MacBook-Air.local
********************************************************************************
FINALTIME:	0.20 seconds
********************************************************************************
