********************************************************************************
STREME - Sensitive, Thorough, Rapid, Enriched Motif Elicitation
********************************************************************************
MEME version 5.5.7 (Release date: Wed Jun 19 13:59:04 2024 -0700)

For further information on how to interpret these results please access https://meme-suite.org/meme.
To get a copy of the MEME Suite software please access https://meme-suite.org.

********************************************************************************


********************************************************************************
REFERENCE
********************************************************************************
If you use this program in your research, please cite:

Timothy L. Bailey,
"STREME: accurate and versatile sequence motif discovery",
Bioinformatics, Mar. 24, 2021.
********************************************************************************


ALPHABET= ACDEFGHIKLMNPQRSTVWY

strands: +

Background letter frequencies
A 0.209 C 7.92e-05 D 7.92e-05 E 7.92e-05 F 0.00166 G 0.233 H 7.92e-05 I 0.00325 K 7.92e-05 L 0.00642 M 7.92e-05 N 0.00166 P 7.92e-05 Q 7.92e-05 R 7.92e-05 S 0.165 T 0.181 V 0.159 W 7.92e-05 Y 0.0397 

MOTIF 1-STVAS STREME-1
letter-probability matrix: alength= 20 w= 5 nsites= 41 S= 2.6e-023
 0.000515 0.000000 0.000000 0.000000 0.000004 0.000573 0.000000 0.000008 0.000000 0.000016 0.000000 0.000004 0.000000 0.000000 0.000000 0.945925 0.000444 0.000390 0.000000 0.052120
 0.000515 0.000000 0.000000 0.000000 0.000004 0.000573 0.000000 0.000008 0.000000 0.000016 0.000000 0.000004 0.000000 0.000000 0.000000 0.034484 0.963908 0.000390 0.000000 0.000098
 0.000515 0.000000 0.000000 0.000000 0.000004 0.000573 0.000000 0.000008 0.000000 0.034392 0.000000 0.000004 0.000000 0.000000 0.000000 0.000405 0.000444 0.963556 0.000000 0.000098
 0.981017 0.000000 0.000000 0.000000 0.000004 0.000573 0.000000 0.000008 0.000000 0.000016 0.000000 0.000004 0.000000 0.000000 0.000000 0.017444 0.000444 0.000390 0.000000 0.000098
 0.000515 0.000000 0.000000 0.000000 0.000004 0.000573 0.000000 0.000008 0.000000 0.000016 0.000000 0.000004 0.000000 0.000000 0.000000 0.997947 0.000444 0.000390 0.000000 0.000098

MOTIF 2-AGAGVG STREME-2
letter-probability matrix: alength= 20 w= 6 nsites= 40 S= 2.2e-020
 0.973197 0.000000 0.000000 0.000000 0.000006 0.000809 0.000000 0.024070 0.000000 0.000022 0.000000 0.000006 0.000000 0.000000 0.000000 0.000572 0.000627 0.000550 0.000000 0.000138
 0.205921 0.000000 0.000000 0.000000 0.000006 0.475294 0.000000 0.000011 0.000000 0.000022 0.000000 0.000006 0.000000 0.000000 0.000000 0.317422 0.000627 0.000550 0.000000 0.000138
 0.642712 0.000000 0.000000 0.000000 0.000006 0.206003 0.000000 0.000011 0.000000 0.000022 0.000000 0.000006 0.000000 0.000000 0.000000 0.000572 0.024686 0.077303 0.000000 0.048676
 0.000726 0.000000 0.000000 0.000000 0.000006 0.997338 0.000000 0.000011 0.000000 0.000022 0.000000 0.000006 0.000000 0.000000 0.000000 0.000572 0.000627 0.000550 0.000000 0.000138
 0.000726 0.000000 0.000000 0.000000 0.000006 0.000809 0.000000 0.000011 0.000000 0.000022 0.000000 0.000006 0.000000 0.000000 0.000000 0.000572 0.000627 0.948541 0.000000 0.048676
 0.000726 0.000000 0.000000 0.000000 0.000006 0.997338 0.000000 0.000011 0.000000 0.000022 0.000000 0.000006 0.000000 0.000000 0.000000 0.000572 0.000627 0.000550 0.000000 0.000138

MOTIF 3-YAAAG STREME-3
letter-probability matrix: alength= 20 w= 5 nsites= 2 S= 2.5e-001
 0.019028 0.000007 0.000007 0.000007 0.000151 0.021182 0.000007 0.000295 0.000007 0.000583 0.000007 0.000151 0.000007 0.000007 0.000007 0.014991 0.016427 0.014418 0.000007 0.912700
 0.928118 0.000007 0.000007 0.000007 0.000151 0.021182 0.000007 0.000295 0.000007 0.000583 0.000007 0.000151 0.000007 0.000007 0.000007 0.014991 0.016427 0.014418 0.000007 0.003609
 0.928118 0.000007 0.000007 0.000007 0.000151 0.021182 0.000007 0.000295 0.000007 0.000583 0.000007 0.000151 0.000007 0.000007 0.000007 0.014991 0.016427 0.014418 0.000007 0.003609
 0.928118 0.000007 0.000007 0.000007 0.000151 0.021182 0.000007 0.000295 0.000007 0.000583 0.000007 0.000151 0.000007 0.000007 0.000007 0.014991 0.016427 0.014418 0.000007 0.003609
 0.019028 0.000007 0.000007 0.000007 0.000151 0.930273 0.000007 0.000295 0.000007 0.000583 0.000007 0.000151 0.000007 0.000007 0.000007 0.014991 0.016427 0.014418 0.000007 0.003609

MOTIF 4-VSFGGAVG STREME-4
letter-probability matrix: alength= 20 w= 8 nsites= 1 S= 5.0e-001
 0.026389 0.000010 0.000010 0.000010 0.000210 0.029377 0.000010 0.000410 0.000010 0.000809 0.000010 0.000210 0.000010 0.000010 0.000010 0.020791 0.022783 0.893917 0.000010 0.005005
 0.026389 0.000010 0.000010 0.000010 0.000210 0.029377 0.000010 0.000410 0.000010 0.000809 0.000010 0.000210 0.000010 0.000010 0.000010 0.894711 0.022783 0.019997 0.000010 0.005005
 0.026389 0.000010 0.000010 0.000010 0.874130 0.029377 0.000010 0.000410 0.000010 0.000809 0.000010 0.000210 0.000010 0.000010 0.000010 0.020791 0.022783 0.019997 0.000010 0.005005
 0.026389 0.000010 0.000010 0.000010 0.000210 0.903297 0.000010 0.000410 0.000010 0.000809 0.000010 0.000210 0.000010 0.000010 0.000010 0.020791 0.022783 0.019997 0.000010 0.005005
 0.026389 0.000010 0.000010 0.000010 0.000210 0.903297 0.000010 0.000410 0.000010 0.000809 0.000010 0.000210 0.000010 0.000010 0.000010 0.020791 0.022783 0.019997 0.000010 0.005005
 0.900309 0.000010 0.000010 0.000010 0.000210 0.029377 0.000010 0.000410 0.000010 0.000809 0.000010 0.000210 0.000010 0.000010 0.000010 0.020791 0.022783 0.019997 0.000010 0.005005
 0.026389 0.000010 0.000010 0.000010 0.000210 0.029377 0.000010 0.000410 0.000010 0.000809 0.000010 0.000210 0.000010 0.000010 0.000010 0.020791 0.022783 0.893917 0.000010 0.005005
 0.026389 0.000010 0.000010 0.000010 0.000210 0.903297 0.000010 0.000410 0.000010 0.000809 0.000010 0.000210 0.000010 0.000010 0.000010 0.020791 0.022783 0.019997 0.000010 0.005005

MOTIF 5-VGS STREME-5
letter-probability matrix: alength= 20 w= 3 nsites= 2 S= 6.9e-001
 0.019028 0.000007 0.000007 0.000007 0.000151 0.021182 0.000007 0.000295 0.000007 0.000583 0.000007 0.000151 0.000007 0.000007 0.000007 0.014991 0.016427 0.923509 0.000007 0.003609
 0.019028 0.000007 0.000007 0.000007 0.000151 0.930273 0.000007 0.000295 0.000007 0.000583 0.000007 0.000151 0.000007 0.000007 0.000007 0.014991 0.016427 0.014418 0.000007 0.003609
 0.019028 0.000007 0.000007 0.000007 0.000151 0.021182 0.000007 0.000295 0.000007 0.000583 0.000007 0.000151 0.000007 0.000007 0.000007 0.924082 0.016427 0.014418 0.000007 0.003609

********************************************************************************
Stopped because maximum number of motifs (5) reached.
********************************************************************************
COMMAND:	streme --protein --p ./Data/v1_cluster_windows_15mers/cluster_9539.fasta --minw 3 --maxw 15 --thresh 0.05 --oc ./Results/v1_Top500_Run_20250504_162200/streme_out_cluster_9539
********************************************************************************
CPU:		Hirokis-MacBook-Air.local
********************************************************************************
FINALTIME:	0.18 seconds
********************************************************************************
