********************************************************************************
STREME - Sensitive, Thorough, Rapid, Enriched Motif Elicitation
********************************************************************************
MEME version 5.5.7 (Release date: Wed Jun 19 13:59:04 2024 -0700)

For further information on how to interpret these results please access https://meme-suite.org/meme.
To get a copy of the MEME Suite software please access https://meme-suite.org.

********************************************************************************


********************************************************************************
REFERENCE
********************************************************************************
If you use this program in your research, please cite:

Timothy L. Bailey,
"STREME: accurate and versatile sequence motif discovery",
Bioinformatics, Mar. 24, 2021.
********************************************************************************


ALPHABET= ACDEFGHIKLMNPQRSTVWY

strands: +

Background letter frequencies
A 0.127 C 0.0081 D 0.0149 E 0.0189 F 0.0106 G 0.153 H 0.000691 I 0.0367 K 0.00134 L 0.0618 M 0.0147 N 0.0369 P 0.0218 Q 0.119 R 0.0121 S 0.186 T 0.0371 V 0.0973 W 0.000225 Y 0.042 

MOTIF 1-MVGQ STREME-1
letter-probability matrix: alength= 20 w= 4 nsites= 860 E= 4.3e-022
 0.000029 0.000002 0.000003 0.000004 0.000002 0.000034 0.000000 0.076910 0.000000 0.224765 0.246728 0.056539 0.000005 0.000027 0.000003 0.208550 0.000008 0.186380 0.000000 0.000009
 0.000029 0.000002 0.000003 0.000004 0.000002 0.000034 0.000000 0.212480 0.000000 0.000014 0.000003 0.000008 0.000005 0.000027 0.000003 0.000042 0.000008 0.787324 0.000000 0.000009
 0.008910 0.000002 0.000003 0.000004 0.000002 0.600216 0.000000 0.000008 0.000000 0.000014 0.000003 0.000008 0.000005 0.000027 0.015636 0.375120 0.000008 0.000022 0.000000 0.000009
 0.000029 0.000002 0.000003 0.000004 0.000002 0.000034 0.000000 0.000008 0.000000 0.000014 0.000003 0.000008 0.000005 0.999801 0.000003 0.000042 0.000008 0.000022 0.000000 0.000009

MOTIF 2-VQALLEVVS STREME-2
letter-probability matrix: alength= 20 w= 9 nsites= 490 E= 2.7e-015
 0.000042 0.000003 0.000005 0.004555 0.000003 0.013701 0.000000 0.177489 0.000000 0.015941 0.000005 0.004561 0.000007 0.000039 0.000004 0.002335 0.009109 0.772187 0.000000 0.000014
 0.009139 0.000003 0.000005 0.000006 0.000003 0.000050 0.000000 0.000012 0.000000 0.000020 0.000005 0.000012 0.000007 0.936003 0.000004 0.050123 0.004561 0.000032 0.000000 0.000014
 0.544505 0.000003 0.002279 0.000006 0.002278 0.006873 0.000000 0.004561 0.000000 0.000020 0.000005 0.000012 0.000007 0.000039 0.000004 0.041003 0.129754 0.268636 0.000000 0.000014
 0.000042 0.000003 0.000005 0.000006 0.000003 0.000050 0.000000 0.000012 0.000000 0.999692 0.000005 0.000012 0.000007 0.000039 0.000004 0.000061 0.000012 0.000032 0.000000 0.000014
 0.000042 0.000003 0.000005 0.000006 0.002278 0.000050 0.000000 0.020482 0.000000 0.840474 0.102364 0.000012 0.000007 0.000039 0.000004 0.004609 0.000012 0.029598 0.000000 0.000014
 0.000042 0.000003 0.018204 0.915496 0.000003 0.000050 0.000000 0.000012 0.000000 0.000020 0.000005 0.000012 0.000007 0.066021 0.000004 0.000061 0.000012 0.000032 0.000000 0.000014
 0.002316 0.004551 0.000005 0.000006 0.000003 0.000050 0.000000 0.339273 0.000000 0.195939 0.022750 0.000012 0.000007 0.000039 0.000004 0.000061 0.006835 0.428133 0.000000 0.000014
 0.009139 0.000003 0.000005 0.000006 0.000003 0.000050 0.000000 0.193425 0.000000 0.102376 0.011376 0.000012 0.000007 0.000039 0.000004 0.011434 0.022758 0.649348 0.000000 0.000014
 0.106944 0.004551 0.000005 0.000006 0.000003 0.000050 0.000000 0.000012 0.000000 0.000020 0.000005 0.000012 0.000007 0.000039 0.000004 0.833699 0.050047 0.004580 0.000000 0.000014

MOTIF 3-SGCDVL STREME-3
letter-probability matrix: alength= 20 w= 6 nsites= 454 E= 1.6e-013
 0.007446 0.000003 0.000005 0.000007 0.000004 0.002521 0.000000 0.000013 0.000000 0.000022 0.000005 0.007415 0.009875 0.000042 0.000004 0.970108 0.002480 0.000035 0.000000 0.000015
 0.019781 0.000003 0.086390 0.116029 0.000004 0.501144 0.000000 0.000013 0.002467 0.000022 0.000005 0.009880 0.000008 0.093827 0.007406 0.155556 0.007414 0.000035 0.000000 0.000015
 0.007446 0.849086 0.000005 0.000007 0.000004 0.051897 0.000000 0.000013 0.000000 0.000022 0.000005 0.007415 0.000008 0.000042 0.000004 0.081514 0.002480 0.000035 0.000000 0.000015
 0.000045 0.000003 0.503048 0.496608 0.000004 0.000054 0.000000 0.000013 0.000000 0.000022 0.000005 0.000013 0.000008 0.000042 0.000004 0.000066 0.000013 0.000035 0.000000 0.000015
 0.029658 0.000003 0.000005 0.000007 0.000004 0.000054 0.000000 0.153046 0.000000 0.051841 0.000005 0.007414 0.000008 0.000042 0.000004 0.000066 0.004947 0.752881 0.000000 0.000015
 0.000045 0.000003 0.000005 0.000007 0.007405 0.000054 0.000000 0.044430 0.000000 0.792332 0.061759 0.000013 0.000008 0.007444 0.002471 0.019812 0.009881 0.032112 0.000000 0.022218

MOTIF 4-NYG STREME-4
letter-probability matrix: alength= 20 w= 3 nsites= 970 E= 1.7e-013
 0.000051 0.000002 0.009998 0.001930 0.008569 0.275968 0.000000 0.000013 0.000000 0.000427 0.000004 0.665035 0.007894 0.000345 0.015060 0.010000 0.004359 0.000330 0.000000 0.000013
 0.004371 0.000002 0.000862 0.000006 0.000098 0.000059 0.000000 0.000967 0.000000 0.002400 0.004999 0.000011 0.260895 0.000128 0.000004 0.000099 0.000721 0.002097 0.000000 0.722282
 0.008479 0.000002 0.022772 0.005000 0.000003 0.900744 0.000000 0.000011 0.000000 0.014501 0.000004 0.010004 0.006210 0.010936 0.000004 0.019208 0.000011 0.000029 0.000000 0.002080

MOTIF 5-ASGQYAQ STREME-5
letter-probability matrix: alength= 20 w= 7 nsites= 249 E= 9.4e-009
 0.756915 0.000004 0.000008 0.000010 0.000006 0.011270 0.000000 0.000020 0.000001 0.007491 0.000008 0.000020 0.000012 0.000064 0.000006 0.164364 0.059725 0.000052 0.000000 0.000023
 0.464418 0.000004 0.000008 0.000010 0.000006 0.014998 0.000000 0.000020 0.000001 0.000033 0.000008 0.000020 0.000012 0.000064 0.000006 0.520296 0.000020 0.000052 0.000000 0.000023
 0.130656 0.000004 0.000008 0.000010 0.000006 0.440499 0.000000 0.000020 0.000001 0.000033 0.000008 0.000020 0.000012 0.000064 0.000006 0.428558 0.000020 0.000052 0.000000 0.000023
 0.016531 0.000004 0.000008 0.000010 0.000006 0.029918 0.000000 0.000020 0.000001 0.000033 0.000008 0.000020 0.000012 0.927125 0.000006 0.026203 0.000020 0.000052 0.000000 0.000023
 0.007526 0.000004 0.000008 0.000010 0.085840 0.000082 0.000000 0.022393 0.000001 0.000033 0.000008 0.000020 0.000012 0.000064 0.000006 0.362162 0.108170 0.000052 0.000000 0.413608
 0.583808 0.000004 0.007466 0.000010 0.000006 0.027732 0.000000 0.000020 0.000001 0.000033 0.000008 0.000020 0.000012 0.000064 0.000006 0.111976 0.227730 0.000052 0.000000 0.041052
 0.037358 0.000004 0.000008 0.000010 0.000006 0.000082 0.000000 0.000020 0.000001 0.000033 0.000008 0.000020 0.000012 0.781592 0.012740 0.168010 0.000020 0.000052 0.000000 0.000023

MOTIF 6-VISNAVSQV STREME-6
letter-probability matrix: alength= 20 w= 9 nsites= 186 E= 6.7e-006
 0.267308 0.000007 0.000012 0.000016 0.000009 0.000128 0.000001 0.093013 0.000001 0.000052 0.000012 0.000031 0.000018 0.000100 0.110376 0.000156 0.127802 0.400923 0.000000 0.000035
 0.139518 0.000007 0.000012 0.000016 0.000009 0.000128 0.000001 0.656483 0.000001 0.075559 0.000012 0.000031 0.000018 0.000100 0.000010 0.000156 0.011646 0.116258 0.000000 0.000035
 0.017529 0.000007 0.000012 0.000016 0.000009 0.284760 0.000001 0.000031 0.005809 0.000052 0.000012 0.069732 0.000018 0.011716 0.011625 0.598523 0.000031 0.000082 0.000000 0.000035
 0.000107 0.000007 0.162660 0.000016 0.000009 0.023361 0.000001 0.000031 0.011616 0.000052 0.000012 0.546128 0.000018 0.000100 0.000010 0.203452 0.052304 0.000082 0.000000 0.000035
 0.406753 0.000007 0.000012 0.000016 0.000009 0.000128 0.005808 0.034877 0.005809 0.232402 0.029054 0.000031 0.000018 0.081466 0.000010 0.005963 0.046497 0.151104 0.000000 0.000035
 0.139500 0.000007 0.000012 0.000016 0.244027 0.000128 0.000001 0.017453 0.000001 0.029090 0.087148 0.000031 0.000018 0.000100 0.000010 0.069867 0.040692 0.325403 0.000000 0.046497
 0.267352 0.000007 0.005820 0.000016 0.005816 0.064024 0.000001 0.000031 0.000001 0.000052 0.000012 0.023265 0.000018 0.005907 0.000010 0.621713 0.005839 0.000082 0.000000 0.000035
 0.000107 0.000007 0.000012 0.000016 0.000009 0.000128 0.000001 0.000031 0.000001 0.000052 0.000012 0.000031 0.000018 0.999262 0.000010 0.000156 0.000031 0.000082 0.000000 0.000035
 0.017533 0.000007 0.000012 0.000016 0.000009 0.000128 0.000001 0.261439 0.000001 0.058134 0.000012 0.000031 0.000018 0.000100 0.000010 0.098910 0.000031 0.551956 0.000000 0.011652

MOTIF 7-VAQALG STREME-7
letter-probability matrix: alength= 20 w= 6 nsites= 210 E= 2.8e-005
 0.000098 0.000006 0.000011 0.000014 0.010668 0.000117 0.000001 0.063986 0.000001 0.138663 0.000011 0.000028 0.000017 0.000091 0.000009 0.000143 0.000029 0.786072 0.000000 0.000032
 0.437200 0.000006 0.000011 0.000014 0.000008 0.000117 0.000001 0.000028 0.000001 0.000048 0.005341 0.021348 0.000017 0.124971 0.000009 0.149414 0.042666 0.000075 0.000000 0.218724
 0.066272 0.000006 0.000011 0.000014 0.000008 0.000117 0.000001 0.000028 0.005331 0.000048 0.000011 0.016017 0.000017 0.895841 0.010668 0.000143 0.000029 0.000075 0.000000 0.005362
 0.892633 0.000006 0.000011 0.000014 0.000008 0.000117 0.000001 0.000028 0.000001 0.000048 0.000011 0.106725 0.000017 0.000091 0.000009 0.000143 0.000029 0.000075 0.000000 0.000032
 0.000098 0.000006 0.000011 0.000014 0.000008 0.000117 0.000001 0.032023 0.000001 0.533256 0.156838 0.000028 0.000017 0.000091 0.000009 0.000143 0.000029 0.277275 0.000000 0.000032
 0.234571 0.005336 0.000011 0.000014 0.000008 0.423537 0.000001 0.005358 0.000001 0.000048 0.000011 0.000028 0.005346 0.000091 0.000009 0.218858 0.000029 0.080059 0.000000 0.026684

MOTIF 8-SASSPG STREME-8
letter-probability matrix: alength= 20 w= 6 nsites= 75 E= 7.1e-002
 0.000278 0.000018 0.000032 0.000041 0.000023 0.106121 0.000002 0.000080 0.000003 0.000135 0.000032 0.000080 0.000047 0.000259 0.000026 0.892438 0.000081 0.000212 0.000000 0.000092
 0.741151 0.000018 0.000032 0.000041 0.000023 0.000333 0.000002 0.000080 0.000003 0.000135 0.000032 0.000080 0.000047 0.000259 0.000026 0.181778 0.000081 0.000212 0.000000 0.075666
 0.015386 0.000018 0.000032 0.000041 0.000023 0.000333 0.000002 0.015188 0.000003 0.000135 0.000032 0.287342 0.000047 0.000259 0.000026 0.680747 0.000081 0.000212 0.000000 0.000092
 0.000278 0.000018 0.015141 0.015149 0.000023 0.000333 0.000002 0.000080 0.000003 0.000135 0.000032 0.000080 0.000047 0.090959 0.000026 0.559824 0.257123 0.000212 0.000000 0.060534
 0.000278 0.000018 0.000032 0.000041 0.000023 0.000333 0.000002 0.000080 0.000003 0.000135 0.000032 0.000080 0.997868 0.000259 0.000026 0.000405 0.000081 0.000212 0.000000 0.000092
 0.000278 0.000018 0.000032 0.000041 0.000023 0.998153 0.000002 0.000080 0.000003 0.000135 0.000032 0.000080 0.000047 0.000259 0.000026 0.000405 0.000081 0.000212 0.000000 0.000092

MOTIF 9-QGAGAGAG STREME-9
letter-probability matrix: alength= 20 w= 8 nsites= 122 E= 2.9e-001
 0.000154 0.000010 0.000018 0.000023 0.000013 0.000185 0.000001 0.000045 0.000002 0.000075 0.000018 0.000045 0.000026 0.998932 0.000015 0.000225 0.000045 0.000118 0.000000 0.000051
 0.050572 0.000010 0.000018 0.000023 0.000013 0.881327 0.000001 0.000045 0.000002 0.000075 0.000018 0.000045 0.000026 0.000144 0.016822 0.042244 0.000045 0.008521 0.000000 0.000051
 0.583672 0.000010 0.000018 0.008426 0.000013 0.016991 0.000001 0.016850 0.000002 0.067312 0.000018 0.000045 0.000026 0.000144 0.000015 0.222212 0.025256 0.050535 0.000000 0.008454
 0.252272 0.000010 0.000018 0.000023 0.000013 0.654418 0.000001 0.000045 0.000002 0.000075 0.000018 0.000045 0.000026 0.000144 0.000015 0.092663 0.000045 0.000118 0.000000 0.000051
 0.650916 0.000010 0.000018 0.008426 0.008416 0.008588 0.000001 0.000045 0.000002 0.008478 0.000018 0.000045 0.000026 0.033758 0.000015 0.109471 0.058869 0.112848 0.000000 0.000051
 0.196935 0.000010 0.000018 0.000023 0.000013 0.550089 0.000001 0.008447 0.000002 0.000075 0.000018 0.000045 0.000026 0.000144 0.008418 0.227121 0.008448 0.000118 0.000000 0.000051
 0.763632 0.000010 0.000018 0.000023 0.000013 0.000185 0.000001 0.000045 0.000002 0.033687 0.000018 0.000045 0.000026 0.000144 0.000015 0.109482 0.025256 0.067349 0.000000 0.000051
 0.311096 0.000010 0.000018 0.000023 0.000013 0.561980 0.000001 0.000045 0.000002 0.000075 0.000018 0.000045 0.000026 0.000144 0.000015 0.084260 0.016851 0.000118 0.000000 0.025262

MOTIF 10-RLSSP STREME-10
letter-probability matrix: alength= 20 w= 5 nsites= 91 E= 2.9e-001
 0.000216 0.000014 0.000025 0.000032 0.000018 0.000260 0.000001 0.000062 0.000002 0.000105 0.000025 0.000063 0.000037 0.000202 0.998322 0.000316 0.000063 0.000165 0.000000 0.000071
 0.059094 0.000014 0.000025 0.000032 0.000018 0.012034 0.000001 0.058948 0.000002 0.637147 0.082456 0.011837 0.035367 0.011976 0.000020 0.078954 0.000063 0.000165 0.000000 0.011845
 0.011990 0.000014 0.000025 0.000032 0.000018 0.059132 0.000001 0.000062 0.000002 0.023653 0.000025 0.011837 0.000037 0.035526 0.000020 0.798451 0.035388 0.000165 0.000000 0.023619
 0.094424 0.000014 0.000025 0.000032 0.000018 0.000260 0.000001 0.000062 0.000002 0.000105 0.000025 0.011837 0.000037 0.023752 0.000020 0.833760 0.035388 0.000165 0.000000 0.000071
 0.047318 0.000014 0.000025 0.000032 0.000018 0.106300 0.000001 0.000062 0.000002 0.000105 0.000025 0.000063 0.762769 0.082630 0.000020 0.000316 0.000063 0.000165 0.000000 0.000071

MOTIF 11-QASSRVS STREME-11
letter-probability matrix: alength= 20 w= 7 nsites= 77 E= 2.9e-001
 0.088289 0.000017 0.044041 0.000040 0.000022 0.000323 0.000001 0.000078 0.000003 0.000131 0.000031 0.000078 0.000046 0.748722 0.000026 0.117777 0.000079 0.000206 0.000000 0.000089
 0.866134 0.000017 0.000032 0.000040 0.000022 0.000323 0.000001 0.000078 0.000003 0.000131 0.000031 0.000078 0.000046 0.000251 0.000026 0.059069 0.029416 0.044212 0.000000 0.000089
 0.088286 0.000017 0.000032 0.000040 0.000022 0.132376 0.000001 0.000078 0.000003 0.000131 0.044047 0.014747 0.000046 0.000251 0.000026 0.616841 0.073423 0.029544 0.000000 0.000089
 0.102965 0.000017 0.014700 0.000040 0.000022 0.000323 0.000001 0.000078 0.000003 0.000131 0.000031 0.088098 0.000046 0.000251 0.000026 0.748884 0.029420 0.000206 0.000000 0.014758
 0.000270 0.000017 0.000032 0.000040 0.000022 0.000323 0.000001 0.000078 0.000003 0.000131 0.000031 0.000078 0.000046 0.000251 0.792493 0.000393 0.205495 0.000206 0.000000 0.000089
 0.000270 0.000017 0.000032 0.000040 0.000022 0.000323 0.000001 0.176150 0.000003 0.014800 0.029372 0.000078 0.000046 0.000251 0.000026 0.000393 0.000079 0.778008 0.000000 0.000089
 0.000270 0.000017 0.000032 0.000040 0.000022 0.000323 0.000001 0.000078 0.000003 0.000131 0.000031 0.000078 0.000046 0.058930 0.000026 0.822215 0.117462 0.000206 0.000000 0.000089

MOTIF 12-FSQNM STREME-12
letter-probability matrix: alength= 20 w= 5 nsites= 48 E= 2.9e-001
 0.000523 0.000033 0.000061 0.000077 0.995941 0.000627 0.000003 0.000151 0.000006 0.000254 0.000060 0.000151 0.000089 0.000487 0.000049 0.000763 0.000152 0.000399 0.000001 0.000172
 0.313405 0.000033 0.000061 0.000077 0.000043 0.000627 0.000003 0.085470 0.000006 0.057127 0.000060 0.000151 0.000089 0.000487 0.000049 0.513152 0.028586 0.000399 0.000001 0.000172
 0.000523 0.000033 0.000061 0.028511 0.000043 0.000627 0.000003 0.000151 0.000006 0.028687 0.000060 0.028585 0.000089 0.825766 0.085369 0.000763 0.000152 0.000399 0.000001 0.000172
 0.000523 0.000033 0.000061 0.000077 0.000043 0.000627 0.000003 0.000151 0.000006 0.000254 0.000060 0.654727 0.000089 0.000487 0.000049 0.171389 0.170848 0.000399 0.000001 0.000172
 0.000523 0.000033 0.000061 0.000077 0.000043 0.000627 0.000003 0.000151 0.000006 0.057127 0.910651 0.000151 0.000089 0.000487 0.000049 0.000763 0.000152 0.028833 0.000001 0.000172

MOTIF 13-SMA STREME-13
letter-probability matrix: alength= 20 w= 3 nsites= 58 E= 2.9e-001
 0.011583 0.000736 0.001354 0.001714 0.000964 0.013892 0.000063 0.003340 0.000122 0.005620 0.001334 0.003354 0.001978 0.010801 0.001096 0.925992 0.003374 0.008846 0.000020 0.003818
 0.011583 0.000736 0.001354 0.001714 0.000964 0.013892 0.000063 0.003340 0.000122 0.005620 0.910425 0.003354 0.001978 0.010801 0.001096 0.016901 0.003374 0.008846 0.000020 0.003818
 0.920673 0.000736 0.001354 0.001714 0.000964 0.013892 0.000063 0.003340 0.000122 0.005620 0.001334 0.003354 0.001978 0.010801 0.001096 0.016901 0.003374 0.008846 0.000020 0.003818

MOTIF 14-LSSS STREME-14
letter-probability matrix: alength= 20 w= 4 nsites= 67 E= 3.6e-001
 0.011583 0.000736 0.001354 0.001714 0.000964 0.013892 0.000063 0.003340 0.000122 0.914711 0.001334 0.003354 0.001978 0.010801 0.001096 0.016901 0.003374 0.008846 0.000020 0.003818
 0.011583 0.000736 0.001354 0.001714 0.000964 0.013892 0.000063 0.003340 0.000122 0.005620 0.001334 0.003354 0.001978 0.010801 0.001096 0.925992 0.003374 0.008846 0.000020 0.003818
 0.011583 0.000736 0.001354 0.001714 0.000964 0.013892 0.000063 0.003340 0.000122 0.005620 0.001334 0.003354 0.001978 0.010801 0.001096 0.925992 0.003374 0.008846 0.000020 0.003818
 0.011583 0.000736 0.001354 0.001714 0.000964 0.013892 0.000063 0.003340 0.000122 0.005620 0.001334 0.003354 0.001978 0.010801 0.001096 0.925992 0.003374 0.008846 0.000020 0.003818

MOTIF 15-VNSSAAG STREME-15
letter-probability matrix: alength= 20 w= 7 nsites= 105 E= 5.9e-001
 0.000173 0.000011 0.000020 0.000026 0.000014 0.000208 0.000001 0.065976 0.000002 0.000084 0.000020 0.000050 0.000030 0.000161 0.000016 0.000253 0.000050 0.932848 0.000000 0.000057
 0.000173 0.000011 0.216653 0.000026 0.000014 0.000208 0.000001 0.000050 0.000002 0.000084 0.000020 0.782059 0.000030 0.000161 0.000016 0.000253 0.000050 0.000132 0.000000 0.000057
 0.132031 0.000011 0.000020 0.000026 0.028268 0.000208 0.000001 0.000050 0.000002 0.066012 0.000020 0.000050 0.018866 0.000161 0.000016 0.330132 0.047142 0.084903 0.000000 0.292080
 0.047265 0.000011 0.000020 0.000026 0.000014 0.122652 0.000001 0.000050 0.000002 0.000084 0.000020 0.254372 0.000030 0.000161 0.000016 0.509108 0.000050 0.000132 0.000000 0.065985
 0.377136 0.000011 0.009438 0.000026 0.000014 0.132081 0.000001 0.000050 0.000002 0.018920 0.000020 0.075426 0.000030 0.000161 0.000016 0.292238 0.075403 0.018970 0.000000 0.000057
 0.866954 0.000011 0.000020 0.000026 0.000014 0.000208 0.000001 0.000050 0.000002 0.000084 0.000020 0.000050 0.000030 0.000161 0.000016 0.075603 0.000050 0.056642 0.000000 0.000057
 0.103786 0.000011 0.000020 0.000026 0.000014 0.744540 0.000001 0.000050 0.000002 0.000084 0.000020 0.000050 0.000030 0.000161 0.000016 0.150949 0.000050 0.000132 0.000000 0.000057

MOTIF 16-DFV STREME-16
letter-probability matrix: alength= 20 w= 3 nsites= 63 E= 5.9e-001
 0.000384 0.000024 0.997034 0.000057 0.000032 0.000460 0.000002 0.000111 0.000004 0.000186 0.000044 0.000111 0.000066 0.000358 0.000036 0.000560 0.000112 0.000293 0.000001 0.000126
 0.000384 0.000024 0.000045 0.000057 0.997021 0.000460 0.000002 0.000111 0.000004 0.000186 0.000044 0.000111 0.000066 0.000358 0.000036 0.000560 0.000112 0.000293 0.000001 0.000126
 0.000384 0.000024 0.000045 0.000057 0.000032 0.073063 0.000002 0.083617 0.000004 0.021056 0.000044 0.104505 0.000066 0.000358 0.041780 0.249599 0.000112 0.425127 0.000001 0.000126

MOTIF 17-SSLVSN STREME-17
letter-probability matrix: alength= 20 w= 6 nsites= 55 E= 4.7e+000
 0.000352 0.000022 0.000041 0.000052 0.000029 0.000422 0.000002 0.000102 0.000004 0.057664 0.038365 0.000102 0.000060 0.038653 0.000033 0.806114 0.057596 0.000269 0.000001 0.000116
 0.000352 0.000022 0.000041 0.000052 0.000029 0.172907 0.000002 0.000102 0.000004 0.000171 0.000041 0.345570 0.000060 0.000328 0.000033 0.441472 0.038427 0.000269 0.000001 0.000116
 0.000352 0.000022 0.000041 0.000052 0.000029 0.000422 0.000002 0.000102 0.000004 0.978247 0.000041 0.000102 0.000060 0.000328 0.000033 0.019674 0.000103 0.000269 0.000001 0.000116
 0.000352 0.000022 0.000041 0.000052 0.000029 0.000422 0.000002 0.000102 0.000004 0.000171 0.000041 0.000102 0.000060 0.000328 0.000033 0.000514 0.000103 0.997505 0.000001 0.000116
 0.077019 0.000022 0.000041 0.000052 0.000029 0.000422 0.000002 0.000102 0.000004 0.000171 0.000041 0.000102 0.000060 0.383755 0.000033 0.518497 0.019263 0.000269 0.000001 0.000116
 0.000352 0.000022 0.000041 0.000052 0.000029 0.000422 0.000002 0.019262 0.000004 0.000171 0.000041 0.978178 0.000060 0.000328 0.000033 0.000514 0.000103 0.000269 0.000001 0.000116

MOTIF 18-AAAAGAGQG STREME-18
letter-probability matrix: alength= 20 w= 9 nsites= 45 E= 9.5e+000
 0.883902 0.000026 0.000049 0.000062 0.000035 0.023149 0.000002 0.000120 0.000004 0.000202 0.000048 0.000121 0.000071 0.023038 0.000039 0.068555 0.000121 0.000318 0.000001 0.000137
 0.589441 0.000026 0.022698 0.000062 0.000035 0.362909 0.000002 0.000120 0.000004 0.000202 0.000048 0.000121 0.000071 0.000388 0.000039 0.000607 0.022771 0.000318 0.000001 0.000137
 0.951850 0.000026 0.000049 0.000062 0.000035 0.000499 0.000002 0.000120 0.000004 0.000202 0.000048 0.000121 0.000071 0.000388 0.000039 0.023257 0.000121 0.022967 0.000001 0.000137
 0.544040 0.000026 0.000049 0.000062 0.000035 0.385660 0.000002 0.000120 0.000004 0.000202 0.000048 0.000121 0.000071 0.000388 0.000039 0.023257 0.022771 0.022967 0.000001 0.000137
 0.249579 0.000026 0.022698 0.000062 0.000035 0.702770 0.000002 0.000120 0.000004 0.000202 0.000048 0.000121 0.000071 0.000388 0.000039 0.023257 0.000121 0.000318 0.000001 0.000137
 0.680028 0.000026 0.000049 0.000062 0.000035 0.159060 0.000002 0.000120 0.000004 0.000202 0.000048 0.022770 0.000071 0.000388 0.000039 0.000607 0.000121 0.136229 0.000001 0.000137
 0.023066 0.000026 0.022698 0.000062 0.000035 0.929284 0.000002 0.000120 0.000004 0.000202 0.000048 0.000121 0.000071 0.000388 0.022689 0.000607 0.000121 0.000318 0.000001 0.000137
 0.000416 0.000026 0.000049 0.000062 0.000035 0.000499 0.000002 0.000120 0.000004 0.000202 0.000048 0.000121 0.000071 0.997121 0.000039 0.000607 0.000121 0.000318 0.000001 0.000137
 0.000416 0.000026 0.000049 0.000062 0.000035 0.838676 0.000002 0.000120 0.022654 0.000202 0.000048 0.000121 0.000071 0.000388 0.000039 0.068561 0.000121 0.068271 0.000001 0.000137

MOTIF 19-TISN STREME-19
letter-probability matrix: alength= 20 w= 4 nsites= 69 E= 1.5e+001
 0.000405 0.000026 0.000047 0.000060 0.000034 0.000486 0.000002 0.000117 0.000004 0.000197 0.000047 0.000117 0.000069 0.000378 0.000038 0.000592 0.996936 0.000310 0.000001 0.000134
 0.000405 0.000026 0.000047 0.000060 0.000034 0.000486 0.000002 0.996934 0.000004 0.000197 0.000047 0.000117 0.000069 0.000378 0.000038 0.000592 0.000118 0.000310 0.000001 0.000134
 0.000405 0.000026 0.000047 0.000060 0.000034 0.164237 0.000002 0.022176 0.000004 0.000197 0.000047 0.044240 0.000069 0.004626 0.000038 0.763229 0.000118 0.000310 0.000001 0.000134
 0.000405 0.000026 0.000047 0.000060 0.000034 0.000486 0.000002 0.000117 0.000004 0.000197 0.000047 0.491160 0.000069 0.088666 0.000038 0.418078 0.000118 0.000310 0.000001 0.000134

********************************************************************************
Stopped because 3 consecutive motifs exceeded the p-value threshold (0.05).
********************************************************************************
COMMAND:	streme --protein --p ./Data/v0_cluster_windows_15mers/cluster_5.fasta --minw 3 --maxw 15 --thresh 0.05 --oc ./Results/v0_Parallel_Run_20250503_171149/streme_out_cluster_5
********************************************************************************
CPU:		Hirokis-MacBook-Air.local
********************************************************************************
FINALTIME:	74.79 seconds
********************************************************************************
