********************************************************************************
STREME - Sensitive, Thorough, Rapid, Enriched Motif Elicitation
********************************************************************************
MEME version 5.5.7 (Release date: Wed Jun 19 13:59:04 2024 -0700)

For further information on how to interpret these results please access https://meme-suite.org/meme.
To get a copy of the MEME Suite software please access https://meme-suite.org.

********************************************************************************


********************************************************************************
REFERENCE
********************************************************************************
If you use this program in your research, please cite:

Timothy L. Bailey,
"STREME: accurate and versatile sequence motif discovery",
Bioinformatics, Mar. 24, 2021.
********************************************************************************


ALPHABET= ACDEFGHIKLMNPQRSTVWY

strands: +

Background letter frequencies
A 0.217 C 4.32e-05 D 4.32e-05 E 4.32e-05 F 0.0121 G 0.195 H 4.32e-05 I 0.0641 K 4.32e-05 L 0.0035 M 0.0035 N 0.0649 P 4.32e-05 Q 4.32e-05 R 0.0666 S 0.221 T 0.0191 V 0.133 W 4.32e-05 Y 4.32e-05 

MOTIF 1-RVSSNVGAIASGGAA STREME-1
letter-probability matrix: alength= 20 w= 15 nsites= 77 E= 5.8e-004
 0.019745 0.000004 0.000004 0.000004 0.001104 0.017699 0.000004 0.005823 0.000004 0.000318 0.000318 0.005902 0.000004 0.000004 0.915150 0.020054 0.001734 0.012118 0.000004 0.000004
 0.019745 0.000004 0.000004 0.000004 0.001104 0.017699 0.000004 0.005823 0.000004 0.000318 0.000318 0.005902 0.000004 0.000004 0.006059 0.020054 0.001734 0.921209 0.000004 0.000004
 0.019745 0.000004 0.000004 0.000004 0.001104 0.017699 0.000004 0.005823 0.000004 0.000318 0.000318 0.005902 0.000004 0.000004 0.006059 0.929145 0.001734 0.012118 0.000004 0.000004
 0.019745 0.000004 0.000004 0.000004 0.001104 0.017699 0.000004 0.005823 0.000004 0.000318 0.000318 0.005902 0.000004 0.000004 0.006059 0.929145 0.001734 0.012118 0.000004 0.000004
 0.019745 0.000004 0.000004 0.000004 0.001104 0.017699 0.000004 0.005823 0.000004 0.000318 0.000318 0.914992 0.000004 0.000004 0.006059 0.020054 0.001734 0.012118 0.000004 0.000004
 0.019745 0.000004 0.000004 0.000004 0.001104 0.017699 0.000004 0.005823 0.000004 0.000318 0.000318 0.005902 0.000004 0.000004 0.006059 0.020054 0.001734 0.921209 0.000004 0.000004
 0.019745 0.000004 0.000004 0.000004 0.001104 0.926790 0.000004 0.005823 0.000004 0.000318 0.000318 0.005902 0.000004 0.000004 0.006059 0.020054 0.001734 0.012118 0.000004 0.000004
 0.928835 0.000004 0.000004 0.000004 0.001104 0.017699 0.000004 0.005823 0.000004 0.000318 0.000318 0.005902 0.000004 0.000004 0.006059 0.020054 0.001734 0.012118 0.000004 0.000004
 0.019745 0.000004 0.000004 0.000004 0.001104 0.017699 0.000004 0.914914 0.000004 0.000318 0.000318 0.005902 0.000004 0.000004 0.006059 0.020054 0.001734 0.012118 0.000004 0.000004
 0.928835 0.000004 0.000004 0.000004 0.001104 0.017699 0.000004 0.005823 0.000004 0.000318 0.000318 0.005902 0.000004 0.000004 0.006059 0.020054 0.001734 0.012118 0.000004 0.000004
 0.019745 0.000004 0.000004 0.000004 0.001104 0.017699 0.000004 0.005823 0.000004 0.000318 0.000318 0.005902 0.000004 0.000004 0.006059 0.929145 0.001734 0.012118 0.000004 0.000004
 0.019745 0.000004 0.000004 0.000004 0.001104 0.926790 0.000004 0.005823 0.000004 0.000318 0.000318 0.005902 0.000004 0.000004 0.006059 0.020054 0.001734 0.012118 0.000004 0.000004
 0.019745 0.000004 0.000004 0.000004 0.001104 0.926790 0.000004 0.005823 0.000004 0.000318 0.000318 0.005902 0.000004 0.000004 0.006059 0.020054 0.001734 0.012118 0.000004 0.000004
 0.928835 0.000004 0.000004 0.000004 0.001104 0.017699 0.000004 0.005823 0.000004 0.000318 0.000318 0.005902 0.000004 0.000004 0.006059 0.020054 0.001734 0.012118 0.000004 0.000004
 0.928835 0.000004 0.000004 0.000004 0.001104 0.017699 0.000004 0.005823 0.000004 0.000318 0.000318 0.005902 0.000004 0.000004 0.006059 0.020054 0.001734 0.012118 0.000004 0.000004

MOTIF 2-AAS STREME-2
letter-probability matrix: alength= 20 w= 3 nsites= 1 E= 2.0e+000
 0.928835 0.000004 0.000004 0.000004 0.001104 0.017699 0.000004 0.005823 0.000004 0.000318 0.000318 0.005902 0.000004 0.000004 0.006059 0.020054 0.001734 0.012118 0.000004 0.000004
 0.928835 0.000004 0.000004 0.000004 0.001104 0.017699 0.000004 0.005823 0.000004 0.000318 0.000318 0.005902 0.000004 0.000004 0.006059 0.020054 0.001734 0.012118 0.000004 0.000004
 0.019745 0.000004 0.000004 0.000004 0.001104 0.017699 0.000004 0.005823 0.000004 0.000318 0.000318 0.005902 0.000004 0.000004 0.006059 0.929145 0.001734 0.012118 0.000004 0.000004

********************************************************************************
Stopped because the next motif had no positive sites with scores > 0.
********************************************************************************
COMMAND:	streme --protein --p ./Data/v1_cluster_windows_15mers/cluster_9813.fasta --minw 3 --maxw 15 --thresh 0.05 --oc ./Results/v1_Top500_Run_20250504_162200/streme_out_cluster_9813
********************************************************************************
CPU:		Hirokis-MacBook-Air.local
********************************************************************************
FINALTIME:	0.14 seconds
********************************************************************************
