********************************************************************************
STREME - Sensitive, Thorough, Rapid, Enriched Motif Elicitation
********************************************************************************
MEME version 5.5.7 (Release date: Wed Jun 19 13:59:04 2024 -0700)

For further information on how to interpret these results please access https://meme-suite.org/meme.
To get a copy of the MEME Suite software please access https://meme-suite.org.

********************************************************************************


********************************************************************************
REFERENCE
********************************************************************************
If you use this program in your research, please cite:

Timothy L. Bailey,
"STREME: accurate and versatile sequence motif discovery",
Bioinformatics, Mar. 24, 2021.
********************************************************************************


ALPHABET= ACDEFGHIKLMNPQRSTVWY

strands: +

Background letter frequencies
A 0.403 C 7.92e-05 D 0.00483 E 0.00642 F 7.92e-05 G 0.292 H 7.92e-05 I 7.92e-05 K 7.92e-05 L 0.0175 M 7.92e-05 N 7.92e-05 P 7.92e-05 Q 0.0112 R 0.008 S 0.222 T 0.0112 V 0.0175 W 7.92e-05 Y 0.00642 

MOTIF 1-SGASAAAAAVG STREME-1
letter-probability matrix: alength= 20 w= 11 nsites= 42 S= 6.0e-025
 0.036602 0.000007 0.000439 0.000583 0.000007 0.026520 0.000007 0.000007 0.000007 0.001592 0.000007 0.000007 0.000007 0.001016 0.000728 0.929265 0.001016 0.001592 0.000007 0.000583
 0.036602 0.000007 0.000439 0.000583 0.000007 0.935611 0.000007 0.000007 0.000007 0.001592 0.000007 0.000007 0.000007 0.001016 0.000728 0.020174 0.001016 0.001592 0.000007 0.000583
 0.945693 0.000007 0.000439 0.000583 0.000007 0.026520 0.000007 0.000007 0.000007 0.001592 0.000007 0.000007 0.000007 0.001016 0.000728 0.020174 0.001016 0.001592 0.000007 0.000583
 0.036602 0.000007 0.000439 0.000583 0.000007 0.026520 0.000007 0.000007 0.000007 0.001592 0.000007 0.000007 0.000007 0.001016 0.000728 0.929265 0.001016 0.001592 0.000007 0.000583
 0.945693 0.000007 0.000439 0.000583 0.000007 0.026520 0.000007 0.000007 0.000007 0.001592 0.000007 0.000007 0.000007 0.001016 0.000728 0.020174 0.001016 0.001592 0.000007 0.000583
 0.945693 0.000007 0.000439 0.000583 0.000007 0.026520 0.000007 0.000007 0.000007 0.001592 0.000007 0.000007 0.000007 0.001016 0.000728 0.020174 0.001016 0.001592 0.000007 0.000583
 0.945693 0.000007 0.000439 0.000583 0.000007 0.026520 0.000007 0.000007 0.000007 0.001592 0.000007 0.000007 0.000007 0.001016 0.000728 0.020174 0.001016 0.001592 0.000007 0.000583
 0.945693 0.000007 0.000439 0.000583 0.000007 0.026520 0.000007 0.000007 0.000007 0.001592 0.000007 0.000007 0.000007 0.001016 0.000728 0.020174 0.001016 0.001592 0.000007 0.000583
 0.945693 0.000007 0.000439 0.000583 0.000007 0.026520 0.000007 0.000007 0.000007 0.001592 0.000007 0.000007 0.000007 0.001016 0.000728 0.020174 0.001016 0.001592 0.000007 0.000583
 0.036602 0.000007 0.000439 0.000583 0.000007 0.026520 0.000007 0.000007 0.000007 0.001592 0.000007 0.000007 0.000007 0.001016 0.000728 0.020174 0.001016 0.910683 0.000007 0.000583
 0.036602 0.000007 0.000439 0.000583 0.000007 0.935611 0.000007 0.000007 0.000007 0.001592 0.000007 0.000007 0.000007 0.001016 0.000728 0.020174 0.001016 0.001592 0.000007 0.000583

MOTIF 2-SGQ STREME-2
letter-probability matrix: alength= 20 w= 3 nsites= 7 S= 6.0e-003
 0.036602 0.000007 0.000439 0.000583 0.000007 0.026520 0.000007 0.000007 0.000007 0.001592 0.000007 0.000007 0.000007 0.001016 0.000728 0.929265 0.001016 0.001592 0.000007 0.000583
 0.036602 0.000007 0.000439 0.000583 0.000007 0.935611 0.000007 0.000007 0.000007 0.001592 0.000007 0.000007 0.000007 0.001016 0.000728 0.020174 0.001016 0.001592 0.000007 0.000583
 0.036602 0.000007 0.000439 0.000583 0.000007 0.026520 0.000007 0.000007 0.000007 0.001592 0.000007 0.000007 0.000007 0.910106 0.000728 0.020174 0.001016 0.001592 0.000007 0.000583

MOTIF 3-LGG STREME-3
letter-probability matrix: alength= 20 w= 3 nsites= 10 S= 1.3e-002
 0.036602 0.000007 0.000439 0.000583 0.000007 0.026520 0.000007 0.000007 0.000007 0.910683 0.000007 0.000007 0.000007 0.001016 0.000728 0.020174 0.001016 0.001592 0.000007 0.000583
 0.036602 0.000007 0.000439 0.000583 0.000007 0.935611 0.000007 0.000007 0.000007 0.001592 0.000007 0.000007 0.000007 0.001016 0.000728 0.020174 0.001016 0.001592 0.000007 0.000583
 0.036602 0.000007 0.000439 0.000583 0.000007 0.935611 0.000007 0.000007 0.000007 0.001592 0.000007 0.000007 0.000007 0.001016 0.000728 0.020174 0.001016 0.001592 0.000007 0.000583

MOTIF 4-SGS STREME-4
letter-probability matrix: alength= 20 w= 3 nsites= 10 S= 1.3e-001
 0.036602 0.000007 0.000439 0.000583 0.000007 0.026520 0.000007 0.000007 0.000007 0.001592 0.000007 0.000007 0.000007 0.001016 0.000728 0.929265 0.001016 0.001592 0.000007 0.000583
 0.036602 0.000007 0.000439 0.000583 0.000007 0.935611 0.000007 0.000007 0.000007 0.001592 0.000007 0.000007 0.000007 0.001016 0.000728 0.020174 0.001016 0.001592 0.000007 0.000583
 0.036602 0.000007 0.000439 0.000583 0.000007 0.026520 0.000007 0.000007 0.000007 0.001592 0.000007 0.000007 0.000007 0.001016 0.000728 0.929265 0.001016 0.001592 0.000007 0.000583

MOTIF 5-GSL STREME-5
letter-probability matrix: alength= 20 w= 3 nsites= 1 S= 5.0e-001
 0.050763 0.000010 0.000610 0.000809 0.000010 0.910700 0.000010 0.000010 0.000010 0.002208 0.000010 0.000010 0.000010 0.001408 0.001009 0.027979 0.001408 0.002208 0.000010 0.000809
 0.050763 0.000010 0.000610 0.000809 0.000010 0.036780 0.000010 0.000010 0.000010 0.002208 0.000010 0.000010 0.000010 0.001408 0.001009 0.901899 0.001408 0.002208 0.000010 0.000809
 0.050763 0.000010 0.000610 0.000809 0.000010 0.036780 0.000010 0.000010 0.000010 0.876128 0.000010 0.000010 0.000010 0.001408 0.001009 0.027979 0.001408 0.002208 0.000010 0.000809

********************************************************************************
Stopped because maximum number of motifs (5) reached.
********************************************************************************
COMMAND:	streme --protein --p ./Data/v1_cluster_windows_15mers/cluster_17355.fasta --minw 3 --maxw 15 --thresh 0.05 --oc ./Results/v1_Top500_Run_20250504_162200/streme_out_cluster_17355
********************************************************************************
CPU:		Hirokis-MacBook-Air.local
********************************************************************************
FINALTIME:	0.21 seconds
********************************************************************************
