********************************************************************************
STREME - Sensitive, Thorough, Rapid, Enriched Motif Elicitation
********************************************************************************
MEME version 5.5.7 (Release date: Wed Jun 19 13:59:04 2024 -0700)

For further information on how to interpret these results please access https://meme-suite.org/meme.
To get a copy of the MEME Suite software please access https://meme-suite.org.

********************************************************************************


********************************************************************************
REFERENCE
********************************************************************************
If you use this program in your research, please cite:

Timothy L. Bailey,
"STREME: accurate and versatile sequence motif discovery",
Bioinformatics, Mar. 24, 2021.
********************************************************************************


ALPHABET= ACDEFGHIKLMNPQRSTVWY

strands: +

Background letter frequencies
A 0.234 C 7.77e-05 D 0.00704 E 0.00456 F 0.00532 G 0.393 H 0.000112 I 0.00587 K 0.000731 L 0.0117 M 0.000937 N 0.00593 P 0.0314 Q 0.0566 R 0.0145 S 0.116 T 0.0217 V 0.0249 W 0.000189 Y 0.066 

MOTIF 1-GYGQGAG STREME-1
letter-probability matrix: alength= 20 w= 7 nsites= 4572 E= 5.1e-091
 0.000009 0.000000 0.002437 0.004062 0.004332 0.885903 0.000000 0.000000 0.000000 0.003400 0.000000 0.000542 0.040627 0.020581 0.009205 0.018881 0.001354 0.008665 0.000000 0.000003
 0.198015 0.000000 0.000000 0.000000 0.034915 0.000015 0.000000 0.007310 0.000000 0.004986 0.000000 0.014891 0.000001 0.043606 0.000001 0.061225 0.012156 0.018397 0.000000 0.604481
 0.000009 0.000000 0.008393 0.002437 0.000000 0.936445 0.000000 0.000271 0.000000 0.000000 0.000000 0.003519 0.000001 0.000002 0.005415 0.037976 0.000001 0.005528 0.000000 0.000003
 0.175223 0.000000 0.004754 0.008990 0.003249 0.051295 0.000000 0.014327 0.004332 0.019066 0.003790 0.000542 0.194042 0.297419 0.034139 0.109800 0.043887 0.035142 0.000000 0.000003
 0.018234 0.000000 0.007309 0.003249 0.000000 0.866541 0.000000 0.000000 0.000000 0.000813 0.000000 0.000000 0.000001 0.013592 0.008381 0.051402 0.008664 0.021811 0.000000 0.000003
 0.357312 0.000000 0.009659 0.002978 0.001624 0.136030 0.000000 0.008664 0.000000 0.041816 0.001895 0.000000 0.016365 0.068944 0.026264 0.192305 0.038897 0.044561 0.000000 0.052684
 0.052121 0.000000 0.005956 0.004332 0.006550 0.590648 0.000000 0.004603 0.000000 0.034123 0.000000 0.000000 0.000001 0.070235 0.017096 0.110329 0.006227 0.010560 0.000000 0.087219

MOTIF 2-AAAAA STREME-2
letter-probability matrix: alength= 20 w= 5 nsites= 1514 E= 2.4e-014
 0.748053 0.000000 0.001659 0.005041 0.002347 0.000094 0.000000 0.000001 0.000000 0.000003 0.000000 0.013950 0.000008 0.000014 0.000691 0.198866 0.029250 0.000006 0.000000 0.000016
 0.571224 0.000000 0.004974 0.000001 0.000001 0.000094 0.000000 0.000897 0.000000 0.000003 0.000000 0.000830 0.000008 0.000014 0.009663 0.363072 0.036383 0.012819 0.000000 0.000016
 0.954044 0.000000 0.000002 0.006631 0.000001 0.000094 0.000000 0.000001 0.000000 0.000003 0.000000 0.000001 0.000008 0.000014 0.000003 0.000028 0.000005 0.039149 0.000000 0.000016
 0.748508 0.000000 0.000002 0.000001 0.000001 0.000094 0.000000 0.000001 0.000000 0.000003 0.000000 0.000001 0.000008 0.000014 0.000003 0.154964 0.028672 0.067711 0.000000 0.000016
 0.707145 0.000000 0.006080 0.001659 0.000001 0.000094 0.000000 0.000001 0.000000 0.000003 0.000000 0.006951 0.000008 0.000014 0.000003 0.126263 0.057050 0.094713 0.000000 0.000016

MOTIF 3-GQGGYG STREME-3
letter-probability matrix: alength= 20 w= 6 nsites= 1033 E= 1.1e-008
 0.000046 0.000000 0.000001 0.023168 0.000001 0.949748 0.000000 0.000001 0.000000 0.000002 0.000000 0.000001 0.000006 0.009550 0.000568 0.009505 0.003295 0.004093 0.000000 0.000013
 0.131633 0.000000 0.012266 0.000001 0.008179 0.000077 0.000000 0.005013 0.000000 0.096620 0.000000 0.024532 0.278293 0.356935 0.062213 0.010925 0.008943 0.004356 0.000000 0.000013
 0.001409 0.000000 0.000001 0.000001 0.000001 0.783590 0.000000 0.000001 0.002725 0.000002 0.000000 0.000001 0.000006 0.057454 0.036800 0.117985 0.000004 0.000005 0.000000 0.000013
 0.000046 0.000000 0.000001 0.000001 0.005452 0.914340 0.000000 0.000001 0.000000 0.000002 0.000000 0.002727 0.077370 0.000011 0.000003 0.000023 0.000004 0.000005 0.000000 0.000013
 0.000046 0.000000 0.034078 0.000001 0.006360 0.000077 0.000000 0.003463 0.008177 0.085477 0.002726 0.000001 0.199513 0.067010 0.001365 0.043732 0.000004 0.000005 0.000000 0.547965
 0.000046 0.000000 0.000001 0.025894 0.000001 0.932986 0.000000 0.000001 0.000000 0.000002 0.000000 0.000001 0.000006 0.000011 0.000003 0.028759 0.000004 0.012269 0.000000 0.000013

MOTIF 4-YGQ STREME-4
letter-probability matrix: alength= 20 w= 3 nsites= 327 E= 5.9e-002
 0.021236 0.000007 0.000640 0.000415 0.000483 0.035699 0.000010 0.000533 0.000066 0.001066 0.000085 0.000539 0.002855 0.005146 0.001319 0.010554 0.001977 0.002263 0.000017 0.915087
 0.021236 0.000007 0.000640 0.000415 0.000483 0.944790 0.000010 0.000533 0.000066 0.001066 0.000085 0.000539 0.002855 0.005146 0.001319 0.010554 0.001977 0.002263 0.000017 0.005996
 0.021236 0.000007 0.000640 0.000415 0.000483 0.035699 0.000010 0.000533 0.000066 0.001066 0.000085 0.000539 0.002855 0.914237 0.001319 0.010554 0.001977 0.002263 0.000017 0.005996

MOTIF 5-GGYGP STREME-5
letter-probability matrix: alength= 20 w= 5 nsites= 87 E= 1.5e-001
 0.083584 0.000000 0.000013 0.000008 0.000010 0.839088 0.000000 0.012687 0.000001 0.038055 0.000002 0.000011 0.012734 0.000104 0.012703 0.000793 0.000040 0.000046 0.000000 0.000121
 0.306309 0.000000 0.000013 0.025363 0.025364 0.432568 0.000000 0.000011 0.000001 0.038055 0.000002 0.000011 0.111972 0.035487 0.000027 0.024610 0.000040 0.000046 0.000000 0.000121
 0.000427 0.000000 0.000013 0.000008 0.000010 0.000718 0.000000 0.000011 0.000001 0.000021 0.000002 0.000011 0.000057 0.000104 0.000027 0.000212 0.000040 0.000046 0.000000 0.998292
 0.000427 0.000000 0.000013 0.000008 0.000010 0.960855 0.000000 0.000011 0.000001 0.000021 0.000002 0.000011 0.000057 0.000104 0.000027 0.000212 0.000040 0.038079 0.000000 0.000121
 0.000427 0.000000 0.000013 0.000008 0.000010 0.000718 0.000000 0.000011 0.000001 0.000021 0.000002 0.000011 0.998229 0.000104 0.000027 0.000212 0.000040 0.000046 0.000000 0.000121

MOTIF 6-SILS STREME-6
letter-probability matrix: alength= 20 w= 4 nsites= 63 E= 3.1e-001
 0.000470 0.000000 0.000014 0.264789 0.000011 0.000789 0.000000 0.000012 0.000001 0.013958 0.000002 0.320542 0.000063 0.000114 0.013964 0.385044 0.000044 0.000050 0.000000 0.000133
 0.000470 0.000000 0.000014 0.000009 0.000011 0.000789 0.000000 0.404176 0.000001 0.000024 0.000002 0.083622 0.000063 0.000114 0.384825 0.042038 0.083658 0.000050 0.000000 0.000133
 0.000470 0.000000 0.000014 0.000009 0.055751 0.000789 0.000000 0.145157 0.000001 0.418149 0.000002 0.000012 0.000063 0.014048 0.000029 0.000233 0.000044 0.365094 0.000000 0.000133
 0.014404 0.000000 0.000014 0.041817 0.000011 0.000789 0.000000 0.000012 0.000001 0.000024 0.000002 0.000012 0.000063 0.000114 0.000029 0.797315 0.131276 0.000050 0.000000 0.014067

MOTIF 7-AGAGAAAGAGAGAGG STREME-7
letter-probability matrix: alength= 20 w= 15 nsites= 53 E= 3.1e-001
 0.824233 0.000000 0.000022 0.000014 0.000017 0.001228 0.000000 0.000018 0.000002 0.000037 0.000003 0.000019 0.000098 0.021848 0.000045 0.000363 0.043410 0.000078 0.000001 0.108564
 0.000730 0.000000 0.000022 0.000014 0.000017 0.976430 0.000000 0.000018 0.000002 0.000037 0.000003 0.000019 0.000098 0.000177 0.000045 0.022034 0.000068 0.000078 0.000001 0.000206
 0.932591 0.000000 0.000022 0.000014 0.000017 0.001228 0.000000 0.000018 0.000002 0.000037 0.000003 0.000019 0.000098 0.000177 0.000045 0.065376 0.000068 0.000078 0.000001 0.000206
 0.000730 0.000000 0.000022 0.000014 0.000017 0.976430 0.000000 0.000018 0.000002 0.000037 0.000003 0.000019 0.000098 0.000177 0.000045 0.000363 0.000068 0.021749 0.000001 0.000206
 0.867575 0.000000 0.000022 0.000014 0.000017 0.001228 0.000000 0.000018 0.000002 0.000037 0.000003 0.000019 0.000098 0.000177 0.000045 0.130392 0.000068 0.000078 0.000001 0.000206
 0.802564 0.000000 0.000022 0.000014 0.000017 0.001228 0.000000 0.000018 0.000002 0.000037 0.000003 0.000019 0.000098 0.000177 0.021716 0.173732 0.000068 0.000078 0.000001 0.000206
 0.737549 0.000000 0.000022 0.000014 0.000017 0.044570 0.000000 0.000018 0.000002 0.000037 0.000003 0.000019 0.000098 0.000177 0.000045 0.173734 0.043410 0.000078 0.000001 0.000206
 0.000730 0.000000 0.000022 0.000014 0.000017 0.998101 0.000000 0.000018 0.000002 0.000037 0.000003 0.000019 0.000098 0.000177 0.000045 0.000363 0.000068 0.000078 0.000001 0.000206
 0.694209 0.000000 0.000022 0.000014 0.000017 0.022899 0.000000 0.000018 0.000002 0.000037 0.000003 0.000019 0.000098 0.000177 0.000045 0.238745 0.000068 0.043420 0.000001 0.000206
 0.325796 0.000000 0.000022 0.000014 0.021688 0.456325 0.000000 0.000018 0.000002 0.000037 0.000003 0.000019 0.000098 0.000177 0.000045 0.065376 0.000068 0.000078 0.000001 0.130233
 0.715878 0.000000 0.000022 0.000014 0.000017 0.087912 0.000000 0.000018 0.000002 0.000037 0.000003 0.000019 0.000098 0.000177 0.000045 0.173734 0.000068 0.021749 0.000001 0.000206
 0.174099 0.000000 0.000022 0.000014 0.000017 0.586349 0.000000 0.000018 0.000002 0.000037 0.000003 0.000019 0.000098 0.000177 0.000045 0.130389 0.000068 0.021749 0.000001 0.086893
 0.434154 0.000000 0.000022 0.000014 0.000017 0.326294 0.000000 0.000018 0.000002 0.000037 0.000003 0.021690 0.000098 0.000177 0.000045 0.195405 0.021739 0.000078 0.000001 0.000206
 0.174101 0.000000 0.000022 0.000014 0.000017 0.304625 0.000000 0.000018 0.000002 0.000037 0.000003 0.000019 0.000098 0.108532 0.000045 0.065376 0.043410 0.216788 0.000001 0.086890
 0.282456 0.000000 0.000022 0.000014 0.000017 0.304623 0.000000 0.000018 0.000002 0.000037 0.000003 0.130045 0.000098 0.000177 0.000045 0.152063 0.000068 0.043420 0.000001 0.086890

MOTIF 8-PSGP STREME-8
letter-probability matrix: alength= 20 w= 4 nsites= 66 E= 1.4e+000
 0.021236 0.000007 0.000640 0.000415 0.000483 0.035699 0.000010 0.000533 0.000066 0.001066 0.000085 0.000539 0.911945 0.005146 0.001319 0.010554 0.001977 0.002263 0.000017 0.005996
 0.021236 0.000007 0.000640 0.000415 0.000483 0.035699 0.000010 0.000533 0.000066 0.001066 0.000085 0.000539 0.002855 0.005146 0.001319 0.919645 0.001977 0.002263 0.000017 0.005996
 0.021236 0.000007 0.000640 0.000415 0.000483 0.944790 0.000010 0.000533 0.000066 0.001066 0.000085 0.000539 0.002855 0.005146 0.001319 0.010554 0.001977 0.002263 0.000017 0.005996
 0.021236 0.000007 0.000640 0.000415 0.000483 0.035699 0.000010 0.000533 0.000066 0.001066 0.000085 0.000539 0.911945 0.005146 0.001319 0.010554 0.001977 0.002263 0.000017 0.005996

MOTIF 9-PGSQGP STREME-9
letter-probability matrix: alength= 20 w= 6 nsites= 59 E= 2.5e+000
 0.000560 0.000000 0.000017 0.000011 0.000013 0.000942 0.000000 0.000014 0.000002 0.000028 0.000002 0.000014 0.964411 0.000136 0.000035 0.000279 0.000052 0.000060 0.000000 0.033423
 0.000560 0.000000 0.000017 0.016643 0.000013 0.875216 0.000000 0.000014 0.000002 0.000028 0.000002 0.000014 0.000075 0.000136 0.033298 0.066808 0.000052 0.006962 0.000000 0.000158
 0.050463 0.000000 0.000017 0.000011 0.000013 0.026567 0.000000 0.000014 0.000002 0.000028 0.000002 0.000014 0.000075 0.000136 0.000035 0.805913 0.000052 0.000060 0.000000 0.116598
 0.000560 0.000000 0.000017 0.000011 0.000013 0.000942 0.000000 0.000014 0.000002 0.000028 0.049902 0.000014 0.000075 0.631775 0.016666 0.183269 0.000052 0.000060 0.000000 0.116598
 0.017192 0.000000 0.000017 0.000011 0.000013 0.915382 0.000000 0.000014 0.000002 0.000028 0.000002 0.000014 0.000075 0.000136 0.016667 0.016910 0.000052 0.033325 0.000000 0.000158
 0.000560 0.000000 0.000017 0.000011 0.000013 0.000942 0.000000 0.000014 0.000002 0.000028 0.000002 0.000014 0.997676 0.000136 0.000035 0.000279 0.000052 0.000060 0.000000 0.000158

MOTIF 10-GSGAGAGAAAGAGA STREME-10
letter-probability matrix: alength= 20 w= 14 nsites= 33 E= 5.0e+000
 0.097407 0.000000 0.000033 0.000021 0.000025 0.900862 0.000001 0.000027 0.000003 0.000054 0.000004 0.000027 0.000145 0.000262 0.000067 0.000538 0.000101 0.000115 0.000001 0.000306
 0.033190 0.000000 0.000033 0.096346 0.000025 0.001819 0.000001 0.000027 0.096332 0.032163 0.000004 0.000027 0.000145 0.000262 0.032176 0.514274 0.192754 0.000115 0.000001 0.000306
 0.033190 0.000000 0.000033 0.000021 0.000025 0.868750 0.000001 0.000027 0.000003 0.000054 0.000004 0.000027 0.000145 0.000262 0.000067 0.000538 0.000101 0.096444 0.000001 0.000306
 0.964342 0.000000 0.000033 0.000021 0.000025 0.001819 0.000001 0.000027 0.000003 0.000054 0.000004 0.000027 0.000145 0.000262 0.000067 0.000538 0.032209 0.000115 0.000001 0.000306
 0.001082 0.000000 0.000033 0.000021 0.000025 0.997187 0.000001 0.000027 0.000003 0.000054 0.000004 0.000027 0.000145 0.000262 0.000067 0.000538 0.000101 0.000115 0.000001 0.000306
 0.868017 0.000000 0.000033 0.000021 0.000025 0.001819 0.000001 0.000027 0.032112 0.000054 0.000004 0.000027 0.000145 0.000262 0.000067 0.096863 0.000101 0.000115 0.000001 0.000306
 0.033190 0.000000 0.000033 0.000021 0.000025 0.965078 0.000001 0.000027 0.000003 0.000054 0.000004 0.000027 0.000145 0.000262 0.000067 0.000538 0.000101 0.000115 0.000001 0.000306
 0.611140 0.000000 0.000033 0.000021 0.000025 0.258696 0.000001 0.000027 0.000003 0.000054 0.000004 0.000027 0.000145 0.000262 0.000067 0.064754 0.000101 0.064332 0.000001 0.000306
 0.932233 0.000000 0.000033 0.000021 0.000025 0.001819 0.000001 0.000027 0.000003 0.000054 0.000004 0.000027 0.000145 0.000262 0.032176 0.032646 0.000101 0.000115 0.000001 0.000306
 0.643258 0.000000 0.000033 0.000021 0.000025 0.162361 0.000001 0.000027 0.000003 0.000054 0.000004 0.000027 0.000145 0.000262 0.000067 0.096863 0.000101 0.096440 0.000001 0.000306
 0.290060 0.000000 0.000033 0.000021 0.000025 0.483447 0.000001 0.000027 0.000003 0.000054 0.000004 0.000027 0.000145 0.000262 0.000067 0.225299 0.000101 0.000115 0.000001 0.000306
 0.482710 0.000000 0.000033 0.032129 0.000025 0.258689 0.000001 0.000027 0.000003 0.000054 0.000004 0.000027 0.000145 0.000262 0.000067 0.161083 0.000101 0.064332 0.000001 0.000306
 0.290060 0.000000 0.000033 0.000021 0.000025 0.643992 0.000001 0.000027 0.000003 0.000054 0.000004 0.000027 0.000145 0.000262 0.000067 0.032646 0.000101 0.000115 0.000001 0.032414
 0.418494 0.000000 0.000033 0.000021 0.000025 0.130256 0.000001 0.000027 0.000003 0.000054 0.000004 0.000027 0.000145 0.128699 0.000067 0.257404 0.032209 0.000115 0.000001 0.032414

********************************************************************************
Stopped because 3 consecutive motifs exceeded the p-value threshold (0.05).
********************************************************************************
COMMAND:	streme --protein --p ./Data/v0_cluster_windows_15mers/cluster_3.fasta --minw 3 --maxw 15 --thresh 0.05 --oc ./Results/v0_Parallel_Run_20250503_171149/streme_out_cluster_3
********************************************************************************
CPU:		Hirokis-MacBook-Air.local
********************************************************************************
FINALTIME:	89.97 seconds
********************************************************************************
