********************************************************************************
STREME - Sensitive, Thorough, Rapid, Enriched Motif Elicitation
********************************************************************************
MEME version 5.5.7 (Release date: Wed Jun 19 13:59:04 2024 -0700)

For further information on how to interpret these results please access https://meme-suite.org/meme.
To get a copy of the MEME Suite software please access https://meme-suite.org.

********************************************************************************


********************************************************************************
REFERENCE
********************************************************************************
If you use this program in your research, please cite:

Timothy L. Bailey,
"STREME: accurate and versatile sequence motif discovery",
Bioinformatics, Mar. 24, 2021.
********************************************************************************


ALPHABET= ACDEFGHIKLMNPQRSTVWY

strands: +

Background letter frequencies
A 0.0287 C 5.12e-05 D 0.0267 E 0.0021 F 0.0134 G 0.146 H 5.12e-05 I 0.0318 K 0.00108 L 0.15 M 0.00825 N 0.0861 P 0.0667 Q 0.0113 R 0.0021 S 0.329 T 0.0359 V 0.0574 W 5.12e-05 Y 0.00415 

MOTIF 1-STLLSSGGPNVBSLS STREME-1
letter-probability matrix: alength= 20 w= 15 nsites= 65 E= 2.2e-003
 0.000082 0.000000 0.000076 0.039979 0.000038 0.000417 0.000000 0.000091 0.019866 0.000429 0.000024 0.060083 0.000191 0.019896 0.000006 0.838678 0.019966 0.000165 0.000000 0.000012
 0.019946 0.000000 0.081032 0.000006 0.000038 0.000417 0.000000 0.000091 0.000003 0.020292 0.000024 0.039973 0.000191 0.019896 0.039733 0.240040 0.538141 0.000165 0.000000 0.000012
 0.000082 0.000000 0.000076 0.000006 0.220529 0.000417 0.000000 0.099408 0.000003 0.637783 0.000024 0.000247 0.000191 0.000032 0.000006 0.000943 0.000103 0.000165 0.000000 0.039985
 0.019946 0.000000 0.000076 0.000006 0.000038 0.000417 0.000000 0.120773 0.000003 0.618166 0.000024 0.000247 0.000191 0.000032 0.000006 0.000943 0.000103 0.239016 0.000000 0.000012
 0.039809 0.000000 0.000076 0.000006 0.000038 0.000417 0.000000 0.000091 0.000003 0.020292 0.000024 0.000247 0.000191 0.000032 0.000006 0.898514 0.040076 0.000165 0.000000 0.000012
 0.000082 0.000000 0.000076 0.000006 0.000038 0.020280 0.000000 0.000091 0.000003 0.000429 0.000024 0.079946 0.000191 0.000032 0.000006 0.898514 0.000103 0.000165 0.000000 0.000012
 0.000082 0.000000 0.000076 0.000006 0.000038 0.997551 0.000000 0.000091 0.000003 0.000429 0.000024 0.000247 0.000191 0.000032 0.000006 0.000943 0.000103 0.000165 0.000000 0.000012
 0.000082 0.000000 0.000076 0.000006 0.000038 0.997551 0.000000 0.000091 0.000003 0.000429 0.000024 0.000247 0.000191 0.000032 0.000006 0.000943 0.000103 0.000165 0.000000 0.000012
 0.000082 0.000000 0.000076 0.000006 0.000038 0.000417 0.000000 0.000091 0.000003 0.000429 0.000024 0.000247 0.997325 0.000032 0.000006 0.000943 0.000103 0.000165 0.000000 0.000012
 0.000082 0.000000 0.099639 0.000006 0.000038 0.020280 0.000000 0.000091 0.000003 0.000429 0.000024 0.498558 0.000191 0.000032 0.000006 0.380340 0.000103 0.000165 0.000000 0.000012
 0.019946 0.000000 0.000076 0.000006 0.000038 0.020280 0.000000 0.158998 0.000003 0.040401 0.139811 0.000247 0.000191 0.000032 0.000006 0.000943 0.019966 0.579179 0.000000 0.019875
 0.000082 0.000000 0.260048 0.000006 0.000038 0.139952 0.000000 0.000091 0.000003 0.000429 0.000024 0.458586 0.000191 0.019896 0.000006 0.100505 0.019966 0.000165 0.000000 0.000012
 0.239187 0.000000 0.000076 0.000006 0.000038 0.000417 0.000000 0.000091 0.000003 0.000429 0.000024 0.020110 0.000191 0.000032 0.000006 0.719246 0.000103 0.020028 0.000000 0.000012
 0.000082 0.000000 0.000076 0.000006 0.000038 0.000417 0.000000 0.000091 0.000003 0.997563 0.000024 0.000247 0.000191 0.000032 0.000006 0.000943 0.000103 0.000165 0.000000 0.000012
 0.019946 0.000000 0.000076 0.000006 0.000038 0.000417 0.000000 0.000091 0.000003 0.000429 0.000024 0.000247 0.000191 0.000032 0.000006 0.978214 0.000103 0.000165 0.000000 0.000012

MOTIF 2-AVN STREME-2
letter-probability matrix: alength= 20 w= 3 nsites= 2 E= 2.0e+000
 0.911704 0.000005 0.002427 0.000191 0.001216 0.013229 0.000005 0.002892 0.000098 0.013602 0.000750 0.007830 0.006060 0.001029 0.000191 0.029904 0.003265 0.005222 0.000005 0.000377
 0.002613 0.000005 0.002427 0.000191 0.001216 0.013229 0.000005 0.002892 0.000098 0.013602 0.000750 0.007830 0.006060 0.001029 0.000191 0.029904 0.003265 0.914313 0.000005 0.000377
 0.002613 0.000005 0.002427 0.000191 0.001216 0.013229 0.000005 0.002892 0.000098 0.013602 0.000750 0.916921 0.006060 0.001029 0.000191 0.029904 0.003265 0.005222 0.000005 0.000377

********************************************************************************
Stopped because the next motif had no positive sites with scores > 0.
********************************************************************************
COMMAND:	streme --protein --p ./Data/v1_cluster_windows_15mers/cluster_3536.fasta --minw 3 --maxw 15 --thresh 0.05 --oc ./Results/v1_Top500_Run_20250504_162200/streme_out_cluster_3536
********************************************************************************
CPU:		Hirokis-MacBook-Air.local
********************************************************************************
FINALTIME:	0.16 seconds
********************************************************************************
