********************************************************************************
STREME - Sensitive, Thorough, Rapid, Enriched Motif Elicitation
********************************************************************************
MEME version 5.5.7 (Release date: Wed Jun 19 13:59:04 2024 -0700)

For further information on how to interpret these results please access https://meme-suite.org/meme.
To get a copy of the MEME Suite software please access https://meme-suite.org.

********************************************************************************


********************************************************************************
REFERENCE
********************************************************************************
If you use this program in your research, please cite:

Timothy L. Bailey,
"STREME: accurate and versatile sequence motif discovery",
Bioinformatics, Mar. 24, 2021.
********************************************************************************


ALPHABET= ACDEFGHIKLMNPQRSTVWY

strands: +

Background letter frequencies
A 0.165 C 5.2e-05 D 5.2e-05 E 5.2e-05 F 0.00109 G 0.209 H 5.2e-05 I 0.00213 K 5.2e-05 L 0.131 M 5.2e-05 N 0.0739 P 5.2e-05 Q 0.00213 R 0.00213 S 0.321 T 0.0396 V 0.0521 W 5.2e-05 Y 5.2e-05 

MOTIF 1-LVSSGGANSGALSS STREME-1
letter-probability matrix: alength= 20 w= 14 nsites= 64 E= 2.2e-003
 0.000391 0.000000 0.000000 0.000000 0.016364 0.000494 0.000000 0.016367 0.000000 0.965225 0.000000 0.000175 0.000000 0.000005 0.000005 0.000757 0.000093 0.000123 0.000000 0.000000
 0.152383 0.000000 0.000000 0.000000 0.000003 0.000494 0.000000 0.000005 0.000000 0.016672 0.000000 0.000175 0.000000 0.000005 0.000005 0.000757 0.000093 0.829408 0.000000 0.000000
 0.033321 0.000000 0.000000 0.000000 0.000003 0.000494 0.000000 0.000005 0.000000 0.000310 0.000000 0.000175 0.000000 0.000005 0.000005 0.965466 0.000093 0.000123 0.000000 0.000000
 0.000391 0.000000 0.000000 0.000000 0.000003 0.204956 0.000000 0.000005 0.000000 0.000310 0.000000 0.016536 0.000000 0.000005 0.000005 0.777572 0.000093 0.000123 0.000000 0.000000
 0.000391 0.000000 0.000000 0.000000 0.000003 0.998133 0.000000 0.000005 0.000000 0.000310 0.000000 0.000175 0.000000 0.000005 0.000005 0.000757 0.000093 0.000123 0.000000 0.000000
 0.000391 0.000000 0.000000 0.000000 0.000003 0.998133 0.000000 0.000005 0.000000 0.000310 0.000000 0.000175 0.000000 0.000005 0.000005 0.000757 0.000093 0.000123 0.000000 0.000000
 0.998030 0.000000 0.000000 0.000000 0.000003 0.000494 0.000000 0.000005 0.000000 0.000310 0.000000 0.000175 0.000000 0.000005 0.000005 0.000757 0.000093 0.000123 0.000000 0.000000
 0.000391 0.000000 0.000000 0.000000 0.000003 0.000494 0.000000 0.000005 0.000000 0.000310 0.000000 0.981452 0.000000 0.000005 0.000005 0.017119 0.000093 0.000123 0.000000 0.000000
 0.238516 0.000000 0.000000 0.000000 0.000003 0.000494 0.000000 0.000005 0.000000 0.000310 0.000000 0.000175 0.000000 0.000005 0.000005 0.760270 0.000093 0.000123 0.000000 0.000000
 0.016753 0.000000 0.000000 0.000000 0.000003 0.965409 0.000000 0.000005 0.000000 0.000310 0.000000 0.016536 0.000000 0.000005 0.000005 0.000757 0.000093 0.000123 0.000000 0.000000
 0.931959 0.000000 0.000000 0.000000 0.000003 0.000494 0.000000 0.000005 0.000000 0.000310 0.000000 0.000175 0.000000 0.000005 0.000005 0.066828 0.000093 0.000123 0.000000 0.000000
 0.000391 0.000000 0.000000 0.000000 0.000003 0.000494 0.000000 0.000005 0.000000 0.997949 0.000000 0.000175 0.000000 0.000005 0.000005 0.000757 0.000093 0.000123 0.000000 0.000000
 0.000391 0.000000 0.000000 0.000000 0.000003 0.000494 0.000000 0.000005 0.000000 0.000310 0.000000 0.000175 0.000000 0.000005 0.000005 0.982034 0.016455 0.000123 0.000000 0.000000
 0.000391 0.000000 0.000000 0.000000 0.000003 0.000494 0.000000 0.000005 0.000000 0.000310 0.000000 0.049466 0.000000 0.000005 0.000005 0.949104 0.000093 0.000123 0.000000 0.000000

MOTIF 2-VNS STREME-2
letter-probability matrix: alength= 20 w= 3 nsites= 1 E= 2.0e+000
 0.015045 0.000005 0.000005 0.000005 0.000099 0.019017 0.000005 0.000194 0.000005 0.011927 0.000005 0.006721 0.000005 0.000194 0.000194 0.029144 0.003599 0.913825 0.000005 0.000005
 0.015045 0.000005 0.000005 0.000005 0.000099 0.019017 0.000005 0.000194 0.000005 0.011927 0.000005 0.915811 0.000005 0.000194 0.000194 0.029144 0.003599 0.004734 0.000005 0.000005
 0.015045 0.000005 0.000005 0.000005 0.000099 0.019017 0.000005 0.000194 0.000005 0.011927 0.000005 0.006721 0.000005 0.000194 0.000194 0.938235 0.003599 0.004734 0.000005 0.000005

********************************************************************************
Stopped because the next motif had no positive sites with scores > 0.
********************************************************************************
COMMAND:	streme --protein --p ./Data/v1_cluster_windows_15mers/cluster_16831.fasta --minw 3 --maxw 15 --thresh 0.05 --oc ./Results/v1_Top500_Run_20250504_162200/streme_out_cluster_16831
********************************************************************************
CPU:		Hirokis-MacBook-Air.local
********************************************************************************
FINALTIME:	0.15 seconds
********************************************************************************
