********************************************************************************
STREME - Sensitive, Thorough, Rapid, Enriched Motif Elicitation
********************************************************************************
MEME version 5.5.7 (Release date: Wed Jun 19 13:59:04 2024 -0700)

For further information on how to interpret these results please access https://meme-suite.org/meme.
To get a copy of the MEME Suite software please access https://meme-suite.org.

********************************************************************************


********************************************************************************
REFERENCE
********************************************************************************
If you use this program in your research, please cite:

Timothy L. Bailey,
"STREME: accurate and versatile sequence motif discovery",
Bioinformatics, Mar. 24, 2021.
********************************************************************************


ALPHABET= ACDEFGHIKLMNPQRSTVWY

strands: +

Background letter frequencies
A 0.0154 C 8.53e-05 D 0.0428 E 0.0223 F 0.0462 G 0.408 H 0.00179 I 0.0035 K 8.53e-05 L 0.0649 M 8.53e-05 N 0.041 P 0.227 Q 0.0376 R 0.0308 S 0.0035 T 0.0206 V 0.0342 W 8.53e-05 Y 8.53e-05 

MOTIF 1-GPGGPGGP STREME-1
letter-probability matrix: alength= 20 w= 8 nsites= 39 S= 3.7e-023
 0.000057 0.000000 0.000159 0.051524 0.000171 0.946361 0.000007 0.000013 0.000000 0.000241 0.000000 0.000152 0.000842 0.000140 0.000114 0.000013 0.000076 0.000127 0.000000 0.000000
 0.000057 0.000000 0.000159 0.000083 0.000171 0.001514 0.000007 0.000013 0.000000 0.000241 0.000000 0.000152 0.971168 0.026103 0.000114 0.000013 0.000076 0.000127 0.000000 0.000000
 0.077220 0.000000 0.000159 0.000083 0.106044 0.395820 0.000007 0.000013 0.000000 0.131835 0.000000 0.078790 0.000842 0.000140 0.000114 0.000013 0.130155 0.078764 0.000000 0.000000
 0.025778 0.000000 0.130238 0.000083 0.000171 0.842003 0.000007 0.000013 0.000000 0.000241 0.000000 0.000152 0.000842 0.000140 0.000114 0.000013 0.000076 0.000127 0.000000 0.000000
 0.051984 0.000000 0.000159 0.000083 0.025892 0.001514 0.000007 0.000013 0.000000 0.105347 0.000000 0.000152 0.762937 0.000140 0.000114 0.000013 0.025797 0.025848 0.000000 0.000000
 0.000057 0.000000 0.000159 0.000083 0.000171 0.945122 0.000007 0.000013 0.000000 0.000241 0.000000 0.026621 0.000842 0.000140 0.000114 0.000013 0.000076 0.026339 0.000000 0.000000
 0.000057 0.000000 0.000159 0.025804 0.000171 0.972082 0.000007 0.000013 0.000000 0.000241 0.000000 0.000152 0.000842 0.000140 0.000114 0.000013 0.000076 0.000127 0.000000 0.000000
 0.000057 0.000000 0.000159 0.000083 0.077334 0.001514 0.000007 0.000013 0.000000 0.078878 0.000000 0.000152 0.841332 0.000140 0.000114 0.000013 0.000076 0.000127 0.000000 0.000000

MOTIF 2-DEL STREME-2
letter-probability matrix: alength= 20 w= 3 nsites= 14 S= 1.4e-004
 0.000179 0.000001 0.988921 0.000258 0.000534 0.004721 0.000021 0.000040 0.000001 0.000752 0.000001 0.000475 0.002627 0.000436 0.000356 0.000040 0.000238 0.000396 0.000001 0.000001
 0.000179 0.000001 0.000495 0.575726 0.000534 0.417679 0.000021 0.000040 0.000001 0.000752 0.000001 0.000475 0.002627 0.000436 0.000356 0.000040 0.000238 0.000396 0.000001 0.000001
 0.000179 0.000001 0.000495 0.000258 0.000534 0.004721 0.000021 0.000040 0.000001 0.658971 0.000001 0.000475 0.002627 0.330642 0.000356 0.000040 0.000238 0.000396 0.000001 0.000001

MOTIF 3-PRRRF STREME-3
letter-probability matrix: alength= 20 w= 5 nsites= 5 S= 2.7e-002
 0.001404 0.000008 0.003887 0.002025 0.004197 0.037085 0.000163 0.000318 0.000008 0.005903 0.000008 0.003731 0.929729 0.003421 0.002800 0.000318 0.001869 0.003111 0.000008 0.000008
 0.001404 0.000008 0.003887 0.002025 0.004197 0.037085 0.000163 0.000318 0.000008 0.005903 0.000008 0.003731 0.020638 0.003421 0.911891 0.000318 0.001869 0.003111 0.000008 0.000008
 0.001404 0.000008 0.003887 0.002025 0.004197 0.037085 0.000163 0.000318 0.000008 0.005903 0.000008 0.003731 0.020638 0.003421 0.911891 0.000318 0.001869 0.003111 0.000008 0.000008
 0.001404 0.000008 0.003887 0.002025 0.004197 0.037085 0.000163 0.000318 0.000008 0.005903 0.000008 0.003731 0.020638 0.003421 0.911891 0.000318 0.001869 0.003111 0.000008 0.000008
 0.001404 0.000008 0.003887 0.002025 0.913288 0.037085 0.000163 0.000318 0.000008 0.005903 0.000008 0.003731 0.020638 0.003421 0.002800 0.000318 0.001869 0.003111 0.000008 0.000008

MOTIF 4-DGPNG STREME-4
letter-probability matrix: alength= 20 w= 5 nsites= 3 S= 1.2e-001
 0.001404 0.000008 0.912978 0.002025 0.004197 0.037085 0.000163 0.000318 0.000008 0.005903 0.000008 0.003731 0.020638 0.003421 0.002800 0.000318 0.001869 0.003111 0.000008 0.000008
 0.001404 0.000008 0.003887 0.002025 0.004197 0.946176 0.000163 0.000318 0.000008 0.005903 0.000008 0.003731 0.020638 0.003421 0.002800 0.000318 0.001869 0.003111 0.000008 0.000008
 0.001404 0.000008 0.003887 0.002025 0.004197 0.037085 0.000163 0.000318 0.000008 0.005903 0.000008 0.003731 0.929729 0.003421 0.002800 0.000318 0.001869 0.003111 0.000008 0.000008
 0.001404 0.000008 0.003887 0.002025 0.004197 0.037085 0.000163 0.000318 0.000008 0.005903 0.000008 0.912822 0.020638 0.003421 0.002800 0.000318 0.001869 0.003111 0.000008 0.000008
 0.001404 0.000008 0.003887 0.002025 0.004197 0.946176 0.000163 0.000318 0.000008 0.005903 0.000008 0.003731 0.020638 0.003421 0.002800 0.000318 0.001869 0.003111 0.000008 0.000008

MOTIF 5-QGGNG STREME-5
letter-probability matrix: alength= 20 w= 5 nsites= 3 S= 1.2e-001
 0.001404 0.000008 0.003887 0.002025 0.004197 0.037085 0.000163 0.000318 0.000008 0.005903 0.000008 0.003731 0.020638 0.912512 0.002800 0.000318 0.001869 0.003111 0.000008 0.000008
 0.001404 0.000008 0.003887 0.002025 0.004197 0.946176 0.000163 0.000318 0.000008 0.005903 0.000008 0.003731 0.020638 0.003421 0.002800 0.000318 0.001869 0.003111 0.000008 0.000008
 0.001404 0.000008 0.003887 0.002025 0.004197 0.946176 0.000163 0.000318 0.000008 0.005903 0.000008 0.003731 0.020638 0.003421 0.002800 0.000318 0.001869 0.003111 0.000008 0.000008
 0.001404 0.000008 0.003887 0.002025 0.004197 0.037085 0.000163 0.000318 0.000008 0.005903 0.000008 0.912822 0.020638 0.003421 0.002800 0.000318 0.001869 0.003111 0.000008 0.000008
 0.001404 0.000008 0.003887 0.002025 0.004197 0.946176 0.000163 0.000318 0.000008 0.005903 0.000008 0.003731 0.020638 0.003421 0.002800 0.000318 0.001869 0.003111 0.000008 0.000008

********************************************************************************
Stopped because maximum number of motifs (5) reached.
********************************************************************************
COMMAND:	streme --protein --p ./Data/v1_cluster_windows_15mers/cluster_1366.fasta --minw 3 --maxw 15 --thresh 0.05 --oc ./Results/v1_Top500_Run_20250504_162200/streme_out_cluster_1366
********************************************************************************
CPU:		Hirokis-MacBook-Air.local
********************************************************************************
FINALTIME:	0.18 seconds
********************************************************************************
