********************************************************************************
STREME - Sensitive, Thorough, Rapid, Enriched Motif Elicitation
********************************************************************************
MEME version 5.5.7 (Release date: Wed Jun 19 13:59:04 2024 -0700)

For further information on how to interpret these results please access https://meme-suite.org/meme.
To get a copy of the MEME Suite software please access https://meme-suite.org.

********************************************************************************


********************************************************************************
REFERENCE
********************************************************************************
If you use this program in your research, please cite:

Timothy L. Bailey,
"STREME: accurate and versatile sequence motif discovery",
Bioinformatics, Mar. 24, 2021.
********************************************************************************


ALPHABET= ACDEFGHIKLMNPQRSTVWY

strands: +

Background letter frequencies
A 0.187 C 2.07e-05 D 0.00457 E 0.00333 F 0.000435 G 0.2 H 2.07e-05 I 2.07e-05 K 0.000849 L 0.00582 M 0.000849 N 0.00209 P 0.0174 Q 0.14 R 0.000435 S 0.365 T 0.0613 V 0.00747 W 2.07e-05 Y 0.00416 

MOTIF 1-AGSSGS STREME-1
letter-probability matrix: alength= 20 w= 6 nsites= 157 E= 1.4e-007
 0.614359 0.000000 0.000004 0.000003 0.000000 0.209933 0.000000 0.000000 0.000001 0.000005 0.000001 0.000002 0.050465 0.000126 0.000000 0.010842 0.063637 0.050618 0.000000 0.000004
 0.000168 0.000000 0.018764 0.000003 0.000000 0.974276 0.000000 0.000000 0.000001 0.000005 0.000001 0.000002 0.006259 0.000126 0.000000 0.000328 0.000055 0.000007 0.000000 0.000004
 0.000168 0.000000 0.000004 0.000003 0.006243 0.000180 0.000000 0.000000 0.000001 0.000005 0.000001 0.000002 0.101338 0.000126 0.000000 0.879377 0.012541 0.000007 0.000000 0.000004
 0.000168 0.000000 0.044372 0.000003 0.000000 0.000180 0.000000 0.000000 0.000001 0.000005 0.000001 0.000002 0.000016 0.000126 0.000000 0.955060 0.000055 0.000007 0.000000 0.000004
 0.083859 0.000000 0.000004 0.000003 0.000000 0.915588 0.000000 0.000000 0.000001 0.000005 0.000001 0.000002 0.000016 0.000126 0.000000 0.000328 0.000055 0.000007 0.000000 0.000004
 0.083859 0.000000 0.000004 0.000003 0.000000 0.000180 0.000000 0.000000 0.000001 0.000005 0.000001 0.000002 0.000016 0.012643 0.000000 0.890703 0.000055 0.000007 0.000000 0.012521

MOTIF 2-SAATASS STREME-2
letter-probability matrix: alength= 20 w= 7 nsites= 50 E= 4.4e-002
 0.000589 0.000000 0.000014 0.000011 0.000001 0.000631 0.000000 0.000000 0.000003 0.000018 0.000003 0.000007 0.000055 0.000442 0.000001 0.997994 0.000193 0.000024 0.000000 0.000013
 0.733947 0.000000 0.000014 0.000011 0.000001 0.000631 0.000000 0.000000 0.000003 0.000018 0.000003 0.000007 0.000055 0.000442 0.000001 0.132894 0.131936 0.000024 0.000000 0.000013
 0.799817 0.000000 0.000014 0.000011 0.000001 0.000631 0.000000 0.000000 0.000003 0.000018 0.000003 0.000007 0.000055 0.000442 0.000001 0.023035 0.154040 0.021908 0.000000 0.000013
 0.000589 0.000000 0.000014 0.000011 0.000001 0.000631 0.000000 0.000000 0.000003 0.000018 0.000003 0.000007 0.000055 0.000442 0.000001 0.198876 0.799312 0.000024 0.000000 0.000013
 0.822031 0.000000 0.000014 0.000011 0.000001 0.000631 0.000000 0.000000 0.000003 0.000018 0.000003 0.000007 0.000055 0.000442 0.000001 0.001151 0.131827 0.043792 0.000000 0.000013
 0.000589 0.000000 0.000014 0.000011 0.000001 0.000631 0.000000 0.000000 0.000003 0.000018 0.000003 0.000007 0.000055 0.000442 0.000001 0.997994 0.000193 0.000024 0.000000 0.000013
 0.110339 0.000000 0.000014 0.000011 0.000001 0.000631 0.000000 0.000000 0.000003 0.000018 0.000003 0.000007 0.000055 0.000442 0.000001 0.888245 0.000193 0.000024 0.000000 0.000013

MOTIF 3-SSAAASG STREME-3
letter-probability matrix: alength= 20 w= 7 nsites= 21 E= 1.2e+000
 0.002041 0.000000 0.000050 0.000036 0.000005 0.002185 0.000000 0.000000 0.000009 0.000064 0.000009 0.000023 0.000190 0.001529 0.000005 0.993056 0.000670 0.000082 0.000000 0.000045
 0.002041 0.000000 0.000050 0.000036 0.000005 0.002185 0.000000 0.000000 0.000009 0.000064 0.000009 0.000023 0.000190 0.001529 0.000005 0.993056 0.000670 0.000082 0.000000 0.000045
 0.839211 0.000000 0.000050 0.000036 0.000005 0.002185 0.000000 0.000000 0.000009 0.000064 0.000009 0.000023 0.000190 0.001529 0.000005 0.003986 0.152569 0.000082 0.000000 0.000045
 0.991111 0.000000 0.000050 0.000036 0.000005 0.002185 0.000000 0.000000 0.000009 0.000064 0.000009 0.000023 0.000190 0.001529 0.000005 0.003986 0.000670 0.000082 0.000000 0.000045
 0.610021 0.000000 0.000050 0.000036 0.000005 0.002185 0.000000 0.000000 0.000009 0.305393 0.000009 0.000023 0.000190 0.001529 0.000005 0.079746 0.000670 0.000082 0.000000 0.000045
 0.002041 0.000000 0.000050 0.000036 0.000005 0.002185 0.000000 0.000000 0.000009 0.000064 0.000009 0.000023 0.000190 0.001529 0.000005 0.993056 0.000670 0.000082 0.000000 0.000045
 0.077801 0.000000 0.000050 0.000036 0.000005 0.687074 0.000000 0.000000 0.000009 0.000064 0.000009 0.000023 0.000190 0.001529 0.000005 0.232407 0.000670 0.000082 0.000000 0.000045

MOTIF 4-GQGQQ STREME-4
letter-probability matrix: alength= 20 w= 5 nsites= 44 E= 5.0e+000
 0.000590 0.000000 0.000014 0.000011 0.000001 0.997470 0.000000 0.000000 0.000003 0.000018 0.000003 0.000007 0.000055 0.000442 0.000001 0.001153 0.000194 0.000024 0.000000 0.000013
 0.000590 0.000000 0.000014 0.000011 0.000001 0.000632 0.000000 0.000000 0.000003 0.155799 0.000003 0.000007 0.000055 0.841500 0.000001 0.001153 0.000194 0.000024 0.000000 0.000013
 0.000590 0.000000 0.000014 0.000011 0.000001 0.997470 0.000000 0.000000 0.000003 0.000018 0.000003 0.000007 0.000055 0.000442 0.000001 0.001153 0.000194 0.000024 0.000000 0.000013
 0.000590 0.000000 0.000014 0.000011 0.000001 0.000632 0.000000 0.000000 0.000003 0.000018 0.000003 0.000007 0.000055 0.997280 0.000001 0.001153 0.000194 0.000024 0.000000 0.000013
 0.000590 0.000000 0.000014 0.000011 0.000001 0.000632 0.000000 0.000000 0.000003 0.000018 0.000003 0.000007 0.000055 0.997280 0.000001 0.001153 0.000194 0.000024 0.000000 0.000013

MOTIF 5-SAAT STREME-5
letter-probability matrix: alength= 20 w= 4 nsites= 20 E= 5.0e+000
 0.016973 0.000002 0.000416 0.000303 0.000040 0.018173 0.000002 0.000002 0.000077 0.000529 0.000077 0.000190 0.001582 0.012719 0.000040 0.942246 0.005571 0.000679 0.000002 0.000378
 0.926064 0.000002 0.000416 0.000303 0.000040 0.018173 0.000002 0.000002 0.000077 0.000529 0.000077 0.000190 0.001582 0.012719 0.000040 0.033156 0.005571 0.000679 0.000002 0.000378
 0.926064 0.000002 0.000416 0.000303 0.000040 0.018173 0.000002 0.000002 0.000077 0.000529 0.000077 0.000190 0.001582 0.012719 0.000040 0.033156 0.005571 0.000679 0.000002 0.000378
 0.016973 0.000002 0.000416 0.000303 0.000040 0.018173 0.000002 0.000002 0.000077 0.000529 0.000077 0.000190 0.001582 0.012719 0.000040 0.033156 0.914662 0.000679 0.000002 0.000378

********************************************************************************
Stopped because 3 consecutive motifs exceeded the p-value threshold (0.05).
********************************************************************************
COMMAND:	streme --protein --p ./Data/v1_cluster_windows_15mers/cluster_12380.fasta --minw 3 --maxw 15 --thresh 0.05 --oc ./Results/v1_Top500_Run_20250504_162200/streme_out_cluster_12380
********************************************************************************
CPU:		Hirokis-MacBook-Air.local
********************************************************************************
FINALTIME:	0.35 seconds
********************************************************************************
