********************************************************************************
STREME - Sensitive, Thorough, Rapid, Enriched Motif Elicitation
********************************************************************************
MEME version 5.5.7 (Release date: Wed Jun 19 13:59:04 2024 -0700)

For further information on how to interpret these results please access https://meme-suite.org/meme.
To get a copy of the MEME Suite software please access https://meme-suite.org.

********************************************************************************


********************************************************************************
REFERENCE
********************************************************************************
If you use this program in your research, please cite:

Timothy L. Bailey,
"STREME: accurate and versatile sequence motif discovery",
Bioinformatics, Mar. 24, 2021.
********************************************************************************


ALPHABET= ACDEFGHIKLMNPQRSTVWY

strands: +

Background letter frequencies
A 0.097 C 7.24e-05 D 7.24e-05 E 7.24e-05 F 7.24e-05 G 0.0782 H 7.24e-05 I 0.0174 K 7.24e-05 L 0.0985 M 0.00441 N 0.13 P 0.0666 Q 0.0666 R 7.24e-05 S 0.24 T 0.00152 V 0.198 W 7.24e-05 Y 7.24e-05 

MOTIF 1-SAVSSLVQNGVPNVS STREME-1
letter-probability matrix: alength= 20 w= 15 nsites= 46 S= 2.4e-027
 0.008821 0.000007 0.000007 0.000007 0.000007 0.007111 0.000007 0.001586 0.000007 0.008953 0.000401 0.011846 0.006059 0.006059 0.000007 0.930938 0.000138 0.018028 0.000007 0.000007
 0.917912 0.000007 0.000007 0.000007 0.000007 0.007111 0.000007 0.001586 0.000007 0.008953 0.000401 0.011846 0.006059 0.006059 0.000007 0.021847 0.000138 0.018028 0.000007 0.000007
 0.008821 0.000007 0.000007 0.000007 0.000007 0.007111 0.000007 0.001586 0.000007 0.008953 0.000401 0.011846 0.006059 0.006059 0.000007 0.021847 0.000138 0.927119 0.000007 0.000007
 0.008821 0.000007 0.000007 0.000007 0.000007 0.007111 0.000007 0.001586 0.000007 0.008953 0.000401 0.011846 0.006059 0.006059 0.000007 0.930938 0.000138 0.018028 0.000007 0.000007
 0.008821 0.000007 0.000007 0.000007 0.000007 0.007111 0.000007 0.001586 0.000007 0.008953 0.000401 0.011846 0.006059 0.006059 0.000007 0.930938 0.000138 0.018028 0.000007 0.000007
 0.008821 0.000007 0.000007 0.000007 0.000007 0.007111 0.000007 0.001586 0.000007 0.918044 0.000401 0.011846 0.006059 0.006059 0.000007 0.021847 0.000138 0.018028 0.000007 0.000007
 0.008821 0.000007 0.000007 0.000007 0.000007 0.007111 0.000007 0.001586 0.000007 0.008953 0.000401 0.011846 0.006059 0.006059 0.000007 0.021847 0.000138 0.927119 0.000007 0.000007
 0.008821 0.000007 0.000007 0.000007 0.000007 0.007111 0.000007 0.001586 0.000007 0.008953 0.000401 0.011846 0.006059 0.915149 0.000007 0.021847 0.000138 0.018028 0.000007 0.000007
 0.008821 0.000007 0.000007 0.000007 0.000007 0.007111 0.000007 0.001586 0.000007 0.008953 0.000401 0.920937 0.006059 0.006059 0.000007 0.021847 0.000138 0.018028 0.000007 0.000007
 0.008821 0.000007 0.000007 0.000007 0.000007 0.916202 0.000007 0.001586 0.000007 0.008953 0.000401 0.011846 0.006059 0.006059 0.000007 0.021847 0.000138 0.018028 0.000007 0.000007
 0.008821 0.000007 0.000007 0.000007 0.000007 0.007111 0.000007 0.001586 0.000007 0.008953 0.000401 0.011846 0.006059 0.006059 0.000007 0.021847 0.000138 0.927119 0.000007 0.000007
 0.008821 0.000007 0.000007 0.000007 0.000007 0.007111 0.000007 0.001586 0.000007 0.008953 0.000401 0.011846 0.915149 0.006059 0.000007 0.021847 0.000138 0.018028 0.000007 0.000007
 0.008821 0.000007 0.000007 0.000007 0.000007 0.007111 0.000007 0.001586 0.000007 0.008953 0.000401 0.920937 0.006059 0.006059 0.000007 0.021847 0.000138 0.018028 0.000007 0.000007
 0.008821 0.000007 0.000007 0.000007 0.000007 0.007111 0.000007 0.001586 0.000007 0.008953 0.000401 0.011846 0.006059 0.006059 0.000007 0.021847 0.000138 0.927119 0.000007 0.000007
 0.008821 0.000007 0.000007 0.000007 0.000007 0.007111 0.000007 0.001586 0.000007 0.008953 0.000401 0.011846 0.006059 0.006059 0.000007 0.930938 0.000138 0.018028 0.000007 0.000007

********************************************************************************
Stopped because the next motif had no positive sites with scores > 0.
********************************************************************************
COMMAND:	streme --protein --p ./Data/v1_cluster_windows_15mers/cluster_11100.fasta --minw 3 --maxw 15 --thresh 0.05 --oc ./Results/v1_Top500_Run_20250504_162200/streme_out_cluster_11100
********************************************************************************
CPU:		Hirokis-MacBook-Air.local
********************************************************************************
FINALTIME:	0.15 seconds
********************************************************************************
