********************************************************************************
STREME - Sensitive, Thorough, Rapid, Enriched Motif Elicitation
********************************************************************************
MEME version 5.5.7 (Release date: Wed Jun 19 13:59:04 2024 -0700)

For further information on how to interpret these results please access https://meme-suite.org/meme.
To get a copy of the MEME Suite software please access https://meme-suite.org.

********************************************************************************


********************************************************************************
REFERENCE
********************************************************************************
If you use this program in your research, please cite:

Timothy L. Bailey,
"STREME: accurate and versatile sequence motif discovery",
Bioinformatics, Mar. 24, 2021.
********************************************************************************


ALPHABET= ACDEFGHIKLMNPQRSTVWY

strands: +

Background letter frequencies
A 0.00179 C 1.11e-05 D 0.0009 E 0.128 F 0.00712 G 0.323 H 0.000233 I 0.123 K 1.11e-05 L 0.00157 M 1.11e-05 N 0.000233 P 0.126 Q 0.00556 R 0.0009 S 0.135 T 0.0133 V 0.00801 W 1.11e-05 Y 0.125 

MOTIF 1-GYEEIISSGPGGYGP STREME-1
letter-probability matrix: alength= 20 w= 15 nsites= 300 E= 8.5e-018
 0.000163 0.000001 0.000082 0.011653 0.000647 0.938479 0.000021 0.011190 0.000001 0.000142 0.000001 0.000021 0.011472 0.000506 0.000082 0.012262 0.001213 0.000728 0.000001 0.011335
 0.000163 0.000001 0.000082 0.011653 0.000647 0.029388 0.000021 0.011190 0.000001 0.000142 0.000001 0.000021 0.011472 0.000506 0.000082 0.012262 0.001213 0.000728 0.000001 0.920426
 0.000163 0.000001 0.000082 0.920744 0.000647 0.029388 0.000021 0.011190 0.000001 0.000142 0.000001 0.000021 0.011472 0.000506 0.000082 0.012262 0.001213 0.000728 0.000001 0.011335
 0.000163 0.000001 0.000082 0.920744 0.000647 0.029388 0.000021 0.011190 0.000001 0.000142 0.000001 0.000021 0.011472 0.000506 0.000082 0.012262 0.001213 0.000728 0.000001 0.011335
 0.000163 0.000001 0.000082 0.011653 0.000647 0.029388 0.000021 0.920281 0.000001 0.000142 0.000001 0.000021 0.011472 0.000506 0.000082 0.012262 0.001213 0.000728 0.000001 0.011335
 0.000163 0.000001 0.000082 0.011653 0.000647 0.029388 0.000021 0.920281 0.000001 0.000142 0.000001 0.000021 0.011472 0.000506 0.000082 0.012262 0.001213 0.000728 0.000001 0.011335
 0.000163 0.000001 0.000082 0.011653 0.000647 0.029388 0.000021 0.011190 0.000001 0.000142 0.000001 0.000021 0.011472 0.000506 0.000082 0.921353 0.001213 0.000728 0.000001 0.011335
 0.000163 0.000001 0.000082 0.011653 0.000647 0.029388 0.000021 0.011190 0.000001 0.000142 0.000001 0.000021 0.011472 0.000506 0.000082 0.921353 0.001213 0.000728 0.000001 0.011335
 0.000163 0.000001 0.000082 0.011653 0.000647 0.938479 0.000021 0.011190 0.000001 0.000142 0.000001 0.000021 0.011472 0.000506 0.000082 0.012262 0.001213 0.000728 0.000001 0.011335
 0.000163 0.000001 0.000082 0.011653 0.000647 0.029388 0.000021 0.011190 0.000001 0.000142 0.000001 0.000021 0.920562 0.000506 0.000082 0.012262 0.001213 0.000728 0.000001 0.011335
 0.000163 0.000001 0.000082 0.011653 0.000647 0.938479 0.000021 0.011190 0.000001 0.000142 0.000001 0.000021 0.011472 0.000506 0.000082 0.012262 0.001213 0.000728 0.000001 0.011335
 0.000163 0.000001 0.000082 0.011653 0.000647 0.938479 0.000021 0.011190 0.000001 0.000142 0.000001 0.000021 0.011472 0.000506 0.000082 0.012262 0.001213 0.000728 0.000001 0.011335
 0.000163 0.000001 0.000082 0.011653 0.000647 0.029388 0.000021 0.011190 0.000001 0.000142 0.000001 0.000021 0.011472 0.000506 0.000082 0.012262 0.001213 0.000728 0.000001 0.920426
 0.000163 0.000001 0.000082 0.011653 0.000647 0.938479 0.000021 0.011190 0.000001 0.000142 0.000001 0.000021 0.011472 0.000506 0.000082 0.012262 0.001213 0.000728 0.000001 0.011335
 0.000163 0.000001 0.000082 0.011653 0.000647 0.029388 0.000021 0.011190 0.000001 0.000142 0.000001 0.000021 0.920562 0.000506 0.000082 0.012262 0.001213 0.000728 0.000001 0.011335

********************************************************************************
Stopped because the next motif had no positive sites with scores > 0.
********************************************************************************
COMMAND:	streme --protein --p ./Data/v1_cluster_windows_15mers/cluster_5129.fasta --minw 3 --maxw 15 --thresh 0.05 --oc ./Results/v1_Top500_Run_20250504_162200/streme_out_cluster_5129
********************************************************************************
CPU:		Hirokis-MacBook-Air.local
********************************************************************************
FINALTIME:	0.38 seconds
********************************************************************************
