********************************************************************************
STREME - Sensitive, Thorough, Rapid, Enriched Motif Elicitation
********************************************************************************
MEME version 5.5.7 (Release date: Wed Jun 19 13:59:04 2024 -0700)

For further information on how to interpret these results please access https://meme-suite.org/meme.
To get a copy of the MEME Suite software please access https://meme-suite.org.

********************************************************************************


********************************************************************************
REFERENCE
********************************************************************************
If you use this program in your research, please cite:

Timothy L. Bailey,
"STREME: accurate and versatile sequence motif discovery",
Bioinformatics, Mar. 24, 2021.
********************************************************************************


ALPHABET= ACDEFGHIKLMNPQRSTVWY

strands: +

Background letter frequencies
A 0.06 C 6.66e-05 D 6.66e-05 E 0.0666 F 6.66e-05 G 0.597 H 6.66e-05 I 6.66e-05 K 6.66e-05 L 0.00939 M 6.66e-05 N 6.66e-05 P 6.66e-05 Q 0.156 R 6.66e-05 S 6.66e-05 T 0.0014 V 0.00539 W 6.66e-05 Y 0.104 

MOTIF 1-GGYGQGAGEGGQG STREME-1
letter-probability matrix: alength= 20 w= 13 nsites= 50 E= 7.9e-003
 0.005454 0.000006 0.000006 0.006058 0.000006 0.963327 0.000006 0.000006 0.000006 0.000853 0.000006 0.000006 0.000006 0.014173 0.000006 0.000006 0.000127 0.000490 0.000006 0.009445
 0.005454 0.000006 0.000006 0.006058 0.000006 0.963327 0.000006 0.000006 0.000006 0.000853 0.000006 0.000006 0.000006 0.014173 0.000006 0.000006 0.000127 0.000490 0.000006 0.009445
 0.005454 0.000006 0.000006 0.006058 0.000006 0.054236 0.000006 0.000006 0.000006 0.000853 0.000006 0.000006 0.000006 0.014173 0.000006 0.000006 0.000127 0.000490 0.000006 0.918536
 0.005454 0.000006 0.000006 0.006058 0.000006 0.963327 0.000006 0.000006 0.000006 0.000853 0.000006 0.000006 0.000006 0.014173 0.000006 0.000006 0.000127 0.000490 0.000006 0.009445
 0.005454 0.000006 0.000006 0.006058 0.000006 0.054236 0.000006 0.000006 0.000006 0.000853 0.000006 0.000006 0.000006 0.923264 0.000006 0.000006 0.000127 0.000490 0.000006 0.009445
 0.005454 0.000006 0.000006 0.006058 0.000006 0.963327 0.000006 0.000006 0.000006 0.000853 0.000006 0.000006 0.000006 0.014173 0.000006 0.000006 0.000127 0.000490 0.000006 0.009445
 0.914545 0.000006 0.000006 0.006058 0.000006 0.054236 0.000006 0.000006 0.000006 0.000853 0.000006 0.000006 0.000006 0.014173 0.000006 0.000006 0.000127 0.000490 0.000006 0.009445
 0.005454 0.000006 0.000006 0.006058 0.000006 0.963327 0.000006 0.000006 0.000006 0.000853 0.000006 0.000006 0.000006 0.014173 0.000006 0.000006 0.000127 0.000490 0.000006 0.009445
 0.005454 0.000006 0.000006 0.915149 0.000006 0.054236 0.000006 0.000006 0.000006 0.000853 0.000006 0.000006 0.000006 0.014173 0.000006 0.000006 0.000127 0.000490 0.000006 0.009445
 0.005454 0.000006 0.000006 0.006058 0.000006 0.963327 0.000006 0.000006 0.000006 0.000853 0.000006 0.000006 0.000006 0.014173 0.000006 0.000006 0.000127 0.000490 0.000006 0.009445
 0.005454 0.000006 0.000006 0.006058 0.000006 0.963327 0.000006 0.000006 0.000006 0.000853 0.000006 0.000006 0.000006 0.014173 0.000006 0.000006 0.000127 0.000490 0.000006 0.009445
 0.005454 0.000006 0.000006 0.006058 0.000006 0.054236 0.000006 0.000006 0.000006 0.000853 0.000006 0.000006 0.000006 0.923264 0.000006 0.000006 0.000127 0.000490 0.000006 0.009445
 0.005454 0.000006 0.000006 0.006058 0.000006 0.963327 0.000006 0.000006 0.000006 0.000853 0.000006 0.000006 0.000006 0.014173 0.000006 0.000006 0.000127 0.000490 0.000006 0.009445

MOTIF 2-YGQ STREME-2
letter-probability matrix: alength= 20 w= 3 nsites= 2 E= 2.0e+000
 0.005454 0.000006 0.000006 0.006058 0.000006 0.054236 0.000006 0.000006 0.000006 0.000853 0.000006 0.000006 0.000006 0.014173 0.000006 0.000006 0.000127 0.000490 0.000006 0.918536
 0.005454 0.000006 0.000006 0.006058 0.000006 0.963327 0.000006 0.000006 0.000006 0.000853 0.000006 0.000006 0.000006 0.014173 0.000006 0.000006 0.000127 0.000490 0.000006 0.009445
 0.005454 0.000006 0.000006 0.006058 0.000006 0.054236 0.000006 0.000006 0.000006 0.000853 0.000006 0.000006 0.000006 0.923264 0.000006 0.000006 0.000127 0.000490 0.000006 0.009445

********************************************************************************
Stopped because the next motif had no positive sites with scores > 0.
********************************************************************************
COMMAND:	streme --protein --p ./Data/v1_cluster_windows_15mers/cluster_10277.fasta --minw 3 --maxw 15 --thresh 0.05 --oc ./Results/v1_Top500_Run_20250504_162200/streme_out_cluster_10277
********************************************************************************
CPU:		Hirokis-MacBook-Air.local
********************************************************************************
FINALTIME:	0.13 seconds
********************************************************************************
