********************************************************************************
STREME - Sensitive, Thorough, Rapid, Enriched Motif Elicitation
********************************************************************************
MEME version 5.5.7 (Release date: Wed Jun 19 13:59:04 2024 -0700)

For further information on how to interpret these results please access https://meme-suite.org/meme.
To get a copy of the MEME Suite software please access https://meme-suite.org.

********************************************************************************


********************************************************************************
REFERENCE
********************************************************************************
If you use this program in your research, please cite:

Timothy L. Bailey,
"STREME: accurate and versatile sequence motif discovery",
Bioinformatics, Mar. 24, 2021.
********************************************************************************


ALPHABET= ACDEFGHIKLMNPQRSTVWY

strands: +

Background letter frequencies
A 0.0507 C 0.00142 D 0.000729 E 0.000729 F 0.000729 G 0.0819 H 3.47e-05 I 0.0285 K 3.47e-05 L 0.158 M 0.0035 N 0.189 P 0.125 Q 0.0618 R 0.0243 S 0.101 T 0.000729 V 0.171 W 3.47e-05 Y 3.47e-05 

MOTIF 1-LVQNGRPNLSSLPNV STREME-1
letter-probability matrix: alength= 20 w= 15 nsites= 96 E= 8.2e-005
 0.004608 0.000129 0.000066 0.000066 0.000066 0.007447 0.000003 0.002590 0.000003 0.923418 0.000319 0.017227 0.011355 0.005618 0.002211 0.009218 0.000066 0.015582 0.000003 0.000003
 0.004608 0.000129 0.000066 0.000066 0.000066 0.007447 0.000003 0.002590 0.000003 0.014327 0.000319 0.017227 0.011355 0.005618 0.002211 0.009218 0.000066 0.924673 0.000003 0.000003
 0.004608 0.000129 0.000066 0.000066 0.000066 0.007447 0.000003 0.002590 0.000003 0.014327 0.000319 0.017227 0.011355 0.914709 0.002211 0.009218 0.000066 0.015582 0.000003 0.000003
 0.004608 0.000129 0.000066 0.000066 0.000066 0.007447 0.000003 0.002590 0.000003 0.014327 0.000319 0.926318 0.011355 0.005618 0.002211 0.009218 0.000066 0.015582 0.000003 0.000003
 0.004608 0.000129 0.000066 0.000066 0.000066 0.916538 0.000003 0.002590 0.000003 0.014327 0.000319 0.017227 0.011355 0.005618 0.002211 0.009218 0.000066 0.015582 0.000003 0.000003
 0.004608 0.000129 0.000066 0.000066 0.000066 0.007447 0.000003 0.002590 0.000003 0.014327 0.000319 0.017227 0.011355 0.005618 0.911302 0.009218 0.000066 0.015582 0.000003 0.000003
 0.004608 0.000129 0.000066 0.000066 0.000066 0.007447 0.000003 0.002590 0.000003 0.014327 0.000319 0.017227 0.920445 0.005618 0.002211 0.009218 0.000066 0.015582 0.000003 0.000003
 0.004608 0.000129 0.000066 0.000066 0.000066 0.007447 0.000003 0.002590 0.000003 0.014327 0.000319 0.926318 0.011355 0.005618 0.002211 0.009218 0.000066 0.015582 0.000003 0.000003
 0.004608 0.000129 0.000066 0.000066 0.000066 0.007447 0.000003 0.002590 0.000003 0.923418 0.000319 0.017227 0.011355 0.005618 0.002211 0.009218 0.000066 0.015582 0.000003 0.000003
 0.004608 0.000129 0.000066 0.000066 0.000066 0.007447 0.000003 0.002590 0.000003 0.014327 0.000319 0.017227 0.011355 0.005618 0.002211 0.918309 0.000066 0.015582 0.000003 0.000003
 0.004608 0.000129 0.000066 0.000066 0.000066 0.007447 0.000003 0.002590 0.000003 0.014327 0.000319 0.017227 0.011355 0.005618 0.002211 0.918309 0.000066 0.015582 0.000003 0.000003
 0.004608 0.000129 0.000066 0.000066 0.000066 0.007447 0.000003 0.002590 0.000003 0.923418 0.000319 0.017227 0.011355 0.005618 0.002211 0.009218 0.000066 0.015582 0.000003 0.000003
 0.004608 0.000129 0.000066 0.000066 0.000066 0.007447 0.000003 0.002590 0.000003 0.014327 0.000319 0.017227 0.920445 0.005618 0.002211 0.009218 0.000066 0.015582 0.000003 0.000003
 0.004608 0.000129 0.000066 0.000066 0.000066 0.007447 0.000003 0.002590 0.000003 0.014327 0.000319 0.926318 0.011355 0.005618 0.002211 0.009218 0.000066 0.015582 0.000003 0.000003
 0.004608 0.000129 0.000066 0.000066 0.000066 0.007447 0.000003 0.002590 0.000003 0.014327 0.000319 0.017227 0.011355 0.005618 0.002211 0.009218 0.000066 0.924673 0.000003 0.000003

MOTIF 2-VAA STREME-2
letter-probability matrix: alength= 20 w= 3 nsites= 2 E= 4.0e+000
 0.004608 0.000129 0.000066 0.000066 0.000066 0.007447 0.000003 0.002590 0.000003 0.014327 0.000319 0.017227 0.011355 0.005618 0.002211 0.009218 0.000066 0.924673 0.000003 0.000003
 0.913699 0.000129 0.000066 0.000066 0.000066 0.007447 0.000003 0.002590 0.000003 0.014327 0.000319 0.017227 0.011355 0.005618 0.002211 0.009218 0.000066 0.015582 0.000003 0.000003
 0.913699 0.000129 0.000066 0.000066 0.000066 0.007447 0.000003 0.002590 0.000003 0.014327 0.000319 0.017227 0.011355 0.005618 0.002211 0.009218 0.000066 0.015582 0.000003 0.000003

MOTIF 3-AGC STREME-3
letter-probability matrix: alength= 20 w= 3 nsites= 1 E= 4.0e+000
 0.880311 0.000179 0.000092 0.000092 0.000092 0.010328 0.000004 0.003592 0.000004 0.019870 0.000442 0.023892 0.015747 0.007792 0.003066 0.012784 0.000092 0.021610 0.000004 0.000004
 0.006391 0.000179 0.000092 0.000092 0.000092 0.884248 0.000004 0.003592 0.000004 0.019870 0.000442 0.023892 0.015747 0.007792 0.003066 0.012784 0.000092 0.021610 0.000004 0.000004
 0.006391 0.874099 0.000092 0.000092 0.000092 0.010328 0.000004 0.003592 0.000004 0.019870 0.000442 0.023892 0.015747 0.007792 0.003066 0.012784 0.000092 0.021610 0.000004 0.000004

MOTIF 4-IAA STREME-4
letter-probability matrix: alength= 20 w= 3 nsites= 1 E= 4.0e+000
 0.006391 0.000179 0.000092 0.000092 0.000092 0.010328 0.000004 0.877512 0.000004 0.019870 0.000442 0.023892 0.015747 0.007792 0.003066 0.012784 0.000092 0.021610 0.000004 0.000004
 0.880311 0.000179 0.000092 0.000092 0.000092 0.010328 0.000004 0.003592 0.000004 0.019870 0.000442 0.023892 0.015747 0.007792 0.003066 0.012784 0.000092 0.021610 0.000004 0.000004
 0.880311 0.000179 0.000092 0.000092 0.000092 0.010328 0.000004 0.003592 0.000004 0.019870 0.000442 0.023892 0.015747 0.007792 0.003066 0.012784 0.000092 0.021610 0.000004 0.000004

********************************************************************************
Stopped because 3 consecutive motifs exceeded the p-value threshold (0.05).
********************************************************************************
COMMAND:	streme --protein --p ./Data/v1_cluster_windows_15mers/cluster_5372.fasta --minw 3 --maxw 15 --thresh 0.05 --oc ./Results/v1_Top500_Run_20250504_162200/streme_out_cluster_5372
********************************************************************************
CPU:		Hirokis-MacBook-Air.local
********************************************************************************
FINALTIME:	0.23 seconds
********************************************************************************
