********************************************************************************
STREME - Sensitive, Thorough, Rapid, Enriched Motif Elicitation
********************************************************************************
MEME version 5.5.7 (Release date: Wed Jun 19 13:59:04 2024 -0700)

For further information on how to interpret these results please access https://meme-suite.org/meme.
To get a copy of the MEME Suite software please access https://meme-suite.org.

********************************************************************************


********************************************************************************
REFERENCE
********************************************************************************
If you use this program in your research, please cite:

Timothy L. Bailey,
"STREME: accurate and versatile sequence motif discovery",
Bioinformatics, Mar. 24, 2021.
********************************************************************************


ALPHABET= ACDEFGHIKLMNPQRSTVWY

strands: +

Background letter frequencies
A 0.149 C 5.64e-05 D 0.0102 E 0.00344 F 0.00683 G 0.453 H 5.64e-05 I 0.0057 K 5.64e-05 L 0.0328 M 5.64e-05 N 0.00457 P 0.0125 Q 0.112 R 0.0768 S 0.0463 T 0.00457 V 0.00344 W 5.64e-05 Y 0.0791 

MOTIF 1-GQGRYG STREME-1
letter-probability matrix: alength= 20 w= 6 nsites= 58 E= 2.0e-002
 0.000410 0.000000 0.000028 0.019072 0.000019 0.941048 0.000000 0.000016 0.000000 0.000090 0.000000 0.000013 0.000034 0.000307 0.000211 0.038511 0.000013 0.000009 0.000000 0.000217
 0.177668 0.000000 0.000028 0.000009 0.000019 0.001245 0.000000 0.077049 0.000000 0.175095 0.000000 0.000013 0.117069 0.412843 0.038595 0.000127 0.000013 0.000009 0.000000 0.000217
 0.000410 0.000000 0.000028 0.000009 0.000019 0.979432 0.000000 0.000016 0.000000 0.000090 0.000000 0.019075 0.000034 0.000307 0.000211 0.000127 0.000013 0.000009 0.000000 0.000217
 0.000410 0.000000 0.000028 0.000009 0.000019 0.139959 0.000000 0.000016 0.000000 0.000090 0.000000 0.000013 0.000034 0.000307 0.858747 0.000127 0.000013 0.000009 0.000000 0.000217
 0.000410 0.000000 0.000028 0.000009 0.000019 0.001245 0.000000 0.000016 0.000000 0.195397 0.000000 0.000013 0.000034 0.077341 0.000211 0.019190 0.000013 0.000009 0.000000 0.706064
 0.000410 0.000000 0.019091 0.000009 0.000019 0.979432 0.000000 0.000016 0.000000 0.000090 0.000000 0.000013 0.000034 0.000307 0.000211 0.000127 0.000013 0.000009 0.000000 0.000217

MOTIF 2-QGAA STREME-2
letter-probability matrix: alength= 20 w= 4 nsites= 20 E= 1.2e-001
 0.001898 0.000001 0.000130 0.000044 0.000087 0.005768 0.000001 0.000073 0.000001 0.000418 0.000001 0.000058 0.000159 0.988683 0.000979 0.000590 0.000058 0.000044 0.000001 0.001007
 0.090214 0.000001 0.000130 0.000044 0.000087 0.904711 0.000001 0.000073 0.000001 0.000418 0.000001 0.000058 0.000159 0.001424 0.000979 0.000590 0.000058 0.000044 0.000001 0.001007
 0.771781 0.000001 0.000130 0.000044 0.000087 0.223144 0.000001 0.000073 0.000001 0.000418 0.000001 0.000058 0.000159 0.001424 0.000979 0.000590 0.000058 0.000044 0.000001 0.001007
 0.668169 0.000001 0.000130 0.000044 0.000087 0.326756 0.000001 0.000073 0.000001 0.000418 0.000001 0.000058 0.000159 0.001424 0.000979 0.000590 0.000058 0.000044 0.000001 0.001007

MOTIF 3-YDQG STREME-3
letter-probability matrix: alength= 20 w= 4 nsites= 14 E= 5.0e+000
 0.002240 0.000001 0.000153 0.000052 0.000103 0.216582 0.000001 0.000086 0.000001 0.000493 0.000001 0.000069 0.000187 0.001680 0.001154 0.000696 0.000069 0.104235 0.000001 0.672197
 0.002240 0.000001 0.523892 0.000052 0.000103 0.468035 0.000001 0.000086 0.000001 0.000493 0.000001 0.000069 0.000187 0.001680 0.001154 0.000696 0.000069 0.000052 0.000001 0.001188
 0.002240 0.000001 0.000153 0.000052 0.209880 0.006804 0.000001 0.000086 0.000001 0.000493 0.000001 0.000069 0.000187 0.776872 0.001154 0.000696 0.000069 0.000052 0.000001 0.001188
 0.002240 0.000001 0.000153 0.000052 0.000103 0.887591 0.000001 0.000086 0.000001 0.000493 0.000001 0.000069 0.000187 0.001680 0.001154 0.104880 0.000069 0.000052 0.000001 0.001188

MOTIF 4-AASA STREME-4
letter-probability matrix: alength= 20 w= 4 nsites= 5 E= 5.0e+000
 0.978060 0.000001 0.000263 0.000089 0.000176 0.011671 0.000001 0.000147 0.000001 0.000845 0.000001 0.000118 0.000321 0.002882 0.001980 0.001194 0.000118 0.000089 0.000001 0.002038
 0.904693 0.000001 0.000263 0.000089 0.000176 0.085038 0.000001 0.000147 0.000001 0.000845 0.000001 0.000118 0.000321 0.002882 0.001980 0.001194 0.000118 0.000089 0.000001 0.002038
 0.182545 0.000001 0.000263 0.000089 0.000176 0.190375 0.000001 0.000147 0.000001 0.000845 0.000001 0.000118 0.000321 0.002882 0.001980 0.618005 0.000118 0.000089 0.000001 0.002038
 0.978060 0.000001 0.000263 0.000089 0.000176 0.011671 0.000001 0.000147 0.000001 0.000845 0.000001 0.000118 0.000321 0.002882 0.001980 0.001194 0.000118 0.000089 0.000001 0.002038

MOTIF 5-QGQGA STREME-5
letter-probability matrix: alength= 20 w= 5 nsites= 5 E= 5.0e+000
 0.004135 0.000002 0.000283 0.000096 0.000189 0.012562 0.000002 0.000158 0.000002 0.000910 0.000002 0.000127 0.000346 0.975352 0.002131 0.001286 0.000127 0.000096 0.000002 0.002194
 0.004135 0.000002 0.000283 0.000096 0.000189 0.984812 0.000002 0.000158 0.000002 0.000910 0.000002 0.000127 0.000346 0.003102 0.002131 0.001286 0.000127 0.000096 0.000002 0.002194
 0.004135 0.000002 0.000283 0.000096 0.000189 0.012562 0.000002 0.000158 0.000002 0.000910 0.000002 0.000127 0.000346 0.588046 0.002131 0.001286 0.387433 0.000096 0.000002 0.002194
 0.004135 0.000002 0.000283 0.000096 0.000189 0.984812 0.000002 0.000158 0.000002 0.000910 0.000002 0.000127 0.000346 0.003102 0.002131 0.001286 0.000127 0.000096 0.000002 0.002194
 0.976384 0.000002 0.000283 0.000096 0.000189 0.012562 0.000002 0.000158 0.000002 0.000910 0.000002 0.000127 0.000346 0.003102 0.002131 0.001286 0.000127 0.000096 0.000002 0.002194

********************************************************************************
Stopped because 3 consecutive motifs exceeded the p-value threshold (0.05).
********************************************************************************
COMMAND:	streme --protein --p ./Data/v1_cluster_windows_15mers/cluster_6654.fasta --minw 3 --maxw 15 --thresh 0.05 --oc ./Results/v1_Top500_Run_20250504_162200/streme_out_cluster_6654
********************************************************************************
CPU:		Hirokis-MacBook-Air.local
********************************************************************************
FINALTIME:	0.22 seconds
********************************************************************************
