********************************************************************************
STREME - Sensitive, Thorough, Rapid, Enriched Motif Elicitation
********************************************************************************
MEME version 5.5.7 (Release date: Wed Jun 19 13:59:04 2024 -0700)

For further information on how to interpret these results please access https://meme-suite.org/meme.
To get a copy of the MEME Suite software please access https://meme-suite.org.

********************************************************************************


********************************************************************************
REFERENCE
********************************************************************************
If you use this program in your research, please cite:

Timothy L. Bailey,
"STREME: accurate and versatile sequence motif discovery",
Bioinformatics, Mar. 24, 2021.
********************************************************************************


ALPHABET= ACDEFGHIKLMNPQRSTVWY

strands: +

Background letter frequencies
A 0.425 C 7.92e-05 D 0.00325 E 7.92e-05 F 7.92e-05 G 0.258 H 7.92e-05 I 0.0112 K 7.92e-05 L 0.0587 M 0.00642 N 7.92e-05 P 7.92e-05 Q 7.92e-05 R 0.008 S 0.178 T 0.0444 V 0.00483 W 7.92e-05 Y 0.00166 

MOTIF 1-SAAAAAGSGTGGL STREME-1
letter-probability matrix: alength= 20 w= 13 nsites= 41 S= 2.6e-023
 0.054076 0.000000 0.000012 0.000000 0.000000 0.000978 0.000000 0.000042 0.000000 0.000222 0.000024 0.000000 0.000000 0.000000 0.000030 0.944419 0.000168 0.000018 0.000000 0.000006
 0.997823 0.000000 0.000012 0.000000 0.000000 0.000978 0.000000 0.000042 0.000000 0.000222 0.000024 0.000000 0.000000 0.000000 0.000030 0.000672 0.000168 0.000018 0.000000 0.000006
 0.892886 0.000000 0.000012 0.000000 0.000000 0.000978 0.000000 0.000042 0.000000 0.000222 0.000024 0.000000 0.000000 0.000000 0.000030 0.105609 0.000168 0.000018 0.000000 0.000006
 0.997823 0.000000 0.000012 0.000000 0.000000 0.000978 0.000000 0.000042 0.000000 0.000222 0.000024 0.000000 0.000000 0.000000 0.000030 0.000672 0.000168 0.000018 0.000000 0.000006
 0.971589 0.000000 0.000012 0.000000 0.000000 0.000978 0.000000 0.000042 0.000000 0.000222 0.000024 0.000000 0.000000 0.000000 0.000030 0.026906 0.000168 0.000018 0.000000 0.000006
 0.997823 0.000000 0.000012 0.000000 0.000000 0.000978 0.000000 0.000042 0.000000 0.000222 0.000024 0.000000 0.000000 0.000000 0.000030 0.000672 0.000168 0.000018 0.000000 0.000006
 0.001608 0.000000 0.000012 0.000000 0.000000 0.997193 0.000000 0.000042 0.000000 0.000222 0.000024 0.000000 0.000000 0.000000 0.000030 0.000672 0.000168 0.000018 0.000000 0.000006
 0.001608 0.000000 0.000012 0.000000 0.000000 0.000978 0.000000 0.000042 0.000000 0.000222 0.000024 0.000000 0.000000 0.000000 0.000030 0.996887 0.000168 0.000018 0.000000 0.000006
 0.001608 0.000000 0.000012 0.000000 0.000000 0.889434 0.000000 0.000042 0.000000 0.000222 0.000024 0.000000 0.000000 0.000000 0.107789 0.000672 0.000168 0.000018 0.000000 0.000006
 0.134172 0.000000 0.052940 0.000000 0.000000 0.000978 0.000000 0.080138 0.000000 0.000222 0.000024 0.000000 0.000000 0.000000 0.000030 0.000672 0.650699 0.080114 0.000000 0.000006
 0.001608 0.000000 0.000012 0.000000 0.000000 0.997193 0.000000 0.000042 0.000000 0.000222 0.000024 0.000000 0.000000 0.000000 0.000030 0.000672 0.000168 0.000018 0.000000 0.000006
 0.001608 0.000000 0.000012 0.000000 0.000000 0.970959 0.000000 0.000042 0.000000 0.000222 0.000024 0.000000 0.000000 0.000000 0.026265 0.000672 0.000168 0.000018 0.000000 0.000006
 0.001608 0.000000 0.000012 0.000000 0.000000 0.000978 0.000000 0.000042 0.000000 0.888679 0.107783 0.000000 0.000000 0.000000 0.000030 0.000672 0.000168 0.000018 0.000000 0.000006

MOTIF 2-AAASAAAGTAGYGG STREME-2
letter-probability matrix: alength= 20 w= 14 nsites= 1 S= 5.0e-001
 0.947708 0.000007 0.000295 0.000007 0.000007 0.023490 0.000007 0.001015 0.000007 0.005338 0.000583 0.000007 0.000007 0.000007 0.000728 0.016145 0.004041 0.000439 0.000007 0.000151
 0.947708 0.000007 0.000295 0.000007 0.000007 0.023490 0.000007 0.001015 0.000007 0.005338 0.000583 0.000007 0.000007 0.000007 0.000728 0.016145 0.004041 0.000439 0.000007 0.000151
 0.947708 0.000007 0.000295 0.000007 0.000007 0.023490 0.000007 0.001015 0.000007 0.005338 0.000583 0.000007 0.000007 0.000007 0.000728 0.016145 0.004041 0.000439 0.000007 0.000151
 0.038617 0.000007 0.000295 0.000007 0.000007 0.023490 0.000007 0.001015 0.000007 0.005338 0.000583 0.000007 0.000007 0.000007 0.000728 0.925236 0.004041 0.000439 0.000007 0.000151
 0.947708 0.000007 0.000295 0.000007 0.000007 0.023490 0.000007 0.001015 0.000007 0.005338 0.000583 0.000007 0.000007 0.000007 0.000728 0.016145 0.004041 0.000439 0.000007 0.000151
 0.947708 0.000007 0.000295 0.000007 0.000007 0.023490 0.000007 0.001015 0.000007 0.005338 0.000583 0.000007 0.000007 0.000007 0.000728 0.016145 0.004041 0.000439 0.000007 0.000151
 0.947708 0.000007 0.000295 0.000007 0.000007 0.023490 0.000007 0.001015 0.000007 0.005338 0.000583 0.000007 0.000007 0.000007 0.000728 0.016145 0.004041 0.000439 0.000007 0.000151
 0.038617 0.000007 0.000295 0.000007 0.000007 0.932581 0.000007 0.001015 0.000007 0.005338 0.000583 0.000007 0.000007 0.000007 0.000728 0.016145 0.004041 0.000439 0.000007 0.000151
 0.038617 0.000007 0.000295 0.000007 0.000007 0.023490 0.000007 0.001015 0.000007 0.005338 0.000583 0.000007 0.000007 0.000007 0.000728 0.016145 0.913132 0.000439 0.000007 0.000151
 0.947708 0.000007 0.000295 0.000007 0.000007 0.023490 0.000007 0.001015 0.000007 0.005338 0.000583 0.000007 0.000007 0.000007 0.000728 0.016145 0.004041 0.000439 0.000007 0.000151
 0.038617 0.000007 0.000295 0.000007 0.000007 0.932581 0.000007 0.001015 0.000007 0.005338 0.000583 0.000007 0.000007 0.000007 0.000728 0.016145 0.004041 0.000439 0.000007 0.000151
 0.038617 0.000007 0.000295 0.000007 0.000007 0.023490 0.000007 0.001015 0.000007 0.005338 0.000583 0.000007 0.000007 0.000007 0.000728 0.016145 0.004041 0.000439 0.000007 0.909242
 0.038617 0.000007 0.000295 0.000007 0.000007 0.932581 0.000007 0.001015 0.000007 0.005338 0.000583 0.000007 0.000007 0.000007 0.000728 0.016145 0.004041 0.000439 0.000007 0.000151
 0.038617 0.000007 0.000295 0.000007 0.000007 0.932581 0.000007 0.001015 0.000007 0.005338 0.000583 0.000007 0.000007 0.000007 0.000728 0.016145 0.004041 0.000439 0.000007 0.000151

MOTIF 3-ATA STREME-3
letter-probability matrix: alength= 20 w= 3 nsites= 2 S= 9.0e-001
 0.947708 0.000007 0.000295 0.000007 0.000007 0.023490 0.000007 0.001015 0.000007 0.005338 0.000583 0.000007 0.000007 0.000007 0.000728 0.016145 0.004041 0.000439 0.000007 0.000151
 0.038617 0.000007 0.000295 0.000007 0.000007 0.023490 0.000007 0.001015 0.000007 0.005338 0.000583 0.000007 0.000007 0.000007 0.000728 0.016145 0.913132 0.000439 0.000007 0.000151
 0.947708 0.000007 0.000295 0.000007 0.000007 0.023490 0.000007 0.001015 0.000007 0.005338 0.000583 0.000007 0.000007 0.000007 0.000728 0.016145 0.004041 0.000439 0.000007 0.000151

MOTIF 4-ASA STREME-4
letter-probability matrix: alength= 20 w= 3 nsites= 1 S= 1.0e+000
 0.947708 0.000007 0.000295 0.000007 0.000007 0.023490 0.000007 0.001015 0.000007 0.005338 0.000583 0.000007 0.000007 0.000007 0.000728 0.016145 0.004041 0.000439 0.000007 0.000151
 0.038617 0.000007 0.000295 0.000007 0.000007 0.023490 0.000007 0.001015 0.000007 0.005338 0.000583 0.000007 0.000007 0.000007 0.000728 0.925236 0.004041 0.000439 0.000007 0.000151
 0.947708 0.000007 0.000295 0.000007 0.000007 0.023490 0.000007 0.001015 0.000007 0.005338 0.000583 0.000007 0.000007 0.000007 0.000728 0.016145 0.004041 0.000439 0.000007 0.000151

MOTIF 5-AAA STREME-5
letter-probability matrix: alength= 20 w= 3 nsites= 4 S= 1.0e+000
 0.947708 0.000007 0.000295 0.000007 0.000007 0.023490 0.000007 0.001015 0.000007 0.005338 0.000583 0.000007 0.000007 0.000007 0.000728 0.016145 0.004041 0.000439 0.000007 0.000151
 0.947708 0.000007 0.000295 0.000007 0.000007 0.023490 0.000007 0.001015 0.000007 0.005338 0.000583 0.000007 0.000007 0.000007 0.000728 0.016145 0.004041 0.000439 0.000007 0.000151
 0.947708 0.000007 0.000295 0.000007 0.000007 0.023490 0.000007 0.001015 0.000007 0.005338 0.000583 0.000007 0.000007 0.000007 0.000728 0.016145 0.004041 0.000439 0.000007 0.000151

********************************************************************************
Stopped because maximum number of motifs (5) reached.
********************************************************************************
COMMAND:	streme --protein --p ./Data/v1_cluster_windows_15mers/cluster_13531.fasta --minw 3 --maxw 15 --thresh 0.05 --oc ./Results/v1_Top500_Run_20250504_162200/streme_out_cluster_13531
********************************************************************************
CPU:		Hirokis-MacBook-Air.local
********************************************************************************
FINALTIME:	0.19 seconds
********************************************************************************
