********************************************************************************
STREME - Sensitive, Thorough, Rapid, Enriched Motif Elicitation
********************************************************************************
MEME version 5.5.7 (Release date: Wed Jun 19 13:59:04 2024 -0700)

For further information on how to interpret these results please access https://meme-suite.org/meme.
To get a copy of the MEME Suite software please access https://meme-suite.org.

********************************************************************************


********************************************************************************
REFERENCE
********************************************************************************
If you use this program in your research, please cite:

Timothy L. Bailey,
"STREME: accurate and versatile sequence motif discovery",
Bioinformatics, Mar. 24, 2021.
********************************************************************************


ALPHABET= ACDEFGHIKLMNPQRSTVWY

strands: +

Background letter frequencies
A 0.0215 C 2.56e-05 D 2.56e-05 E 2.56e-05 F 0.00105 G 0.434 H 2.56e-05 I 2.56e-05 K 2.56e-05 L 0.000538 M 2.56e-05 N 0.00413 P 0.257 Q 0.08 R 0.00259 S 0.112 T 0.00259 V 0.0072 W 2.56e-05 Y 0.0769 

MOTIF 1-SGPGQYGPSGP STREME-1
letter-probability matrix: alength= 20 w= 11 nsites= 130 E= 4.8e-007
 0.183722 0.000000 0.000000 0.000000 0.000001 0.122411 0.000000 0.000000 0.000000 0.000001 0.000000 0.015927 0.000295 0.000092 0.000003 0.580748 0.007939 0.088773 0.000000 0.000088
 0.007961 0.000000 0.000000 0.000000 0.000001 0.991416 0.000000 0.000000 0.000000 0.000001 0.000000 0.000005 0.000295 0.000092 0.000003 0.000128 0.000003 0.000008 0.000000 0.000088
 0.007961 0.000000 0.000000 0.000000 0.000001 0.000497 0.000000 0.000000 0.000000 0.000001 0.000000 0.000005 0.991213 0.000092 0.000003 0.000128 0.000003 0.000008 0.000000 0.000088
 0.000025 0.000000 0.000000 0.000000 0.000001 0.999352 0.000000 0.000000 0.000000 0.000001 0.000000 0.000005 0.000295 0.000092 0.000003 0.000128 0.000003 0.000008 0.000000 0.000088
 0.000025 0.000000 0.000000 0.000000 0.000001 0.000497 0.000000 0.000000 0.000000 0.000001 0.000000 0.000005 0.000295 0.998947 0.000003 0.000128 0.000003 0.000008 0.000000 0.000088
 0.000025 0.000000 0.000000 0.000000 0.007938 0.000497 0.000000 0.000000 0.000000 0.000001 0.000000 0.000005 0.000295 0.000092 0.000003 0.000128 0.000003 0.000008 0.000000 0.991007
 0.000025 0.000000 0.000000 0.000000 0.000001 0.991416 0.000000 0.000000 0.000000 0.000001 0.000000 0.000005 0.000295 0.000092 0.007939 0.000128 0.000003 0.000008 0.000000 0.000088
 0.007961 0.000000 0.000000 0.000000 0.000001 0.000497 0.000000 0.000000 0.000000 0.000001 0.000000 0.000005 0.983277 0.000092 0.000003 0.008064 0.000003 0.000008 0.000000 0.000088
 0.000025 0.000000 0.000000 0.000000 0.000001 0.129455 0.000000 0.000000 0.000000 0.000001 0.000000 0.040186 0.000295 0.000092 0.023812 0.806035 0.000003 0.000008 0.000000 0.000088
 0.000025 0.000000 0.000000 0.000000 0.000001 0.983479 0.000000 0.000000 0.000000 0.000001 0.000000 0.000005 0.000295 0.008028 0.000003 0.008064 0.000003 0.000008 0.000000 0.000088
 0.015947 0.000000 0.000000 0.000000 0.000001 0.008434 0.000000 0.000000 0.000000 0.007937 0.000000 0.000005 0.935560 0.008028 0.000003 0.023986 0.000003 0.000008 0.000000 0.000088

MOTIF 2-GPGG STREME-2
letter-probability matrix: alength= 20 w= 4 nsites= 80 E= 3.9e-002
 0.000118 0.000000 0.000000 0.000000 0.000006 0.996897 0.000000 0.000000 0.000000 0.000003 0.000000 0.000023 0.001411 0.000439 0.000014 0.000613 0.000014 0.000039 0.000000 0.000422
 0.000118 0.000000 0.000000 0.000000 0.000006 0.002381 0.000000 0.000000 0.000000 0.000003 0.000000 0.000023 0.995927 0.000439 0.000014 0.000613 0.000014 0.000039 0.000000 0.000422
 0.092708 0.000000 0.000000 0.000000 0.000006 0.904165 0.000000 0.000000 0.000000 0.000003 0.000000 0.000023 0.001411 0.000439 0.000014 0.000755 0.000014 0.000039 0.000000 0.000422
 0.000118 0.000000 0.000000 0.000000 0.000006 0.996897 0.000000 0.000000 0.000000 0.000003 0.000000 0.000023 0.001411 0.000439 0.000014 0.000613 0.000014 0.000039 0.000000 0.000422

MOTIF 3-QYGP STREME-3
letter-probability matrix: alength= 20 w= 4 nsites= 21 E= 2.5e+000
 0.001959 0.000002 0.000002 0.000002 0.000096 0.039471 0.000002 0.000002 0.000002 0.000049 0.000002 0.000375 0.023390 0.916362 0.000235 0.010163 0.000235 0.000655 0.000002 0.006992
 0.001959 0.000002 0.000002 0.000002 0.000096 0.039471 0.000002 0.000002 0.000002 0.000049 0.000002 0.000375 0.023390 0.007271 0.000235 0.010163 0.000235 0.000655 0.000002 0.916082
 0.001959 0.000002 0.000002 0.000002 0.000096 0.948562 0.000002 0.000002 0.000002 0.000049 0.000002 0.000375 0.023390 0.007271 0.000235 0.010163 0.000235 0.000655 0.000002 0.006992
 0.001959 0.000002 0.000002 0.000002 0.000096 0.039471 0.000002 0.000002 0.000002 0.000049 0.000002 0.000375 0.932481 0.007271 0.000235 0.010163 0.000235 0.000655 0.000002 0.006992

MOTIF 4-SSGPG STREME-4
letter-probability matrix: alength= 20 w= 5 nsites= 13 E= 5.0e+000
 0.074308 0.000000 0.000000 0.000000 0.000011 0.004640 0.000000 0.000000 0.000000 0.000006 0.000000 0.000044 0.002750 0.000855 0.000028 0.842353 0.074105 0.000077 0.000000 0.000822
 0.000230 0.000000 0.000000 0.000000 0.000011 0.004640 0.000000 0.000000 0.000000 0.000006 0.000000 0.000044 0.002750 0.000855 0.000028 0.990508 0.000028 0.000077 0.000000 0.000822
 0.000230 0.000000 0.000000 0.000000 0.000011 0.993953 0.000000 0.000000 0.000000 0.000006 0.000000 0.000044 0.002750 0.000855 0.000028 0.001195 0.000028 0.000077 0.000000 0.000822
 0.000230 0.000000 0.000000 0.000000 0.000011 0.004640 0.000000 0.000000 0.000000 0.000006 0.000000 0.000044 0.992063 0.000855 0.000028 0.001195 0.000028 0.000077 0.000000 0.000822
 0.000230 0.000000 0.000000 0.000000 0.000011 0.993953 0.000000 0.000000 0.000000 0.000006 0.000000 0.000044 0.002750 0.000855 0.000028 0.001195 0.000028 0.000077 0.000000 0.000822

MOTIF 5-AASAG STREME-5
letter-probability matrix: alength= 20 w= 5 nsites= 2 E= 5.0e+000
 0.911050 0.000002 0.000002 0.000002 0.000096 0.039471 0.000002 0.000002 0.000002 0.000049 0.000002 0.000375 0.023390 0.007271 0.000235 0.010163 0.000235 0.000655 0.000002 0.006992
 0.911050 0.000002 0.000002 0.000002 0.000096 0.039471 0.000002 0.000002 0.000002 0.000049 0.000002 0.000375 0.023390 0.007271 0.000235 0.010163 0.000235 0.000655 0.000002 0.006992
 0.001959 0.000002 0.000002 0.000002 0.000096 0.039471 0.000002 0.000002 0.000002 0.000049 0.000002 0.000375 0.023390 0.007271 0.000235 0.919254 0.000235 0.000655 0.000002 0.006992
 0.911050 0.000002 0.000002 0.000002 0.000096 0.039471 0.000002 0.000002 0.000002 0.000049 0.000002 0.000375 0.023390 0.007271 0.000235 0.010163 0.000235 0.000655 0.000002 0.006992
 0.001959 0.000002 0.000002 0.000002 0.000096 0.948562 0.000002 0.000002 0.000002 0.000049 0.000002 0.000375 0.023390 0.007271 0.000235 0.010163 0.000235 0.000655 0.000002 0.006992

********************************************************************************
Stopped because 3 consecutive motifs exceeded the p-value threshold (0.05).
********************************************************************************
COMMAND:	streme --protein --p ./Data/v1_cluster_windows_15mers/cluster_21269.fasta --minw 3 --maxw 15 --thresh 0.05 --oc ./Results/v1_Top500_Run_20250504_162200/streme_out_cluster_21269
********************************************************************************
CPU:		Hirokis-MacBook-Air.local
********************************************************************************
FINALTIME:	0.20 seconds
********************************************************************************
