********************************************************************************
STREME - Sensitive, Thorough, Rapid, Enriched Motif Elicitation
********************************************************************************
MEME version 5.5.7 (Release date: Wed Jun 19 13:59:04 2024 -0700)

For further information on how to interpret these results please access https://meme-suite.org/meme.
To get a copy of the MEME Suite software please access https://meme-suite.org.

********************************************************************************


********************************************************************************
REFERENCE
********************************************************************************
If you use this program in your research, please cite:

Timothy L. Bailey,
"STREME: accurate and versatile sequence motif discovery",
Bioinformatics, Mar. 24, 2021.
********************************************************************************


ALPHABET= ACDEFGHIKLMNPQRSTVWY

strands: +

Background letter frequencies
A 0.127 C 0.00273 D 6.66e-05 E 0.125 F 6.66e-05 G 6.66e-05 H 0.0666 I 0.238 K 6.66e-05 L 0.221 M 0.0134 N 0.00672 P 6.66e-05 Q 0.00806 R 0.0014 S 0.0627 T 0.048 V 0.0786 W 6.66e-05 Y 6.66e-05 

MOTIF 1-EALIEVVALLLHIIS STREME-1
letter-probability matrix: alength= 20 w= 15 nsites= 50 E= 7.9e-003
 0.011509 0.000248 0.000006 0.920473 0.000006 0.000006 0.006058 0.021673 0.000006 0.020101 0.001216 0.000611 0.000006 0.000732 0.000127 0.005696 0.004364 0.007148 0.000006 0.000006
 0.920600 0.000248 0.000006 0.011382 0.000006 0.000006 0.006058 0.021673 0.000006 0.020101 0.001216 0.000611 0.000006 0.000732 0.000127 0.005696 0.004364 0.007148 0.000006 0.000006
 0.011509 0.000248 0.000006 0.011382 0.000006 0.000006 0.006058 0.021673 0.000006 0.929191 0.001216 0.000611 0.000006 0.000732 0.000127 0.005696 0.004364 0.007148 0.000006 0.000006
 0.011509 0.000248 0.000006 0.011382 0.000006 0.000006 0.006058 0.930764 0.000006 0.020101 0.001216 0.000611 0.000006 0.000732 0.000127 0.005696 0.004364 0.007148 0.000006 0.000006
 0.011509 0.000248 0.000006 0.920473 0.000006 0.000006 0.006058 0.021673 0.000006 0.020101 0.001216 0.000611 0.000006 0.000732 0.000127 0.005696 0.004364 0.007148 0.000006 0.000006
 0.011509 0.000248 0.000006 0.011382 0.000006 0.000006 0.006058 0.021673 0.000006 0.020101 0.001216 0.000611 0.000006 0.000732 0.000127 0.005696 0.004364 0.916239 0.000006 0.000006
 0.011509 0.000248 0.000006 0.011382 0.000006 0.000006 0.006058 0.021673 0.000006 0.020101 0.001216 0.000611 0.000006 0.000732 0.000127 0.005696 0.004364 0.916239 0.000006 0.000006
 0.920600 0.000248 0.000006 0.011382 0.000006 0.000006 0.006058 0.021673 0.000006 0.020101 0.001216 0.000611 0.000006 0.000732 0.000127 0.005696 0.004364 0.007148 0.000006 0.000006
 0.011509 0.000248 0.000006 0.011382 0.000006 0.000006 0.006058 0.021673 0.000006 0.929191 0.001216 0.000611 0.000006 0.000732 0.000127 0.005696 0.004364 0.007148 0.000006 0.000006
 0.011509 0.000248 0.000006 0.011382 0.000006 0.000006 0.006058 0.021673 0.000006 0.929191 0.001216 0.000611 0.000006 0.000732 0.000127 0.005696 0.004364 0.007148 0.000006 0.000006
 0.011509 0.000248 0.000006 0.011382 0.000006 0.000006 0.006058 0.021673 0.000006 0.929191 0.001216 0.000611 0.000006 0.000732 0.000127 0.005696 0.004364 0.007148 0.000006 0.000006
 0.011509 0.000248 0.000006 0.011382 0.000006 0.000006 0.915149 0.021673 0.000006 0.020101 0.001216 0.000611 0.000006 0.000732 0.000127 0.005696 0.004364 0.007148 0.000006 0.000006
 0.011509 0.000248 0.000006 0.011382 0.000006 0.000006 0.006058 0.930764 0.000006 0.020101 0.001216 0.000611 0.000006 0.000732 0.000127 0.005696 0.004364 0.007148 0.000006 0.000006
 0.011509 0.000248 0.000006 0.011382 0.000006 0.000006 0.006058 0.930764 0.000006 0.020101 0.001216 0.000611 0.000006 0.000732 0.000127 0.005696 0.004364 0.007148 0.000006 0.000006
 0.011509 0.000248 0.000006 0.011382 0.000006 0.000006 0.006058 0.021673 0.000006 0.020101 0.001216 0.000611 0.000006 0.000732 0.000127 0.914787 0.004364 0.007148 0.000006 0.000006

MOTIF 2-VLN STREME-2
letter-probability matrix: alength= 20 w= 3 nsites= 1 E= 2.0e+000
 0.011509 0.000248 0.000006 0.011382 0.000006 0.000006 0.006058 0.021673 0.000006 0.020101 0.001216 0.000611 0.000006 0.000732 0.000127 0.005696 0.004364 0.916239 0.000006 0.000006
 0.011509 0.000248 0.000006 0.011382 0.000006 0.000006 0.006058 0.021673 0.000006 0.929191 0.001216 0.000611 0.000006 0.000732 0.000127 0.005696 0.004364 0.007148 0.000006 0.000006
 0.011509 0.000248 0.000006 0.011382 0.000006 0.000006 0.006058 0.021673 0.000006 0.020101 0.001216 0.909702 0.000006 0.000732 0.000127 0.005696 0.004364 0.007148 0.000006 0.000006

********************************************************************************
Stopped because the next motif had no positive sites with scores > 0.
********************************************************************************
COMMAND:	streme --protein --p ./Data/v1_cluster_windows_15mers/cluster_10511.fasta --minw 3 --maxw 15 --thresh 0.05 --oc ./Results/v1_Top500_Run_20250504_162200/streme_out_cluster_10511
********************************************************************************
CPU:		Hirokis-MacBook-Air.local
********************************************************************************
FINALTIME:	0.15 seconds
********************************************************************************
