********************************************************************************
STREME - Sensitive, Thorough, Rapid, Enriched Motif Elicitation
********************************************************************************
MEME version 5.5.7 (Release date: Wed Jun 19 13:59:04 2024 -0700)

For further information on how to interpret these results please access https://meme-suite.org/meme.
To get a copy of the MEME Suite software please access https://meme-suite.org.

********************************************************************************


********************************************************************************
REFERENCE
********************************************************************************
If you use this program in your research, please cite:

Timothy L. Bailey,
"STREME: accurate and versatile sequence motif discovery",
Bioinformatics, Mar. 24, 2021.
********************************************************************************


ALPHABET= ACDEFGHIKLMNPQRSTVWY

strands: +

Background letter frequencies
A 0.258 C 7.92e-05 D 0.0651 E 7.92e-05 F 7.92e-05 G 0.135 H 7.92e-05 I 7.92e-05 K 7.92e-05 L 0.00325 M 7.92e-05 N 7.92e-05 P 0.00642 Q 0.0682 R 0.00325 S 0.385 T 0.0666 V 0.00325 W 7.92e-05 Y 0.00483 

MOTIF 1-SSAATASSA STREME-1
letter-probability matrix: alength= 20 w= 9 nsites= 41 S= 2.6e-023
 0.000684 0.000000 0.037188 0.000000 0.000000 0.000357 0.000000 0.000000 0.000000 0.000009 0.000000 0.000000 0.037033 0.000181 0.000009 0.924341 0.000176 0.000009 0.000000 0.000013
 0.000684 0.000000 0.000172 0.000000 0.000000 0.000357 0.000000 0.000000 0.000000 0.000009 0.000000 0.000000 0.018364 0.000181 0.000009 0.980025 0.000176 0.000009 0.000000 0.000013
 0.924326 0.000000 0.000172 0.000000 0.000000 0.000357 0.000000 0.000000 0.000000 0.000009 0.000000 0.000000 0.018364 0.000181 0.000009 0.038035 0.018524 0.000009 0.000000 0.000013
 0.979690 0.000000 0.000172 0.000000 0.000000 0.000357 0.000000 0.000000 0.000000 0.000009 0.000000 0.000000 0.000017 0.000181 0.000009 0.001020 0.000176 0.018356 0.000000 0.000013
 0.000684 0.000000 0.000172 0.000000 0.000000 0.000357 0.000000 0.000000 0.000000 0.000009 0.000000 0.000000 0.000017 0.000181 0.000009 0.019367 0.979182 0.000009 0.000000 0.000013
 0.998037 0.000000 0.000172 0.000000 0.000000 0.000357 0.000000 0.000000 0.000000 0.000009 0.000000 0.000000 0.000017 0.000181 0.000009 0.001020 0.000176 0.000009 0.000000 0.000013
 0.000684 0.000000 0.000172 0.000000 0.000000 0.000357 0.000000 0.000000 0.000000 0.000009 0.000000 0.000000 0.000017 0.000181 0.000009 0.998373 0.000176 0.000009 0.000000 0.000013
 0.037700 0.000000 0.000172 0.000000 0.000000 0.000357 0.000000 0.000000 0.000000 0.000009 0.000000 0.000000 0.000017 0.000181 0.000009 0.961357 0.000176 0.000009 0.000000 0.000013
 0.979690 0.000000 0.018520 0.000000 0.000000 0.000357 0.000000 0.000000 0.000000 0.000009 0.000000 0.000000 0.000017 0.000181 0.000009 0.001020 0.000176 0.000009 0.000000 0.000013

MOTIF 2-DSQG STREME-2
letter-probability matrix: alength= 20 w= 4 nsites= 38 S= 9.7e-020
 0.000688 0.000000 0.997509 0.000000 0.000000 0.000359 0.000000 0.000000 0.000000 0.000009 0.000000 0.000000 0.000017 0.000182 0.000009 0.001026 0.000178 0.000009 0.000000 0.000013
 0.000688 0.000000 0.000173 0.000000 0.000000 0.000359 0.000000 0.000000 0.000000 0.000009 0.000000 0.000000 0.000017 0.000182 0.000009 0.998362 0.000178 0.000009 0.000000 0.000013
 0.000688 0.000000 0.000173 0.000000 0.000000 0.000359 0.000000 0.000000 0.000000 0.037266 0.000000 0.000000 0.000017 0.960261 0.000009 0.001026 0.000178 0.000009 0.000000 0.000013
 0.000688 0.000000 0.000173 0.000000 0.000000 0.941971 0.000000 0.000000 0.000000 0.000009 0.000000 0.000000 0.000017 0.000182 0.037266 0.001026 0.000178 0.018476 0.000000 0.000013

MOTIF 3-QGYG STREME-3
letter-probability matrix: alength= 20 w= 4 nsites= 2 S= 2.5e-001
 0.023490 0.000007 0.005914 0.000007 0.000007 0.012254 0.000007 0.000007 0.000007 0.000295 0.000007 0.000007 0.000583 0.915293 0.000295 0.035017 0.006058 0.000295 0.000007 0.000439
 0.023490 0.000007 0.005914 0.000007 0.000007 0.921345 0.000007 0.000007 0.000007 0.000295 0.000007 0.000007 0.000583 0.006202 0.000295 0.035017 0.006058 0.000295 0.000007 0.000439
 0.023490 0.000007 0.005914 0.000007 0.000007 0.012254 0.000007 0.000007 0.000007 0.000295 0.000007 0.000007 0.000583 0.006202 0.000295 0.035017 0.006058 0.000295 0.000007 0.909530
 0.023490 0.000007 0.005914 0.000007 0.000007 0.921345 0.000007 0.000007 0.000007 0.000295 0.000007 0.000007 0.000583 0.006202 0.000295 0.035017 0.006058 0.000295 0.000007 0.000439

MOTIF 4-GSASTASAGS STREME-4
letter-probability matrix: alength= 20 w= 10 nsites= 1 S= 5.0e-001
 0.032578 0.000010 0.008202 0.000010 0.000010 0.890915 0.000010 0.000010 0.000010 0.000410 0.000010 0.000010 0.000809 0.008602 0.000410 0.048564 0.008402 0.000410 0.000010 0.000609
 0.032578 0.000010 0.008202 0.000010 0.000010 0.016995 0.000010 0.000010 0.000010 0.000410 0.000010 0.000010 0.000809 0.008602 0.000410 0.922484 0.008402 0.000410 0.000010 0.000609
 0.906498 0.000010 0.008202 0.000010 0.000010 0.016995 0.000010 0.000010 0.000010 0.000410 0.000010 0.000010 0.000809 0.008602 0.000410 0.048564 0.008402 0.000410 0.000010 0.000609
 0.032578 0.000010 0.008202 0.000010 0.000010 0.016995 0.000010 0.000010 0.000010 0.000410 0.000010 0.000010 0.000809 0.008602 0.000410 0.922484 0.008402 0.000410 0.000010 0.000609
 0.032578 0.000010 0.008202 0.000010 0.000010 0.016995 0.000010 0.000010 0.000010 0.000410 0.000010 0.000010 0.000809 0.008602 0.000410 0.048564 0.882322 0.000410 0.000010 0.000609
 0.906498 0.000010 0.008202 0.000010 0.000010 0.016995 0.000010 0.000010 0.000010 0.000410 0.000010 0.000010 0.000809 0.008602 0.000410 0.048564 0.008402 0.000410 0.000010 0.000609
 0.032578 0.000010 0.008202 0.000010 0.000010 0.016995 0.000010 0.000010 0.000010 0.000410 0.000010 0.000010 0.000809 0.008602 0.000410 0.922484 0.008402 0.000410 0.000010 0.000609
 0.906498 0.000010 0.008202 0.000010 0.000010 0.016995 0.000010 0.000010 0.000010 0.000410 0.000010 0.000010 0.000809 0.008602 0.000410 0.048564 0.008402 0.000410 0.000010 0.000609
 0.032578 0.000010 0.008202 0.000010 0.000010 0.890915 0.000010 0.000010 0.000010 0.000410 0.000010 0.000010 0.000809 0.008602 0.000410 0.048564 0.008402 0.000410 0.000010 0.000609
 0.032578 0.000010 0.008202 0.000010 0.000010 0.016995 0.000010 0.000010 0.000010 0.000410 0.000010 0.000010 0.000809 0.008602 0.000410 0.922484 0.008402 0.000410 0.000010 0.000609

MOTIF 5-YSQG STREME-5
letter-probability matrix: alength= 20 w= 4 nsites= 1 S= 5.0e-001
 0.032578 0.000010 0.008202 0.000010 0.000010 0.016995 0.000010 0.000010 0.000010 0.000410 0.000010 0.000010 0.000809 0.008602 0.000410 0.048564 0.008402 0.000410 0.000010 0.874529
 0.032578 0.000010 0.008202 0.000010 0.000010 0.016995 0.000010 0.000010 0.000010 0.000410 0.000010 0.000010 0.000809 0.008602 0.000410 0.922484 0.008402 0.000410 0.000010 0.000609
 0.032578 0.000010 0.008202 0.000010 0.000010 0.016995 0.000010 0.000010 0.000010 0.000410 0.000010 0.000010 0.000809 0.882522 0.000410 0.048564 0.008402 0.000410 0.000010 0.000609
 0.032578 0.000010 0.008202 0.000010 0.000010 0.890915 0.000010 0.000010 0.000010 0.000410 0.000010 0.000010 0.000809 0.008602 0.000410 0.048564 0.008402 0.000410 0.000010 0.000609

********************************************************************************
Stopped because maximum number of motifs (5) reached.
********************************************************************************
COMMAND:	streme --protein --p ./Data/v1_cluster_windows_15mers/cluster_12877.fasta --minw 3 --maxw 15 --thresh 0.05 --oc ./Results/v1_Top500_Run_20250504_162200/streme_out_cluster_12877
********************************************************************************
CPU:		Hirokis-MacBook-Air.local
********************************************************************************
FINALTIME:	0.21 seconds
********************************************************************************
