********************************************************************************
STREME - Sensitive, Thorough, Rapid, Enriched Motif Elicitation
********************************************************************************
MEME version 5.5.7 (Release date: Wed Jun 19 13:59:04 2024 -0700)

For further information on how to interpret these results please access https://meme-suite.org/meme.
To get a copy of the MEME Suite software please access https://meme-suite.org.

********************************************************************************


********************************************************************************
REFERENCE
********************************************************************************
If you use this program in your research, please cite:

Timothy L. Bailey,
"STREME: accurate and versatile sequence motif discovery",
Bioinformatics, Mar. 24, 2021.
********************************************************************************


ALPHABET= ACDEFGHIKLMNPQRSTVWY

strands: +

Background letter frequencies
A 0.0984 C 3.97e-05 D 3.97e-05 E 3.97e-05 F 0.00242 G 0.251 H 3.97e-05 I 0.0659 K 3.97e-05 L 0.0682 M 3.97e-05 N 0.027 P 0.0738 Q 3.97e-05 R 0.00321 S 0.304 T 0.0175 V 0.0889 W 3.97e-05 Y 3.97e-05 

MOTIF 1-GGASSPGALSNVIS STREME-1
letter-probability matrix: alength= 20 w= 14 nsites= 84 E= 1.6e-004
 0.008943 0.000004 0.000004 0.000004 0.000220 0.931873 0.000004 0.005987 0.000004 0.006204 0.000004 0.002455 0.006708 0.000004 0.000292 0.027618 0.001590 0.008078 0.000004 0.000004
 0.008943 0.000004 0.000004 0.000004 0.000220 0.931873 0.000004 0.005987 0.000004 0.006204 0.000004 0.002455 0.006708 0.000004 0.000292 0.027618 0.001590 0.008078 0.000004 0.000004
 0.918034 0.000004 0.000004 0.000004 0.000220 0.022782 0.000004 0.005987 0.000004 0.006204 0.000004 0.002455 0.006708 0.000004 0.000292 0.027618 0.001590 0.008078 0.000004 0.000004
 0.008943 0.000004 0.000004 0.000004 0.000220 0.022782 0.000004 0.005987 0.000004 0.006204 0.000004 0.002455 0.006708 0.000004 0.000292 0.936709 0.001590 0.008078 0.000004 0.000004
 0.008943 0.000004 0.000004 0.000004 0.000220 0.022782 0.000004 0.005987 0.000004 0.006204 0.000004 0.002455 0.006708 0.000004 0.000292 0.936709 0.001590 0.008078 0.000004 0.000004
 0.008943 0.000004 0.000004 0.000004 0.000220 0.022782 0.000004 0.005987 0.000004 0.006204 0.000004 0.002455 0.915799 0.000004 0.000292 0.027618 0.001590 0.008078 0.000004 0.000004
 0.008943 0.000004 0.000004 0.000004 0.000220 0.931873 0.000004 0.005987 0.000004 0.006204 0.000004 0.002455 0.006708 0.000004 0.000292 0.027618 0.001590 0.008078 0.000004 0.000004
 0.918034 0.000004 0.000004 0.000004 0.000220 0.022782 0.000004 0.005987 0.000004 0.006204 0.000004 0.002455 0.006708 0.000004 0.000292 0.027618 0.001590 0.008078 0.000004 0.000004
 0.008943 0.000004 0.000004 0.000004 0.000220 0.022782 0.000004 0.005987 0.000004 0.915295 0.000004 0.002455 0.006708 0.000004 0.000292 0.027618 0.001590 0.008078 0.000004 0.000004
 0.008943 0.000004 0.000004 0.000004 0.000220 0.022782 0.000004 0.005987 0.000004 0.006204 0.000004 0.002455 0.006708 0.000004 0.000292 0.936709 0.001590 0.008078 0.000004 0.000004
 0.008943 0.000004 0.000004 0.000004 0.000220 0.022782 0.000004 0.005987 0.000004 0.006204 0.000004 0.911545 0.006708 0.000004 0.000292 0.027618 0.001590 0.008078 0.000004 0.000004
 0.008943 0.000004 0.000004 0.000004 0.000220 0.022782 0.000004 0.005987 0.000004 0.006204 0.000004 0.002455 0.006708 0.000004 0.000292 0.027618 0.001590 0.917169 0.000004 0.000004
 0.008943 0.000004 0.000004 0.000004 0.000220 0.022782 0.000004 0.915078 0.000004 0.006204 0.000004 0.002455 0.006708 0.000004 0.000292 0.027618 0.001590 0.008078 0.000004 0.000004
 0.008943 0.000004 0.000004 0.000004 0.000220 0.022782 0.000004 0.005987 0.000004 0.006204 0.000004 0.002455 0.006708 0.000004 0.000292 0.936709 0.001590 0.008078 0.000004 0.000004

MOTIF 2-PTN STREME-2
letter-probability matrix: alength= 20 w= 3 nsites= 4 E= 2.0e+000
 0.003409 0.000001 0.000001 0.000001 0.000084 0.008684 0.000001 0.002282 0.000001 0.002365 0.000001 0.000936 0.485231 0.000001 0.000111 0.010527 0.483280 0.003079 0.000001 0.000001
 0.003409 0.000001 0.000001 0.000001 0.000084 0.008684 0.000001 0.002282 0.000001 0.002365 0.000001 0.000936 0.002557 0.000001 0.000111 0.010527 0.965955 0.003079 0.000001 0.000001
 0.003409 0.000001 0.000001 0.000001 0.000084 0.008684 0.000001 0.002282 0.000001 0.002365 0.000001 0.966284 0.002557 0.000001 0.000111 0.010527 0.000606 0.003079 0.000001 0.000001

********************************************************************************
Stopped because the next motif had no positive sites with scores > 0.
********************************************************************************
COMMAND:	streme --protein --p ./Data/v1_cluster_windows_15mers/cluster_16288.fasta --minw 3 --maxw 15 --thresh 0.05 --oc ./Results/v1_Top500_Run_20250504_162200/streme_out_cluster_16288
********************************************************************************
CPU:		Hirokis-MacBook-Air.local
********************************************************************************
FINALTIME:	0.16 seconds
********************************************************************************
