********************************************************************************
STREME - Sensitive, Thorough, Rapid, Enriched Motif Elicitation
********************************************************************************
MEME version 5.5.7 (Release date: Wed Jun 19 13:59:04 2024 -0700)

For further information on how to interpret these results please access https://meme-suite.org/meme.
To get a copy of the MEME Suite software please access https://meme-suite.org.

********************************************************************************


********************************************************************************
REFERENCE
********************************************************************************
If you use this program in your research, please cite:

Timothy L. Bailey,
"STREME: accurate and versatile sequence motif discovery",
Bioinformatics, Mar. 24, 2021.
********************************************************************************


ALPHABET= ACDEFGHIKLMNPQRSTVWY

strands: +

Background letter frequencies
A 0.0879 C 7.08e-05 D 7.08e-05 E 7.08e-05 F 7.08e-05 G 0.572 H 7.08e-05 I 7.08e-05 K 7.08e-05 L 0.00149 M 7.08e-05 N 7.08e-05 P 7.08e-05 Q 0.145 R 0.00715 S 0.0242 T 7.08e-05 V 0.0298 W 7.08e-05 Y 0.132 

MOTIF 1-YGGGAYGGQG STREME-1
letter-probability matrix: alength= 20 w= 10 nsites= 47 S= 6.2e-028
 0.000242 0.000000 0.000000 0.000000 0.000000 0.020618 0.000000 0.000000 0.000000 0.000004 0.000000 0.000000 0.000000 0.000397 0.000020 0.000066 0.000000 0.000082 0.000000 0.978569
 0.000242 0.000000 0.000000 0.000000 0.000000 0.998825 0.000000 0.000000 0.000000 0.000004 0.000000 0.000000 0.000000 0.000397 0.000020 0.000066 0.000000 0.000082 0.000000 0.000362
 0.000242 0.000000 0.000000 0.000000 0.000000 0.960437 0.000000 0.000000 0.000000 0.000004 0.000000 0.000000 0.000000 0.000397 0.000020 0.038454 0.000000 0.000082 0.000000 0.000362
 0.000242 0.000000 0.000000 0.000000 0.000000 0.998825 0.000000 0.000000 0.000000 0.000004 0.000000 0.000000 0.000000 0.000397 0.000020 0.000066 0.000000 0.000082 0.000000 0.000362
 0.959106 0.000000 0.000000 0.000000 0.000000 0.001573 0.000000 0.000000 0.000000 0.000004 0.000000 0.000000 0.000000 0.000397 0.000020 0.038454 0.000000 0.000082 0.000000 0.000362
 0.000242 0.000000 0.000000 0.000000 0.000000 0.001573 0.000000 0.000000 0.000000 0.000004 0.000000 0.000000 0.000000 0.000397 0.000020 0.000066 0.000000 0.000082 0.000000 0.997615
 0.000242 0.000000 0.000000 0.000000 0.000000 0.960437 0.000000 0.000000 0.000000 0.000004 0.000000 0.000000 0.000000 0.000397 0.000020 0.038454 0.000000 0.000082 0.000000 0.000362
 0.000242 0.000000 0.000000 0.000000 0.000000 0.979780 0.000000 0.000000 0.000000 0.000004 0.000000 0.000000 0.000000 0.000397 0.000020 0.000066 0.000000 0.019127 0.000000 0.000362
 0.000242 0.000000 0.000000 0.000000 0.000000 0.001573 0.000000 0.000000 0.000000 0.000004 0.000000 0.000000 0.000000 0.997649 0.000020 0.000066 0.000000 0.000082 0.000000 0.000362
 0.038629 0.000000 0.000000 0.000000 0.000000 0.675362 0.000000 0.000000 0.000000 0.000004 0.000000 0.000000 0.000000 0.266427 0.000020 0.019112 0.000000 0.000082 0.000000 0.000362

MOTIF 2-GQGG STREME-2
letter-probability matrix: alength= 20 w= 4 nsites= 42 S= 6.2e-009
 0.000528 0.000000 0.000000 0.000000 0.000000 0.794886 0.000000 0.000000 0.000000 0.000009 0.000000 0.000000 0.000000 0.000868 0.017100 0.144018 0.000000 0.041795 0.000000 0.000791
 0.000528 0.000000 0.000000 0.000000 0.000000 0.003436 0.000000 0.000000 0.000000 0.000009 0.000000 0.000000 0.000000 0.994864 0.000043 0.000145 0.000000 0.000179 0.000000 0.000791
 0.000528 0.000000 0.000000 0.000000 0.000000 0.997432 0.000000 0.000000 0.000000 0.000009 0.000000 0.000000 0.000000 0.000868 0.000043 0.000145 0.000000 0.000179 0.000000 0.000791
 0.017585 0.000000 0.000000 0.000000 0.000000 0.980375 0.000000 0.000000 0.000000 0.000009 0.000000 0.000000 0.000000 0.000868 0.000043 0.000145 0.000000 0.000179 0.000000 0.000791

MOTIF 3-GRGG STREME-3
letter-probability matrix: alength= 20 w= 4 nsites= 4 S= 1.8e-001
 0.007990 0.000006 0.000006 0.000006 0.000006 0.961121 0.000006 0.000006 0.000006 0.000135 0.000006 0.000006 0.000006 0.013137 0.000650 0.002196 0.000006 0.002711 0.000006 0.011982
 0.007990 0.000006 0.000006 0.000006 0.000006 0.052030 0.000006 0.000006 0.000006 0.000135 0.000006 0.000006 0.000006 0.013137 0.909741 0.002196 0.000006 0.002711 0.000006 0.011982
 0.007990 0.000006 0.000006 0.000006 0.000006 0.961121 0.000006 0.000006 0.000006 0.000135 0.000006 0.000006 0.000006 0.013137 0.000650 0.002196 0.000006 0.002711 0.000006 0.011982
 0.007990 0.000006 0.000006 0.000006 0.000006 0.961121 0.000006 0.000006 0.000006 0.000135 0.000006 0.000006 0.000006 0.013137 0.000650 0.002196 0.000006 0.002711 0.000006 0.011982

MOTIF 4-GLSG STREME-4
letter-probability matrix: alength= 20 w= 4 nsites= 1 S= 5.0e-001
 0.011082 0.000009 0.000009 0.000009 0.000009 0.946079 0.000009 0.000009 0.000009 0.000187 0.000009 0.000009 0.000009 0.018219 0.000902 0.003045 0.000009 0.003760 0.000009 0.016618
 0.011082 0.000009 0.000009 0.000009 0.000009 0.072159 0.000009 0.000009 0.000009 0.874107 0.000009 0.000009 0.000009 0.018219 0.000902 0.003045 0.000009 0.003760 0.000009 0.016618
 0.011082 0.000009 0.000009 0.000009 0.000009 0.072159 0.000009 0.000009 0.000009 0.000187 0.000009 0.000009 0.000009 0.018219 0.000902 0.876965 0.000009 0.003760 0.000009 0.016618
 0.011082 0.000009 0.000009 0.000009 0.000009 0.946079 0.000009 0.000009 0.000009 0.000187 0.000009 0.000009 0.000009 0.018219 0.000902 0.003045 0.000009 0.003760 0.000009 0.016618

********************************************************************************
Stopped because the next motif had no positive sites with scores > 0.
********************************************************************************
COMMAND:	streme --protein --p ./Data/v1_cluster_windows_15mers/cluster_17085.fasta --minw 3 --maxw 15 --thresh 0.05 --oc ./Results/v1_Top500_Run_20250504_162200/streme_out_cluster_17085
********************************************************************************
CPU:		Hirokis-MacBook-Air.local
********************************************************************************
FINALTIME:	0.16 seconds
********************************************************************************
