********************************************************************************
STREME - Sensitive, Thorough, Rapid, Enriched Motif Elicitation
********************************************************************************
MEME version 5.5.7 (Release date: Wed Jun 19 13:59:04 2024 -0700)

For further information on how to interpret these results please access https://meme-suite.org/meme.
To get a copy of the MEME Suite software please access https://meme-suite.org.

********************************************************************************


********************************************************************************
REFERENCE
********************************************************************************
If you use this program in your research, please cite:

Timothy L. Bailey,
"STREME: accurate and versatile sequence motif discovery",
Bioinformatics, Mar. 24, 2021.
********************************************************************************


ALPHABET= ACDEFGHIKLMNPQRSTVWY

strands: +

Background letter frequencies
A 0.0084 C 8.32e-05 D 8.32e-05 E 8.32e-05 F 8.32e-05 G 0.324 H 8.32e-05 I 8.32e-05 K 8.32e-05 L 0.2 M 8.32e-05 N 0.00507 P 0.341 Q 8.32e-05 R 8.32e-05 S 0.107 T 0.00175 V 0.00341 W 8.32e-05 Y 0.0084 

MOTIF 1-PGPLGPSGPL STREME-1
letter-probability matrix: alength= 20 w= 10 nsites= 40 S= 9.3e-024
 0.000764 0.000008 0.000008 0.000008 0.000008 0.029498 0.000008 0.000008 0.000008 0.018163 0.000008 0.000461 0.940107 0.000008 0.000008 0.009690 0.000159 0.000310 0.000008 0.000764
 0.000764 0.000008 0.000008 0.000008 0.000008 0.938589 0.000008 0.000008 0.000008 0.018163 0.000008 0.000461 0.031017 0.000008 0.000008 0.009690 0.000159 0.000310 0.000008 0.000764
 0.000764 0.000008 0.000008 0.000008 0.000008 0.029498 0.000008 0.000008 0.000008 0.018163 0.000008 0.000461 0.940107 0.000008 0.000008 0.009690 0.000159 0.000310 0.000008 0.000764
 0.000764 0.000008 0.000008 0.000008 0.000008 0.029498 0.000008 0.000008 0.000008 0.927254 0.000008 0.000461 0.031017 0.000008 0.000008 0.009690 0.000159 0.000310 0.000008 0.000764
 0.000764 0.000008 0.000008 0.000008 0.000008 0.938589 0.000008 0.000008 0.000008 0.018163 0.000008 0.000461 0.031017 0.000008 0.000008 0.009690 0.000159 0.000310 0.000008 0.000764
 0.000764 0.000008 0.000008 0.000008 0.000008 0.029498 0.000008 0.000008 0.000008 0.018163 0.000008 0.000461 0.940107 0.000008 0.000008 0.009690 0.000159 0.000310 0.000008 0.000764
 0.000764 0.000008 0.000008 0.000008 0.000008 0.029498 0.000008 0.000008 0.000008 0.018163 0.000008 0.000461 0.031017 0.000008 0.000008 0.918781 0.000159 0.000310 0.000008 0.000764
 0.000764 0.000008 0.000008 0.000008 0.000008 0.938589 0.000008 0.000008 0.000008 0.018163 0.000008 0.000461 0.031017 0.000008 0.000008 0.009690 0.000159 0.000310 0.000008 0.000764
 0.000764 0.000008 0.000008 0.000008 0.000008 0.029498 0.000008 0.000008 0.000008 0.018163 0.000008 0.000461 0.940107 0.000008 0.000008 0.009690 0.000159 0.000310 0.000008 0.000764
 0.000764 0.000008 0.000008 0.000008 0.000008 0.029498 0.000008 0.000008 0.000008 0.927254 0.000008 0.000461 0.031017 0.000008 0.000008 0.009690 0.000159 0.000310 0.000008 0.000764

MOTIF 2-PLGPS STREME-2
letter-probability matrix: alength= 20 w= 5 nsites= 26 S= 6.1e-010
 0.000043 0.000000 0.000000 0.000000 0.000000 0.001668 0.000000 0.000000 0.000000 0.001027 0.000000 0.000026 0.996614 0.000000 0.000000 0.000548 0.000009 0.000018 0.000000 0.000043
 0.000043 0.000000 0.000000 0.000000 0.000000 0.001668 0.000000 0.000000 0.000000 0.995888 0.000000 0.000026 0.001753 0.000000 0.000000 0.000548 0.000009 0.000018 0.000000 0.000043
 0.000043 0.000000 0.000000 0.000000 0.000000 0.996528 0.000000 0.000000 0.000000 0.001027 0.000000 0.000026 0.001753 0.000000 0.000000 0.000548 0.000009 0.000018 0.000000 0.000043
 0.000043 0.000000 0.000000 0.000000 0.000000 0.001668 0.000000 0.000000 0.000000 0.001027 0.000000 0.000026 0.996614 0.000000 0.000000 0.000548 0.000009 0.000018 0.000000 0.000043
 0.000043 0.000000 0.000000 0.000000 0.000000 0.001668 0.000000 0.000000 0.000000 0.119172 0.000000 0.000026 0.001753 0.000000 0.000000 0.877264 0.000009 0.000018 0.000000 0.000043

MOTIF 3-SPYG STREME-3
letter-probability matrix: alength= 20 w= 4 nsites= 5 S= 1.0e-001
 0.000291 0.000003 0.000003 0.000003 0.000003 0.251478 0.000003 0.000003 0.000003 0.006924 0.000003 0.000176 0.011825 0.000003 0.000003 0.488573 0.240292 0.000118 0.000003 0.000291
 0.000291 0.000003 0.000003 0.000003 0.000003 0.011246 0.000003 0.000003 0.000003 0.006924 0.000003 0.000176 0.977167 0.000003 0.000003 0.003694 0.000061 0.000118 0.000003 0.000291
 0.000291 0.000003 0.000003 0.000003 0.000003 0.011246 0.000003 0.000003 0.000003 0.006924 0.000003 0.000176 0.011825 0.000003 0.000003 0.003694 0.000061 0.000118 0.000003 0.965633
 0.000291 0.000003 0.000003 0.000003 0.000003 0.976588 0.000003 0.000003 0.000003 0.006924 0.000003 0.000176 0.011825 0.000003 0.000003 0.003694 0.000061 0.000118 0.000003 0.000291

MOTIF 4-GPSG STREME-4
letter-probability matrix: alength= 20 w= 4 nsites= 5 S= 2.2e-001
 0.000764 0.000008 0.000008 0.000008 0.000008 0.938589 0.000008 0.000008 0.000008 0.018163 0.000008 0.000461 0.031017 0.000008 0.000008 0.009690 0.000159 0.000310 0.000008 0.000764
 0.000764 0.000008 0.000008 0.000008 0.000008 0.029498 0.000008 0.000008 0.000008 0.018163 0.000008 0.000461 0.940107 0.000008 0.000008 0.009690 0.000159 0.000310 0.000008 0.000764
 0.000764 0.000008 0.000008 0.000008 0.000008 0.029498 0.000008 0.000008 0.000008 0.018163 0.000008 0.000461 0.031017 0.000008 0.000008 0.918781 0.000159 0.000310 0.000008 0.000764
 0.000764 0.000008 0.000008 0.000008 0.000008 0.938589 0.000008 0.000008 0.000008 0.018163 0.000008 0.000461 0.031017 0.000008 0.000008 0.009690 0.000159 0.000310 0.000008 0.000764

MOTIF 5-PLGP STREME-5
letter-probability matrix: alength= 20 w= 4 nsites= 4 S= 8.4e-001
 0.000764 0.000008 0.000008 0.000008 0.000008 0.029498 0.000008 0.000008 0.000008 0.018163 0.000008 0.000461 0.940107 0.000008 0.000008 0.009690 0.000159 0.000310 0.000008 0.000764
 0.000764 0.000008 0.000008 0.000008 0.000008 0.029498 0.000008 0.000008 0.000008 0.927254 0.000008 0.000461 0.031017 0.000008 0.000008 0.009690 0.000159 0.000310 0.000008 0.000764
 0.000764 0.000008 0.000008 0.000008 0.000008 0.938589 0.000008 0.000008 0.000008 0.018163 0.000008 0.000461 0.031017 0.000008 0.000008 0.009690 0.000159 0.000310 0.000008 0.000764
 0.000764 0.000008 0.000008 0.000008 0.000008 0.029498 0.000008 0.000008 0.000008 0.018163 0.000008 0.000461 0.940107 0.000008 0.000008 0.009690 0.000159 0.000310 0.000008 0.000764

********************************************************************************
Stopped because maximum number of motifs (5) reached.
********************************************************************************
COMMAND:	streme --protein --p ./Data/v1_cluster_windows_15mers/cluster_2637.fasta --minw 3 --maxw 15 --thresh 0.05 --oc ./Results/v1_Top500_Run_20250504_162200/streme_out_cluster_2637
********************************************************************************
CPU:		Hirokis-MacBook-Air.local
********************************************************************************
FINALTIME:	0.20 seconds
********************************************************************************
