********************************************************************************
STREME - Sensitive, Thorough, Rapid, Enriched Motif Elicitation
********************************************************************************
MEME version 5.5.7 (Release date: Wed Jun 19 13:59:04 2024 -0700)

For further information on how to interpret these results please access https://meme-suite.org/meme.
To get a copy of the MEME Suite software please access https://meme-suite.org.

********************************************************************************


********************************************************************************
REFERENCE
********************************************************************************
If you use this program in your research, please cite:

Timothy L. Bailey,
"STREME: accurate and versatile sequence motif discovery",
Bioinformatics, Mar. 24, 2021.
********************************************************************************


ALPHABET= ACDEFGHIKLMNPQRSTVWY

strands: +

Background letter frequencies
A 0.0935 C 5.84e-05 D 0.00707 E 0.0059 F 5.84e-05 G 0.38 H 5.84e-05 I 5.84e-05 K 5.84e-05 L 0.00707 M 5.84e-05 N 0.0421 P 0.0631 Q 5.84e-05 R 5.84e-05 S 0.285 T 0.0386 V 0.0106 W 5.84e-05 Y 0.0667 

MOTIF 1-NGYGPSSGASGSGAG STREME-1
letter-probability matrix: alength= 20 w= 15 nsites= 57 E= 7.9e-003
 0.008502 0.000005 0.000643 0.000536 0.000005 0.034520 0.000005 0.000005 0.000005 0.000643 0.000005 0.912919 0.005740 0.000005 0.000005 0.025919 0.003510 0.000961 0.000005 0.006059
 0.008502 0.000005 0.000643 0.000536 0.000005 0.943610 0.000005 0.000005 0.000005 0.000643 0.000005 0.003828 0.005740 0.000005 0.000005 0.025919 0.003510 0.000961 0.000005 0.006059
 0.008502 0.000005 0.000643 0.000536 0.000005 0.034520 0.000005 0.000005 0.000005 0.000643 0.000005 0.003828 0.005740 0.000005 0.000005 0.025919 0.003510 0.000961 0.000005 0.915150
 0.008502 0.000005 0.000643 0.000536 0.000005 0.943610 0.000005 0.000005 0.000005 0.000643 0.000005 0.003828 0.005740 0.000005 0.000005 0.025919 0.003510 0.000961 0.000005 0.006059
 0.008502 0.000005 0.000643 0.000536 0.000005 0.034520 0.000005 0.000005 0.000005 0.000643 0.000005 0.003828 0.914831 0.000005 0.000005 0.025919 0.003510 0.000961 0.000005 0.006059
 0.008502 0.000005 0.000643 0.000536 0.000005 0.034520 0.000005 0.000005 0.000005 0.000643 0.000005 0.003828 0.005740 0.000005 0.000005 0.935010 0.003510 0.000961 0.000005 0.006059
 0.008502 0.000005 0.000643 0.000536 0.000005 0.034520 0.000005 0.000005 0.000005 0.000643 0.000005 0.003828 0.005740 0.000005 0.000005 0.935010 0.003510 0.000961 0.000005 0.006059
 0.008502 0.000005 0.000643 0.000536 0.000005 0.943610 0.000005 0.000005 0.000005 0.000643 0.000005 0.003828 0.005740 0.000005 0.000005 0.025919 0.003510 0.000961 0.000005 0.006059
 0.917593 0.000005 0.000643 0.000536 0.000005 0.034520 0.000005 0.000005 0.000005 0.000643 0.000005 0.003828 0.005740 0.000005 0.000005 0.025919 0.003510 0.000961 0.000005 0.006059
 0.008502 0.000005 0.000643 0.000536 0.000005 0.034520 0.000005 0.000005 0.000005 0.000643 0.000005 0.003828 0.005740 0.000005 0.000005 0.935010 0.003510 0.000961 0.000005 0.006059
 0.008502 0.000005 0.000643 0.000536 0.000005 0.943610 0.000005 0.000005 0.000005 0.000643 0.000005 0.003828 0.005740 0.000005 0.000005 0.025919 0.003510 0.000961 0.000005 0.006059
 0.008502 0.000005 0.000643 0.000536 0.000005 0.034520 0.000005 0.000005 0.000005 0.000643 0.000005 0.003828 0.005740 0.000005 0.000005 0.935010 0.003510 0.000961 0.000005 0.006059
 0.008502 0.000005 0.000643 0.000536 0.000005 0.943610 0.000005 0.000005 0.000005 0.000643 0.000005 0.003828 0.005740 0.000005 0.000005 0.025919 0.003510 0.000961 0.000005 0.006059
 0.917593 0.000005 0.000643 0.000536 0.000005 0.034520 0.000005 0.000005 0.000005 0.000643 0.000005 0.003828 0.005740 0.000005 0.000005 0.025919 0.003510 0.000961 0.000005 0.006059
 0.008502 0.000005 0.000643 0.000536 0.000005 0.943610 0.000005 0.000005 0.000005 0.000643 0.000005 0.003828 0.005740 0.000005 0.000005 0.025919 0.003510 0.000961 0.000005 0.006059

MOTIF 2-TSS STREME-2
letter-probability matrix: alength= 20 w= 3 nsites= 21 E= 4.4e-001
 0.008502 0.000005 0.000643 0.000536 0.000005 0.034520 0.000005 0.000005 0.000005 0.000643 0.000005 0.003828 0.005740 0.000005 0.000005 0.025919 0.912601 0.000961 0.000005 0.006059
 0.008502 0.000005 0.000643 0.000536 0.000005 0.034520 0.000005 0.000005 0.000005 0.000643 0.000005 0.003828 0.005740 0.000005 0.000005 0.935010 0.003510 0.000961 0.000005 0.006059
 0.008502 0.000005 0.000643 0.000536 0.000005 0.034520 0.000005 0.000005 0.000005 0.000643 0.000005 0.003828 0.005740 0.000005 0.000005 0.935010 0.003510 0.000961 0.000005 0.006059

********************************************************************************
Stopped because the next motif had no positive sites with scores > 0.
********************************************************************************
COMMAND:	streme --protein --p ./Data/v1_cluster_windows_15mers/cluster_16990.fasta --minw 3 --maxw 15 --thresh 0.05 --oc ./Results/v1_Top500_Run_20250504_162200/streme_out_cluster_16990
********************************************************************************
CPU:		Hirokis-MacBook-Air.local
********************************************************************************
FINALTIME:	0.16 seconds
********************************************************************************
