********************************************************************************
STREME - Sensitive, Thorough, Rapid, Enriched Motif Elicitation
********************************************************************************
MEME version 5.5.7 (Release date: Wed Jun 19 13:59:04 2024 -0700)

For further information on how to interpret these results please access https://meme-suite.org/meme.
To get a copy of the MEME Suite software please access https://meme-suite.org.

********************************************************************************


********************************************************************************
REFERENCE
********************************************************************************
If you use this program in your research, please cite:

Timothy L. Bailey,
"STREME: accurate and versatile sequence motif discovery",
Bioinformatics, Mar. 24, 2021.
********************************************************************************


ALPHABET= ACDEFGHIKLMNPQRSTVWY

strands: +

Background letter frequencies
A 0.133 C 8.53e-05 D 0.0308 E 0.00179 F 0.00179 G 0.137 H 8.53e-05 I 0.0274 K 0.00179 L 0.0564 M 0.041 N 0.0427 P 8.53e-05 Q 0.0803 R 0.00179 S 0.234 T 0.0052 V 0.137 W 0.00179 Y 0.0666 

MOTIF 1-LNAAGDYSSMVGQSV STREME-1
letter-probability matrix: alength= 20 w= 15 nsites= 39 S= 3.7e-023
 0.164163 0.000000 0.000119 0.000007 0.000007 0.000526 0.000000 0.026780 0.000007 0.430570 0.053507 0.000165 0.000000 0.000309 0.000007 0.000900 0.000020 0.322651 0.000007 0.000256
 0.000513 0.000000 0.000119 0.026681 0.000007 0.134401 0.000000 0.000105 0.000007 0.000217 0.000158 0.512070 0.000000 0.000309 0.000007 0.297922 0.026694 0.000526 0.000007 0.000256
 0.889967 0.000000 0.053467 0.000007 0.000007 0.000526 0.000000 0.000105 0.000007 0.000217 0.000158 0.000165 0.000000 0.000309 0.000007 0.054249 0.000020 0.000526 0.000007 0.000256
 0.808414 0.000000 0.000119 0.000007 0.000007 0.000526 0.000000 0.000105 0.000007 0.000217 0.000158 0.000165 0.000000 0.000309 0.000007 0.162476 0.000020 0.027200 0.000007 0.000256
 0.027187 0.000000 0.000119 0.000007 0.000007 0.835101 0.000000 0.000105 0.000007 0.000217 0.000158 0.000165 0.000000 0.000309 0.000007 0.135802 0.000020 0.000526 0.000007 0.000256
 0.188240 0.000000 0.430471 0.000007 0.000007 0.053875 0.000000 0.000105 0.000007 0.000217 0.000158 0.000165 0.000000 0.135210 0.026681 0.164047 0.000020 0.000526 0.000007 0.000256
 0.000513 0.000000 0.000119 0.000007 0.000007 0.000526 0.000000 0.000105 0.000007 0.000217 0.000158 0.000165 0.000000 0.000309 0.000007 0.000900 0.000020 0.000526 0.000007 0.996408
 0.000513 0.000000 0.000119 0.000007 0.000007 0.000526 0.000000 0.000105 0.000007 0.000217 0.000158 0.000165 0.000000 0.000309 0.000007 0.997052 0.000020 0.000526 0.000007 0.000256
 0.000513 0.000000 0.000119 0.000007 0.000007 0.000526 0.000000 0.000105 0.000007 0.000217 0.000158 0.106862 0.000000 0.110107 0.000007 0.753882 0.000020 0.000526 0.026681 0.000256
 0.000513 0.000000 0.000119 0.000007 0.000007 0.000526 0.000000 0.161681 0.000007 0.352117 0.482833 0.000165 0.000000 0.000309 0.000007 0.000900 0.000020 0.000526 0.000007 0.000256
 0.000513 0.000000 0.000119 0.000007 0.000007 0.000526 0.000000 0.000105 0.000007 0.000217 0.000158 0.000165 0.000000 0.000309 0.000007 0.000900 0.000020 0.996677 0.000007 0.000256
 0.027187 0.000000 0.000119 0.000007 0.000007 0.970003 0.000000 0.000105 0.000007 0.000217 0.000158 0.000165 0.000000 0.000309 0.000007 0.000900 0.000020 0.000526 0.000007 0.000256
 0.000513 0.000000 0.000119 0.000007 0.000007 0.000526 0.000000 0.000105 0.026681 0.000217 0.000158 0.000165 0.000000 0.969786 0.000007 0.000900 0.000020 0.000526 0.000007 0.000256
 0.000513 0.000000 0.000119 0.000007 0.000007 0.000526 0.000000 0.026780 0.000007 0.000217 0.000158 0.000165 0.000000 0.000309 0.000007 0.970377 0.000020 0.000526 0.000007 0.000256
 0.000513 0.000000 0.000119 0.000007 0.026681 0.000526 0.000000 0.215533 0.000007 0.108444 0.000158 0.000165 0.000000 0.000309 0.000007 0.000900 0.000020 0.646348 0.000007 0.000256

MOTIF 2-IGS STREME-2
letter-probability matrix: alength= 20 w= 3 nsites= 1 S= 5.0e-001
 0.016793 0.000011 0.003883 0.000226 0.000226 0.017222 0.000011 0.877373 0.000226 0.007111 0.005174 0.005390 0.000011 0.010123 0.000226 0.029489 0.000656 0.017222 0.000226 0.008402
 0.016793 0.000011 0.003883 0.000226 0.000226 0.891142 0.000011 0.003453 0.000226 0.007111 0.005174 0.005390 0.000011 0.010123 0.000226 0.029489 0.000656 0.017222 0.000226 0.008402
 0.016793 0.000011 0.003883 0.000226 0.000226 0.017222 0.000011 0.003453 0.000226 0.007111 0.005174 0.005390 0.000011 0.010123 0.000226 0.903409 0.000656 0.017222 0.000226 0.008402

********************************************************************************
Stopped because the next motif had no positive sites with scores > 0.
********************************************************************************
COMMAND:	streme --protein --p ./Data/v1_cluster_windows_15mers/cluster_16506.fasta --minw 3 --maxw 15 --thresh 0.05 --oc ./Results/v1_Top500_Run_20250504_162200/streme_out_cluster_16506
********************************************************************************
CPU:		Hirokis-MacBook-Air.local
********************************************************************************
FINALTIME:	0.11 seconds
********************************************************************************
