********************************************************************************
STREME - Sensitive, Thorough, Rapid, Enriched Motif Elicitation
********************************************************************************
MEME version 5.5.7 (Release date: Wed Jun 19 13:59:04 2024 -0700)

For further information on how to interpret these results please access https://meme-suite.org/meme.
To get a copy of the MEME Suite software please access https://meme-suite.org.

********************************************************************************


********************************************************************************
REFERENCE
********************************************************************************
If you use this program in your research, please cite:

Timothy L. Bailey,
"STREME: accurate and versatile sequence motif discovery",
Bioinformatics, Mar. 24, 2021.
********************************************************************************


ALPHABET= ACDEFGHIKLMNPQRSTVWY

strands: +

Background letter frequencies
A 0.175 C 6.79e-05 D 6.79e-05 E 0.0055 F 6.79e-05 G 0.00958 H 6.79e-05 I 0.0177 K 6.79e-05 L 0.00143 M 0.0666 N 0.147 P 6.79e-05 Q 0.068 R 0.00414 S 0.313 T 0.00414 V 0.188 W 6.79e-05 Y 6.79e-05 

MOTIF 1-ANAVSSVMSQVNASS STREME-1
letter-probability matrix: alength= 20 w= 15 nsites= 49 S= 3.9e-029
 0.858961 0.000000 0.000000 0.000016 0.000000 0.000027 0.000000 0.000050 0.000000 0.000004 0.000189 0.000416 0.000000 0.000193 0.000012 0.100003 0.039596 0.000532 0.000000 0.000000
 0.000497 0.000000 0.000000 0.000016 0.000000 0.000027 0.000000 0.000050 0.000000 0.000004 0.000189 0.977936 0.000000 0.000193 0.000012 0.020531 0.000012 0.000532 0.000000 0.000000
 0.878900 0.000000 0.000000 0.000016 0.000000 0.000027 0.000000 0.000050 0.000000 0.000004 0.000189 0.000416 0.000000 0.000193 0.000012 0.000886 0.000012 0.119295 0.000000 0.000000
 0.000497 0.000000 0.000000 0.000016 0.000000 0.000027 0.000000 0.119107 0.000000 0.000004 0.000189 0.000416 0.000000 0.000193 0.000012 0.000886 0.000012 0.878641 0.000000 0.000000
 0.000497 0.000000 0.000000 0.000016 0.000000 0.099145 0.000000 0.000050 0.000000 0.000004 0.000189 0.020061 0.000000 0.000193 0.059838 0.819462 0.000012 0.000532 0.000000 0.000000
 0.000497 0.000000 0.000000 0.000016 0.000000 0.000027 0.000000 0.000050 0.000000 0.000004 0.000189 0.179006 0.000000 0.000193 0.000012 0.819462 0.000012 0.000532 0.000000 0.000000
 0.060323 0.000000 0.000000 0.000016 0.000000 0.000027 0.000000 0.019696 0.000000 0.019649 0.000189 0.000416 0.000000 0.000193 0.000012 0.000886 0.000012 0.898580 0.000000 0.000000
 0.000497 0.000000 0.000000 0.000016 0.000000 0.000027 0.000000 0.000050 0.000000 0.000004 0.997355 0.000416 0.000000 0.000193 0.000012 0.000886 0.000012 0.000532 0.000000 0.000000
 0.000497 0.000000 0.000000 0.000016 0.000000 0.000027 0.000000 0.000050 0.000000 0.000004 0.000189 0.000416 0.000000 0.000193 0.000012 0.998052 0.000012 0.000532 0.000000 0.000000
 0.000497 0.000000 0.000000 0.000016 0.000000 0.000027 0.000000 0.000050 0.000000 0.000004 0.000189 0.000416 0.000000 0.997358 0.000012 0.000886 0.000012 0.000532 0.000000 0.000000
 0.000497 0.000000 0.000000 0.000016 0.000000 0.000027 0.000000 0.079522 0.000000 0.000004 0.000189 0.000416 0.000000 0.000193 0.000012 0.000886 0.000012 0.918225 0.000000 0.000000
 0.000497 0.000000 0.000000 0.000016 0.000000 0.000027 0.000000 0.000050 0.000000 0.000004 0.000189 0.719856 0.000000 0.019838 0.000012 0.258967 0.000012 0.000532 0.000000 0.000000
 0.858345 0.000000 0.000000 0.080397 0.000000 0.000027 0.000000 0.000050 0.000000 0.000004 0.000189 0.000416 0.000000 0.000193 0.000012 0.000886 0.019657 0.039823 0.000000 0.000000
 0.000497 0.000000 0.000000 0.000016 0.000000 0.000027 0.000000 0.000050 0.000000 0.000004 0.000189 0.138824 0.000000 0.000193 0.000012 0.859643 0.000012 0.000532 0.000000 0.000000
 0.000497 0.000000 0.000000 0.000016 0.000000 0.019673 0.000000 0.000050 0.000000 0.000004 0.000189 0.159673 0.000000 0.000193 0.000012 0.819149 0.000012 0.000532 0.000000 0.000000

MOTIF 2-SSV STREME-2
letter-probability matrix: alength= 20 w= 3 nsites= 1 S= 1.0e+000
 0.015936 0.000006 0.000006 0.000500 0.000006 0.000871 0.000006 0.001612 0.000006 0.000130 0.006058 0.013345 0.000006 0.006182 0.000377 0.937509 0.000377 0.017054 0.000006 0.000006
 0.015936 0.000006 0.000006 0.000500 0.000006 0.000871 0.000006 0.001612 0.000006 0.000130 0.006058 0.013345 0.000006 0.006182 0.000377 0.937509 0.000377 0.017054 0.000006 0.000006
 0.015936 0.000006 0.000006 0.000500 0.000006 0.000871 0.000006 0.001612 0.000006 0.000130 0.006058 0.013345 0.000006 0.006182 0.000377 0.028418 0.000377 0.926145 0.000006 0.000006

********************************************************************************
Stopped because the next motif had no positive sites with scores > 0.
********************************************************************************
COMMAND:	streme --protein --p ./Data/v1_cluster_windows_15mers/cluster_17905.fasta --minw 3 --maxw 15 --thresh 0.05 --oc ./Results/v1_Top500_Run_20250504_162200/streme_out_cluster_17905
********************************************************************************
CPU:		Hirokis-MacBook-Air.local
********************************************************************************
FINALTIME:	0.21 seconds
********************************************************************************
