********************************************************************************
STREME - Sensitive, Thorough, Rapid, Enriched Motif Elicitation
********************************************************************************
MEME version 5.5.7 (Release date: Wed Jun 19 13:59:04 2024 -0700)

For further information on how to interpret these results please access https://meme-suite.org/meme.
To get a copy of the MEME Suite software please access https://meme-suite.org.

********************************************************************************


********************************************************************************
REFERENCE
********************************************************************************
If you use this program in your research, please cite:

Timothy L. Bailey,
"STREME: accurate and versatile sequence motif discovery",
Bioinformatics, Mar. 24, 2021.
********************************************************************************


ALPHABET= ACDEFGHIKLMNPQRSTVWY

strands: +

Background letter frequencies
A 0.0721 C 4.56e-05 D 0.0457 E 0.0712 F 4.56e-05 G 0.234 H 4.56e-05 I 0.0365 K 4.56e-05 L 0.0986 M 0.0311 N 0.0384 P 0.0238 Q 0.00917 R 4.56e-05 S 0.171 T 0.0119 V 0.0977 W 4.56e-05 Y 0.0584 

MOTIF 1-IGYVGSEGLG STREME-1
letter-probability matrix: alength= 20 w= 10 nsites= 71 E= 1.5e-003
 0.006557 0.000004 0.004152 0.006474 0.000004 0.021318 0.000004 0.912413 0.000004 0.008963 0.002825 0.003488 0.002161 0.000834 0.000004 0.015518 0.001083 0.008879 0.000004 0.005313
 0.006557 0.000004 0.004152 0.006474 0.000004 0.930409 0.000004 0.003322 0.000004 0.008963 0.002825 0.003488 0.002161 0.000834 0.000004 0.015518 0.001083 0.008879 0.000004 0.005313
 0.006557 0.000004 0.004152 0.006474 0.000004 0.021318 0.000004 0.003322 0.000004 0.008963 0.002825 0.003488 0.002161 0.000834 0.000004 0.015518 0.001083 0.008879 0.000004 0.914404
 0.006557 0.000004 0.004152 0.006474 0.000004 0.021318 0.000004 0.003322 0.000004 0.008963 0.002825 0.003488 0.002161 0.000834 0.000004 0.015518 0.001083 0.917970 0.000004 0.005313
 0.006557 0.000004 0.004152 0.006474 0.000004 0.930409 0.000004 0.003322 0.000004 0.008963 0.002825 0.003488 0.002161 0.000834 0.000004 0.015518 0.001083 0.008879 0.000004 0.005313
 0.006557 0.000004 0.004152 0.006474 0.000004 0.021318 0.000004 0.003322 0.000004 0.008963 0.002825 0.003488 0.002161 0.000834 0.000004 0.924609 0.001083 0.008879 0.000004 0.005313
 0.006557 0.000004 0.004152 0.915564 0.000004 0.021318 0.000004 0.003322 0.000004 0.008963 0.002825 0.003488 0.002161 0.000834 0.000004 0.015518 0.001083 0.008879 0.000004 0.005313
 0.006557 0.000004 0.004152 0.006474 0.000004 0.930409 0.000004 0.003322 0.000004 0.008963 0.002825 0.003488 0.002161 0.000834 0.000004 0.015518 0.001083 0.008879 0.000004 0.005313
 0.006557 0.000004 0.004152 0.006474 0.000004 0.021318 0.000004 0.003322 0.000004 0.918054 0.002825 0.003488 0.002161 0.000834 0.000004 0.015518 0.001083 0.008879 0.000004 0.005313
 0.006557 0.000004 0.004152 0.006474 0.000004 0.930409 0.000004 0.003322 0.000004 0.008963 0.002825 0.003488 0.002161 0.000834 0.000004 0.015518 0.001083 0.008879 0.000004 0.005313

MOTIF 2-DSM STREME-2
letter-probability matrix: alength= 20 w= 3 nsites= 70 E= 1.5e-003
 0.000206 0.000000 0.579386 0.000204 0.000000 0.000671 0.000000 0.000105 0.000000 0.000282 0.000089 0.186913 0.000068 0.000026 0.000000 0.231569 0.000034 0.000279 0.000000 0.000167
 0.000206 0.000000 0.000131 0.000204 0.000000 0.000671 0.000000 0.000105 0.000000 0.000282 0.000089 0.000110 0.000068 0.000026 0.000000 0.997628 0.000034 0.000279 0.000000 0.000167
 0.000206 0.000000 0.000131 0.000204 0.000000 0.000671 0.000000 0.000105 0.000000 0.325902 0.671608 0.000110 0.000068 0.000026 0.000000 0.000488 0.000034 0.000279 0.000000 0.000167

MOTIF 3-VNYEGSGQTAQ STREME-3
letter-probability matrix: alength= 20 w= 11 nsites= 2 E= 5.0e+000
 0.006557 0.000004 0.004152 0.006474 0.000004 0.021318 0.000004 0.003322 0.000004 0.008963 0.002825 0.003488 0.002161 0.000834 0.000004 0.015518 0.001083 0.917970 0.000004 0.005313
 0.006557 0.000004 0.004152 0.006474 0.000004 0.021318 0.000004 0.003322 0.000004 0.008963 0.002825 0.912579 0.002161 0.000834 0.000004 0.015518 0.001083 0.008879 0.000004 0.005313
 0.006557 0.000004 0.004152 0.006474 0.000004 0.021318 0.000004 0.003322 0.000004 0.008963 0.002825 0.003488 0.002161 0.000834 0.000004 0.015518 0.001083 0.008879 0.000004 0.914404
 0.006557 0.000004 0.004152 0.915564 0.000004 0.021318 0.000004 0.003322 0.000004 0.008963 0.002825 0.003488 0.002161 0.000834 0.000004 0.015518 0.001083 0.008879 0.000004 0.005313
 0.006557 0.000004 0.004152 0.006474 0.000004 0.930409 0.000004 0.003322 0.000004 0.008963 0.002825 0.003488 0.002161 0.000834 0.000004 0.015518 0.001083 0.008879 0.000004 0.005313
 0.006557 0.000004 0.004152 0.006474 0.000004 0.021318 0.000004 0.003322 0.000004 0.008963 0.002825 0.003488 0.002161 0.000834 0.000004 0.924609 0.001083 0.008879 0.000004 0.005313
 0.006557 0.000004 0.004152 0.006474 0.000004 0.930409 0.000004 0.003322 0.000004 0.008963 0.002825 0.003488 0.002161 0.000834 0.000004 0.015518 0.001083 0.008879 0.000004 0.005313
 0.006557 0.000004 0.004152 0.006474 0.000004 0.021318 0.000004 0.003322 0.000004 0.008963 0.002825 0.003488 0.002161 0.909925 0.000004 0.015518 0.001083 0.008879 0.000004 0.005313
 0.006557 0.000004 0.004152 0.006474 0.000004 0.021318 0.000004 0.003322 0.000004 0.008963 0.002825 0.003488 0.002161 0.000834 0.000004 0.015518 0.910174 0.008879 0.000004 0.005313
 0.915648 0.000004 0.004152 0.006474 0.000004 0.021318 0.000004 0.003322 0.000004 0.008963 0.002825 0.003488 0.002161 0.000834 0.000004 0.015518 0.001083 0.008879 0.000004 0.005313
 0.006557 0.000004 0.004152 0.006474 0.000004 0.021318 0.000004 0.003322 0.000004 0.008963 0.002825 0.003488 0.002161 0.909925 0.000004 0.015518 0.001083 0.008879 0.000004 0.005313

MOTIF 4-ALN STREME-4
letter-probability matrix: alength= 20 w= 3 nsites= 1 E= 5.0e+000
 0.883014 0.000006 0.005758 0.008978 0.000006 0.029565 0.000006 0.004607 0.000006 0.012430 0.003917 0.004838 0.002997 0.001156 0.000006 0.021522 0.001502 0.012314 0.000006 0.007368
 0.009094 0.000006 0.005758 0.008978 0.000006 0.029565 0.000006 0.004607 0.000006 0.886350 0.003917 0.004838 0.002997 0.001156 0.000006 0.021522 0.001502 0.012314 0.000006 0.007368
 0.009094 0.000006 0.005758 0.008978 0.000006 0.029565 0.000006 0.004607 0.000006 0.012430 0.003917 0.878758 0.002997 0.001156 0.000006 0.021522 0.001502 0.012314 0.000006 0.007368

MOTIF 5-TVGE STREME-5
letter-probability matrix: alength= 20 w= 4 nsites= 1 E= 5.0e+000
 0.009094 0.000006 0.005758 0.008978 0.000006 0.029565 0.000006 0.004607 0.000006 0.012430 0.003917 0.004838 0.002997 0.001156 0.000006 0.021522 0.875422 0.012314 0.000006 0.007368
 0.009094 0.000006 0.005758 0.008978 0.000006 0.029565 0.000006 0.004607 0.000006 0.012430 0.003917 0.004838 0.002997 0.001156 0.000006 0.021522 0.001502 0.886234 0.000006 0.007368
 0.009094 0.000006 0.005758 0.008978 0.000006 0.903485 0.000006 0.004607 0.000006 0.012430 0.003917 0.004838 0.002997 0.001156 0.000006 0.021522 0.001502 0.012314 0.000006 0.007368
 0.009094 0.000006 0.005758 0.882898 0.000006 0.029565 0.000006 0.004607 0.000006 0.012430 0.003917 0.004838 0.002997 0.001156 0.000006 0.021522 0.001502 0.012314 0.000006 0.007368

********************************************************************************
Stopped because 3 consecutive motifs exceeded the p-value threshold (0.05).
********************************************************************************
COMMAND:	streme --protein --p ./Data/v1_cluster_windows_15mers/cluster_2555.fasta --minw 3 --maxw 15 --thresh 0.05 --oc ./Results/v1_Top500_Run_20250504_162200/streme_out_cluster_2555
********************************************************************************
CPU:		Hirokis-MacBook-Air.local
********************************************************************************
FINALTIME:	0.18 seconds
********************************************************************************
