********************************************************************************
STREME - Sensitive, Thorough, Rapid, Enriched Motif Elicitation
********************************************************************************
MEME version 5.5.7 (Release date: Wed Jun 19 13:59:04 2024 -0700)

For further information on how to interpret these results please access https://meme-suite.org/meme.
To get a copy of the MEME Suite software please access https://meme-suite.org.

********************************************************************************


********************************************************************************
REFERENCE
********************************************************************************
If you use this program in your research, please cite:

Timothy L. Bailey,
"STREME: accurate and versatile sequence motif discovery",
Bioinformatics, Mar. 24, 2021.
********************************************************************************


ALPHABET= ACDEFGHIKLMNPQRSTVWY

strands: +

Background letter frequencies
A 0.174 C 7.92e-05 D 7.92e-05 E 7.92e-05 F 7.92e-05 G 0.528 H 7.92e-05 I 7.92e-05 K 7.92e-05 L 0.0207 M 7.92e-05 N 7.92e-05 P 0.00166 Q 0.125 R 0.008 S 0.0555 T 0.008 V 0.00642 W 7.92e-05 Y 0.0714 

MOTIF 1-GGYGGQGAG STREME-1
letter-probability matrix: alength= 20 w= 9 nsites= 42 S= 6.0e-025
 0.000516 0.000000 0.000000 0.000000 0.000000 0.957614 0.000000 0.000000 0.000000 0.000061 0.000000 0.000000 0.000005 0.041360 0.000024 0.000164 0.000024 0.000019 0.000000 0.000211
 0.041864 0.000000 0.000000 0.000000 0.000000 0.936761 0.000000 0.000000 0.000000 0.000061 0.000000 0.000000 0.000005 0.000370 0.020518 0.000164 0.000024 0.000019 0.000000 0.000211
 0.000516 0.000000 0.000000 0.000000 0.000000 0.001561 0.000000 0.000000 0.000000 0.000061 0.000000 0.000000 0.000005 0.000370 0.000024 0.000164 0.000024 0.000019 0.000000 0.997254
 0.000516 0.000000 0.000000 0.000000 0.000000 0.998604 0.000000 0.000000 0.000000 0.000061 0.000000 0.000000 0.000005 0.000370 0.000024 0.000164 0.000024 0.000019 0.000000 0.000211
 0.000516 0.000000 0.000000 0.000000 0.000000 0.998604 0.000000 0.000000 0.000000 0.000061 0.000000 0.000000 0.000005 0.000370 0.000024 0.000164 0.000024 0.000019 0.000000 0.000211
 0.000516 0.000000 0.000000 0.000000 0.000000 0.001561 0.000000 0.000000 0.000000 0.020556 0.000000 0.000000 0.000005 0.976919 0.000024 0.000164 0.000024 0.000019 0.000000 0.000211
 0.000516 0.000000 0.000000 0.000000 0.000000 0.998604 0.000000 0.000000 0.000000 0.000061 0.000000 0.000000 0.000005 0.000370 0.000024 0.000164 0.000024 0.000019 0.000000 0.000211
 0.713219 0.000000 0.000000 0.000000 0.000000 0.001561 0.000000 0.000000 0.000000 0.243412 0.000000 0.000000 0.020500 0.000370 0.000024 0.000164 0.020518 0.000019 0.000000 0.000211
 0.000516 0.000000 0.000000 0.000000 0.000000 0.998604 0.000000 0.000000 0.000000 0.000061 0.000000 0.000000 0.000005 0.000370 0.000024 0.000164 0.000024 0.000019 0.000000 0.000211

MOTIF 2-SGA STREME-2
letter-probability matrix: alength= 20 w= 3 nsites= 30 S= 6.2e-011
 0.000809 0.000000 0.000000 0.000000 0.000000 0.002448 0.000000 0.000000 0.000000 0.000096 0.000000 0.000000 0.000008 0.000581 0.000037 0.995620 0.000037 0.000030 0.000000 0.000331
 0.000809 0.000000 0.000000 0.000000 0.000000 0.997810 0.000000 0.000000 0.000000 0.000096 0.000000 0.000000 0.000008 0.000581 0.000037 0.000258 0.000037 0.000030 0.000000 0.000331
 0.899729 0.000000 0.000000 0.000000 0.000000 0.002448 0.000000 0.000000 0.000000 0.000096 0.000000 0.000000 0.000008 0.032728 0.000037 0.032405 0.000037 0.032177 0.000000 0.000331

MOTIF 3-AGQ STREME-3
letter-probability matrix: alength= 20 w= 3 nsites= 32 S= 2.4e-010
 0.924945 0.000007 0.000007 0.000007 0.000007 0.047982 0.000007 0.000007 0.000007 0.001880 0.000007 0.000007 0.000151 0.011391 0.000728 0.005050 0.000728 0.000583 0.000007 0.006490
 0.015855 0.000007 0.000007 0.000007 0.000007 0.957073 0.000007 0.000007 0.000007 0.001880 0.000007 0.000007 0.000151 0.011391 0.000728 0.005050 0.000728 0.000583 0.000007 0.006490
 0.015855 0.000007 0.000007 0.000007 0.000007 0.047982 0.000007 0.000007 0.000007 0.001880 0.000007 0.000007 0.000151 0.920482 0.000728 0.005050 0.000728 0.000583 0.000007 0.006490

MOTIF 4-AGR STREME-4
letter-probability matrix: alength= 20 w= 3 nsites= 4 S= 1.8e-001
 0.924945 0.000007 0.000007 0.000007 0.000007 0.047982 0.000007 0.000007 0.000007 0.001880 0.000007 0.000007 0.000151 0.011391 0.000728 0.005050 0.000728 0.000583 0.000007 0.006490
 0.015855 0.000007 0.000007 0.000007 0.000007 0.957073 0.000007 0.000007 0.000007 0.001880 0.000007 0.000007 0.000151 0.011391 0.000728 0.005050 0.000728 0.000583 0.000007 0.006490
 0.015855 0.000007 0.000007 0.000007 0.000007 0.047982 0.000007 0.000007 0.000007 0.001880 0.000007 0.000007 0.000151 0.011391 0.909818 0.005050 0.000728 0.000583 0.000007 0.006490

MOTIF 5-TGA STREME-5
letter-probability matrix: alength= 20 w= 3 nsites= 3 S= 3.1e-001
 0.015855 0.000007 0.000007 0.000007 0.000007 0.047982 0.000007 0.000007 0.000007 0.001880 0.000007 0.000007 0.000151 0.011391 0.000728 0.005050 0.909818 0.000583 0.000007 0.006490
 0.015855 0.000007 0.000007 0.000007 0.000007 0.957073 0.000007 0.000007 0.000007 0.001880 0.000007 0.000007 0.000151 0.011391 0.000728 0.005050 0.000728 0.000583 0.000007 0.006490
 0.924945 0.000007 0.000007 0.000007 0.000007 0.047982 0.000007 0.000007 0.000007 0.001880 0.000007 0.000007 0.000151 0.011391 0.000728 0.005050 0.000728 0.000583 0.000007 0.006490

********************************************************************************
Stopped because maximum number of motifs (5) reached.
********************************************************************************
COMMAND:	streme --protein --p ./Data/v1_cluster_windows_15mers/cluster_8637.fasta --minw 3 --maxw 15 --thresh 0.05 --oc ./Results/v1_Top500_Run_20250504_162200/streme_out_cluster_8637
********************************************************************************
CPU:		Hirokis-MacBook-Air.local
********************************************************************************
FINALTIME:	0.21 seconds
********************************************************************************
