********************************************************************************
STREME - Sensitive, Thorough, Rapid, Enriched Motif Elicitation
********************************************************************************
MEME version 5.5.7 (Release date: Wed Jun 19 13:59:04 2024 -0700)

For further information on how to interpret these results please access https://meme-suite.org/meme.
To get a copy of the MEME Suite software please access https://meme-suite.org.

********************************************************************************


********************************************************************************
REFERENCE
********************************************************************************
If you use this program in your research, please cite:

Timothy L. Bailey,
"STREME: accurate and versatile sequence motif discovery",
Bioinformatics, Mar. 24, 2021.
********************************************************************************


ALPHABET= ACDEFGHIKLMNPQRSTVWY

strands: +

Background letter frequencies
A 0.00495 C 8.12e-05 D 0.0163 E 8.12e-05 F 0.0131 G 0.404 H 8.12e-05 I 0.0082 K 8.12e-05 L 0.00333 M 8.12e-05 N 0.039 P 0.296 Q 0.0358 R 8.12e-05 S 0.0666 T 8.12e-05 V 0.0277 W 8.12e-05 Y 0.0845 

MOTIF 1-PIGPGYPSGPG STREME-1
letter-probability matrix: alength= 20 w= 11 nsites= 41 S= 2.4e-024
 0.000450 0.000007 0.001483 0.000007 0.001188 0.036756 0.000007 0.000745 0.000007 0.000303 0.000007 0.003549 0.935955 0.003255 0.000007 0.006058 0.000007 0.002516 0.000007 0.007682
 0.000450 0.000007 0.001483 0.000007 0.001188 0.036756 0.000007 0.909836 0.000007 0.000303 0.000007 0.003549 0.026865 0.003255 0.000007 0.006058 0.000007 0.002516 0.000007 0.007682
 0.000450 0.000007 0.001483 0.000007 0.001188 0.945847 0.000007 0.000745 0.000007 0.000303 0.000007 0.003549 0.026865 0.003255 0.000007 0.006058 0.000007 0.002516 0.000007 0.007682
 0.000450 0.000007 0.001483 0.000007 0.001188 0.036756 0.000007 0.000745 0.000007 0.000303 0.000007 0.003549 0.935955 0.003255 0.000007 0.006058 0.000007 0.002516 0.000007 0.007682
 0.000450 0.000007 0.001483 0.000007 0.001188 0.945847 0.000007 0.000745 0.000007 0.000303 0.000007 0.003549 0.026865 0.003255 0.000007 0.006058 0.000007 0.002516 0.000007 0.007682
 0.000450 0.000007 0.001483 0.000007 0.001188 0.036756 0.000007 0.000745 0.000007 0.000303 0.000007 0.003549 0.026865 0.003255 0.000007 0.006058 0.000007 0.002516 0.000007 0.916773
 0.000450 0.000007 0.001483 0.000007 0.001188 0.036756 0.000007 0.000745 0.000007 0.000303 0.000007 0.003549 0.935955 0.003255 0.000007 0.006058 0.000007 0.002516 0.000007 0.007682
 0.000450 0.000007 0.001483 0.000007 0.001188 0.036756 0.000007 0.000745 0.000007 0.000303 0.000007 0.003549 0.026865 0.003255 0.000007 0.915149 0.000007 0.002516 0.000007 0.007682
 0.000450 0.000007 0.001483 0.000007 0.001188 0.945847 0.000007 0.000745 0.000007 0.000303 0.000007 0.003549 0.026865 0.003255 0.000007 0.006058 0.000007 0.002516 0.000007 0.007682
 0.000450 0.000007 0.001483 0.000007 0.001188 0.036756 0.000007 0.000745 0.000007 0.000303 0.000007 0.003549 0.935955 0.003255 0.000007 0.006058 0.000007 0.002516 0.000007 0.007682
 0.000450 0.000007 0.001483 0.000007 0.001188 0.945847 0.000007 0.000745 0.000007 0.000303 0.000007 0.003549 0.026865 0.003255 0.000007 0.006058 0.000007 0.002516 0.000007 0.007682

MOTIF 2-GPGY STREME-2
letter-probability matrix: alength= 20 w= 4 nsites= 15 S= 6.5e-005
 0.000450 0.000007 0.001483 0.000007 0.001188 0.945847 0.000007 0.000745 0.000007 0.000303 0.000007 0.003549 0.026865 0.003255 0.000007 0.006058 0.000007 0.002516 0.000007 0.007682
 0.000450 0.000007 0.001483 0.000007 0.001188 0.036756 0.000007 0.000745 0.000007 0.000303 0.000007 0.003549 0.935955 0.003255 0.000007 0.006058 0.000007 0.002516 0.000007 0.007682
 0.000450 0.000007 0.001483 0.000007 0.001188 0.945847 0.000007 0.000745 0.000007 0.000303 0.000007 0.003549 0.026865 0.003255 0.000007 0.006058 0.000007 0.002516 0.000007 0.007682
 0.000450 0.000007 0.001483 0.000007 0.001188 0.036756 0.000007 0.000745 0.000007 0.000303 0.000007 0.003549 0.026865 0.003255 0.000007 0.006058 0.000007 0.002516 0.000007 0.916773

MOTIF 3-NNQG STREME-3
letter-probability matrix: alength= 20 w= 4 nsites= 12 S= 9.5e-005
 0.000450 0.000007 0.001483 0.000007 0.001188 0.036756 0.000007 0.000745 0.000007 0.000303 0.000007 0.912640 0.026865 0.003255 0.000007 0.006058 0.000007 0.002516 0.000007 0.007682
 0.000450 0.000007 0.001483 0.000007 0.001188 0.036756 0.000007 0.000745 0.000007 0.000303 0.000007 0.912640 0.026865 0.003255 0.000007 0.006058 0.000007 0.002516 0.000007 0.007682
 0.000450 0.000007 0.001483 0.000007 0.001188 0.036756 0.000007 0.000745 0.000007 0.000303 0.000007 0.003549 0.026865 0.912346 0.000007 0.006058 0.000007 0.002516 0.000007 0.007682
 0.000450 0.000007 0.001483 0.000007 0.001188 0.945847 0.000007 0.000745 0.000007 0.000303 0.000007 0.003549 0.026865 0.003255 0.000007 0.006058 0.000007 0.002516 0.000007 0.007682

MOTIF 4-GDQG STREME-4
letter-probability matrix: alength= 20 w= 4 nsites= 10 S= 5.2e-004
 0.000450 0.000007 0.001483 0.000007 0.001188 0.945847 0.000007 0.000745 0.000007 0.000303 0.000007 0.003549 0.026865 0.003255 0.000007 0.006058 0.000007 0.002516 0.000007 0.007682
 0.000450 0.000007 0.910574 0.000007 0.001188 0.036756 0.000007 0.000745 0.000007 0.000303 0.000007 0.003549 0.026865 0.003255 0.000007 0.006058 0.000007 0.002516 0.000007 0.007682
 0.000450 0.000007 0.001483 0.000007 0.001188 0.036756 0.000007 0.000745 0.000007 0.000303 0.000007 0.003549 0.026865 0.912346 0.000007 0.006058 0.000007 0.002516 0.000007 0.007682
 0.000450 0.000007 0.001483 0.000007 0.001188 0.945847 0.000007 0.000745 0.000007 0.000303 0.000007 0.003549 0.026865 0.003255 0.000007 0.006058 0.000007 0.002516 0.000007 0.007682

MOTIF 5-GPGF STREME-5
letter-probability matrix: alength= 20 w= 4 nsites= 4 S= 1.8e-001
 0.000450 0.000007 0.001483 0.000007 0.001188 0.945847 0.000007 0.000745 0.000007 0.000303 0.000007 0.003549 0.026865 0.003255 0.000007 0.006058 0.000007 0.002516 0.000007 0.007682
 0.000450 0.000007 0.001483 0.000007 0.001188 0.036756 0.000007 0.000745 0.000007 0.000303 0.000007 0.003549 0.935955 0.003255 0.000007 0.006058 0.000007 0.002516 0.000007 0.007682
 0.000450 0.000007 0.001483 0.000007 0.001188 0.945847 0.000007 0.000745 0.000007 0.000303 0.000007 0.003549 0.026865 0.003255 0.000007 0.006058 0.000007 0.002516 0.000007 0.007682
 0.000450 0.000007 0.001483 0.000007 0.910279 0.036756 0.000007 0.000745 0.000007 0.000303 0.000007 0.003549 0.026865 0.003255 0.000007 0.006058 0.000007 0.002516 0.000007 0.007682

********************************************************************************
Stopped because maximum number of motifs (5) reached.
********************************************************************************
COMMAND:	streme --protein --p ./Data/v1_cluster_windows_15mers/cluster_12913.fasta --minw 3 --maxw 15 --thresh 0.05 --oc ./Results/v1_Top500_Run_20250504_162200/streme_out_cluster_12913
********************************************************************************
CPU:		Hirokis-MacBook-Air.local
********************************************************************************
FINALTIME:	0.19 seconds
********************************************************************************
