********************************************************************************
STREME - Sensitive, Thorough, Rapid, Enriched Motif Elicitation
********************************************************************************
MEME version 5.5.7 (Release date: Wed Jun 19 13:59:04 2024 -0700)

For further information on how to interpret these results please access https://meme-suite.org/meme.
To get a copy of the MEME Suite software please access https://meme-suite.org.

********************************************************************************


********************************************************************************
REFERENCE
********************************************************************************
If you use this program in your research, please cite:

Timothy L. Bailey,
"STREME: accurate and versatile sequence motif discovery",
Bioinformatics, Mar. 24, 2021.
********************************************************************************


ALPHABET= ACDEFGHIKLMNPQRSTVWY

strands: +

Background letter frequencies
A 0.00982 C 8.12e-05 D 8.12e-05 E 8.12e-05 F 8.12e-05 G 0.597 H 8.12e-05 I 8.12e-05 K 8.12e-05 L 0.0342 M 8.12e-05 N 0.0829 P 0.0017 Q 0.154 R 0.00333 S 0.0585 T 8.12e-05 V 8.12e-05 W 8.12e-05 Y 0.0569 

MOTIF 1-GGQGGNQGGYGS STREME-1
letter-probability matrix: alength= 20 w= 12 nsites= 41 S= 2.4e-024
 0.022905 0.000000 0.000000 0.000000 0.000000 0.975799 0.000000 0.000000 0.000000 0.000113 0.000000 0.000273 0.000006 0.000509 0.000011 0.000193 0.000000 0.000000 0.000000 0.000188
 0.000032 0.000000 0.000000 0.000000 0.000000 0.858503 0.000000 0.000000 0.000000 0.094127 0.000000 0.046429 0.000006 0.000509 0.000011 0.000193 0.000000 0.000000 0.000000 0.000188
 0.000032 0.000000 0.000000 0.000000 0.000000 0.095985 0.000000 0.000000 0.000000 0.046268 0.000000 0.000273 0.000006 0.810885 0.046166 0.000193 0.000000 0.000000 0.000000 0.000188
 0.000032 0.000000 0.000000 0.000000 0.000000 0.998672 0.000000 0.000000 0.000000 0.000113 0.000000 0.000273 0.000006 0.000509 0.000011 0.000193 0.000000 0.000000 0.000000 0.000188
 0.000032 0.000000 0.000000 0.000000 0.000000 0.998672 0.000000 0.000000 0.000000 0.000113 0.000000 0.000273 0.000006 0.000509 0.000011 0.000193 0.000000 0.000000 0.000000 0.000188
 0.000032 0.000000 0.000000 0.000000 0.000000 0.001972 0.000000 0.000000 0.000000 0.000113 0.000000 0.996974 0.000006 0.000509 0.000011 0.000193 0.000000 0.000000 0.000000 0.000188
 0.000032 0.000000 0.000000 0.000000 0.000000 0.001972 0.000000 0.000000 0.000000 0.000113 0.000000 0.000273 0.000006 0.997209 0.000011 0.000193 0.000000 0.000000 0.000000 0.000188
 0.000032 0.000000 0.000000 0.000000 0.000000 0.998672 0.000000 0.000000 0.000000 0.000113 0.000000 0.000273 0.000006 0.000509 0.000011 0.000193 0.000000 0.000000 0.000000 0.000188
 0.000032 0.000000 0.000000 0.000000 0.000000 0.881785 0.000000 0.000000 0.000000 0.000113 0.000000 0.000273 0.000006 0.000509 0.000011 0.000193 0.000000 0.000000 0.000000 0.117074
 0.000032 0.000000 0.000000 0.000000 0.000000 0.118858 0.000000 0.000000 0.000000 0.094127 0.000000 0.023146 0.000006 0.000509 0.000011 0.118817 0.000000 0.000000 0.000000 0.644491
 0.000032 0.000000 0.000000 0.000000 0.000000 0.975799 0.000000 0.000000 0.000000 0.000113 0.000000 0.000273 0.000006 0.023382 0.000011 0.000193 0.000000 0.000000 0.000000 0.000188
 0.000032 0.000000 0.000000 0.000000 0.000000 0.262092 0.000000 0.000000 0.000000 0.000113 0.000000 0.000273 0.022878 0.094523 0.000011 0.619887 0.000000 0.000000 0.000000 0.000188

MOTIF 2-GNQ STREME-2
letter-probability matrix: alength= 20 w= 3 nsites= 7 S= 7.7e-002
 0.000893 0.000007 0.000007 0.000007 0.000007 0.963409 0.000007 0.000007 0.000007 0.003106 0.000007 0.007534 0.000155 0.014027 0.000303 0.005320 0.000007 0.000007 0.000007 0.005173
 0.000893 0.000007 0.000007 0.000007 0.000007 0.054318 0.000007 0.000007 0.000007 0.003106 0.000007 0.916624 0.000155 0.014027 0.000303 0.005320 0.000007 0.000007 0.000007 0.005173
 0.000893 0.000007 0.000007 0.000007 0.000007 0.054318 0.000007 0.000007 0.000007 0.003106 0.000007 0.007534 0.000155 0.923118 0.000303 0.005320 0.000007 0.000007 0.000007 0.005173

MOTIF 3-GAG STREME-3
letter-probability matrix: alength= 20 w= 3 nsites= 4 S= 3.4e-001
 0.000893 0.000007 0.000007 0.000007 0.000007 0.963409 0.000007 0.000007 0.000007 0.003106 0.000007 0.007534 0.000155 0.014027 0.000303 0.005320 0.000007 0.000007 0.000007 0.005173
 0.909984 0.000007 0.000007 0.000007 0.000007 0.054318 0.000007 0.000007 0.000007 0.003106 0.000007 0.007534 0.000155 0.014027 0.000303 0.005320 0.000007 0.000007 0.000007 0.005173
 0.000893 0.000007 0.000007 0.000007 0.000007 0.963409 0.000007 0.000007 0.000007 0.003106 0.000007 0.007534 0.000155 0.014027 0.000303 0.005320 0.000007 0.000007 0.000007 0.005173

MOTIF 4-AGG STREME-4
letter-probability matrix: alength= 20 w= 3 nsites= 1 S= 7.5e-001
 0.909984 0.000007 0.000007 0.000007 0.000007 0.054318 0.000007 0.000007 0.000007 0.003106 0.000007 0.007534 0.000155 0.014027 0.000303 0.005320 0.000007 0.000007 0.000007 0.005173
 0.000893 0.000007 0.000007 0.000007 0.000007 0.963409 0.000007 0.000007 0.000007 0.003106 0.000007 0.007534 0.000155 0.014027 0.000303 0.005320 0.000007 0.000007 0.000007 0.005173
 0.000893 0.000007 0.000007 0.000007 0.000007 0.963409 0.000007 0.000007 0.000007 0.003106 0.000007 0.007534 0.000155 0.014027 0.000303 0.005320 0.000007 0.000007 0.000007 0.005173

MOTIF 5-GGL STREME-5
letter-probability matrix: alength= 20 w= 3 nsites= 6 S= 8.1e-001
 0.000893 0.000007 0.000007 0.000007 0.000007 0.963409 0.000007 0.000007 0.000007 0.003106 0.000007 0.007534 0.000155 0.014027 0.000303 0.005320 0.000007 0.000007 0.000007 0.005173
 0.000893 0.000007 0.000007 0.000007 0.000007 0.963409 0.000007 0.000007 0.000007 0.003106 0.000007 0.007534 0.000155 0.014027 0.000303 0.005320 0.000007 0.000007 0.000007 0.005173
 0.000893 0.000007 0.000007 0.000007 0.000007 0.054318 0.000007 0.000007 0.000007 0.912197 0.000007 0.007534 0.000155 0.014027 0.000303 0.005320 0.000007 0.000007 0.000007 0.005173

********************************************************************************
Stopped because maximum number of motifs (5) reached.
********************************************************************************
COMMAND:	streme --protein --p ./Data/v1_cluster_windows_15mers/cluster_7038.fasta --minw 3 --maxw 15 --thresh 0.05 --oc ./Results/v1_Top500_Run_20250504_162200/streme_out_cluster_7038
********************************************************************************
CPU:		Hirokis-MacBook-Air.local
********************************************************************************
FINALTIME:	0.18 seconds
********************************************************************************
