********************************************************************************
STREME - Sensitive, Thorough, Rapid, Enriched Motif Elicitation
********************************************************************************
MEME version 5.5.7 (Release date: Wed Jun 19 13:59:04 2024 -0700)

For further information on how to interpret these results please access https://meme-suite.org/meme.
To get a copy of the MEME Suite software please access https://meme-suite.org.

********************************************************************************


********************************************************************************
REFERENCE
********************************************************************************
If you use this program in your research, please cite:

Timothy L. Bailey,
"STREME: accurate and versatile sequence motif discovery",
Bioinformatics, Mar. 24, 2021.
********************************************************************************


ALPHABET= ACDEFGHIKLMNPQRSTVWY

strands: +

Background letter frequencies
A 0.262 C 5.46e-05 D 0.023 E 0.0776 F 5.46e-05 G 0.0939 H 5.46e-05 I 0.0666 K 5.46e-05 L 5.46e-05 M 5.46e-05 N 0.103 P 5.46e-05 Q 0.00115 R 0.0132 S 0.281 T 0.0666 V 0.0121 W 5.46e-05 Y 5.46e-05 

MOTIF 1-SNRGAINESNASSAA STREME-1
letter-probability matrix: alength= 20 w= 15 nsites= 61 E= 2.2e-003
 0.023826 0.000005 0.002089 0.007051 0.000005 0.008540 0.000005 0.006059 0.000005 0.000005 0.000005 0.009336 0.000005 0.000104 0.001196 0.934599 0.006059 0.001096 0.000005 0.000005
 0.023826 0.000005 0.002089 0.007051 0.000005 0.008540 0.000005 0.006059 0.000005 0.000005 0.000005 0.918427 0.000005 0.000104 0.001196 0.025508 0.006059 0.001096 0.000005 0.000005
 0.023826 0.000005 0.002089 0.007051 0.000005 0.008540 0.000005 0.006059 0.000005 0.000005 0.000005 0.009336 0.000005 0.000104 0.910287 0.025508 0.006059 0.001096 0.000005 0.000005
 0.023826 0.000005 0.002089 0.007051 0.000005 0.917631 0.000005 0.006059 0.000005 0.000005 0.000005 0.009336 0.000005 0.000104 0.001196 0.025508 0.006059 0.001096 0.000005 0.000005
 0.932917 0.000005 0.002089 0.007051 0.000005 0.008540 0.000005 0.006059 0.000005 0.000005 0.000005 0.009336 0.000005 0.000104 0.001196 0.025508 0.006059 0.001096 0.000005 0.000005
 0.023826 0.000005 0.002089 0.007051 0.000005 0.008540 0.000005 0.915150 0.000005 0.000005 0.000005 0.009336 0.000005 0.000104 0.001196 0.025508 0.006059 0.001096 0.000005 0.000005
 0.023826 0.000005 0.002089 0.007051 0.000005 0.008540 0.000005 0.006059 0.000005 0.000005 0.000005 0.918427 0.000005 0.000104 0.001196 0.025508 0.006059 0.001096 0.000005 0.000005
 0.023826 0.000005 0.002089 0.916142 0.000005 0.008540 0.000005 0.006059 0.000005 0.000005 0.000005 0.009336 0.000005 0.000104 0.001196 0.025508 0.006059 0.001096 0.000005 0.000005
 0.023826 0.000005 0.002089 0.007051 0.000005 0.008540 0.000005 0.006059 0.000005 0.000005 0.000005 0.009336 0.000005 0.000104 0.001196 0.934599 0.006059 0.001096 0.000005 0.000005
 0.023826 0.000005 0.002089 0.007051 0.000005 0.008540 0.000005 0.006059 0.000005 0.000005 0.000005 0.918427 0.000005 0.000104 0.001196 0.025508 0.006059 0.001096 0.000005 0.000005
 0.932917 0.000005 0.002089 0.007051 0.000005 0.008540 0.000005 0.006059 0.000005 0.000005 0.000005 0.009336 0.000005 0.000104 0.001196 0.025508 0.006059 0.001096 0.000005 0.000005
 0.023826 0.000005 0.002089 0.007051 0.000005 0.008540 0.000005 0.006059 0.000005 0.000005 0.000005 0.009336 0.000005 0.000104 0.001196 0.934599 0.006059 0.001096 0.000005 0.000005
 0.023826 0.000005 0.002089 0.007051 0.000005 0.008540 0.000005 0.006059 0.000005 0.000005 0.000005 0.009336 0.000005 0.000104 0.001196 0.934599 0.006059 0.001096 0.000005 0.000005
 0.932917 0.000005 0.002089 0.007051 0.000005 0.008540 0.000005 0.006059 0.000005 0.000005 0.000005 0.009336 0.000005 0.000104 0.001196 0.025508 0.006059 0.001096 0.000005 0.000005
 0.932917 0.000005 0.002089 0.007051 0.000005 0.008540 0.000005 0.006059 0.000005 0.000005 0.000005 0.009336 0.000005 0.000104 0.001196 0.025508 0.006059 0.001096 0.000005 0.000005

MOTIF 2-AEA STREME-2
letter-probability matrix: alength= 20 w= 3 nsites= 1 E= 2.0e+000
 0.932917 0.000005 0.002089 0.007051 0.000005 0.008540 0.000005 0.006059 0.000005 0.000005 0.000005 0.009336 0.000005 0.000104 0.001196 0.025508 0.006059 0.001096 0.000005 0.000005
 0.023826 0.000005 0.002089 0.916142 0.000005 0.008540 0.000005 0.006059 0.000005 0.000005 0.000005 0.009336 0.000005 0.000104 0.001196 0.025508 0.006059 0.001096 0.000005 0.000005
 0.932917 0.000005 0.002089 0.007051 0.000005 0.008540 0.000005 0.006059 0.000005 0.000005 0.000005 0.009336 0.000005 0.000104 0.001196 0.025508 0.006059 0.001096 0.000005 0.000005

********************************************************************************
Stopped because the next motif had no positive sites with scores > 0.
********************************************************************************
COMMAND:	streme --protein --p ./Data/v1_cluster_windows_15mers/cluster_13362.fasta --minw 3 --maxw 15 --thresh 0.05 --oc ./Results/v1_Top500_Run_20250504_162200/streme_out_cluster_13362
********************************************************************************
CPU:		Hirokis-MacBook-Air.local
********************************************************************************
FINALTIME:	0.17 seconds
********************************************************************************
