********************************************************************************
STREME - Sensitive, Thorough, Rapid, Enriched Motif Elicitation
********************************************************************************
MEME version 5.5.7 (Release date: Wed Jun 19 13:59:04 2024 -0700)

For further information on how to interpret these results please access https://meme-suite.org/meme.
To get a copy of the MEME Suite software please access https://meme-suite.org.

********************************************************************************


********************************************************************************
REFERENCE
********************************************************************************
If you use this program in your research, please cite:

Timothy L. Bailey,
"STREME: accurate and versatile sequence motif discovery",
Bioinformatics, Mar. 24, 2021.
********************************************************************************


ALPHABET= ACDEFGHIKLMNPQRSTVWY

strands: +

Background letter frequencies
A 0.0248 C 5.37e-05 D 0.0398 E 0.0258 F 0.00865 G 0.14 H 5.37e-05 I 0.0699 K 5.37e-05 L 0.0871 M 0.0022 N 0.167 P 0.0022 Q 0.00113 R 0.00328 S 0.268 T 0.00757 V 0.0924 W 5.37e-05 Y 0.0613 

MOTIF 1-IYSGLLNSGV STREME-1
letter-probability matrix: alength= 20 w= 10 nsites= 60 E= 3.8e-002
 0.017972 0.000000 0.000103 0.000067 0.000022 0.000361 0.000000 0.925965 0.000000 0.000225 0.000006 0.000430 0.000006 0.000003 0.000008 0.018599 0.017927 0.018147 0.000000 0.000158
 0.000064 0.000000 0.000103 0.000067 0.000022 0.000361 0.000000 0.000181 0.000000 0.000225 0.000006 0.000430 0.000006 0.000003 0.000008 0.000691 0.000020 0.018147 0.000000 0.979667
 0.035880 0.000000 0.000103 0.000067 0.000022 0.000361 0.000000 0.000181 0.000000 0.000225 0.000006 0.000430 0.000006 0.000003 0.000008 0.944384 0.017927 0.000239 0.000000 0.000158
 0.000064 0.000000 0.018011 0.000067 0.000022 0.762103 0.000000 0.000181 0.000000 0.000225 0.000006 0.128423 0.000006 0.000003 0.000008 0.072557 0.017927 0.000239 0.000000 0.000158
 0.000064 0.000000 0.000103 0.000067 0.000022 0.000361 0.000000 0.053904 0.000000 0.489009 0.000006 0.000430 0.000006 0.000003 0.000008 0.000691 0.000020 0.455148 0.000000 0.000158
 0.000064 0.000000 0.000103 0.000067 0.000022 0.000361 0.000000 0.018088 0.000000 0.853910 0.000006 0.000430 0.000006 0.000003 0.017916 0.000691 0.000020 0.108154 0.000000 0.000158
 0.000064 0.000000 0.000103 0.000067 0.000022 0.000361 0.000000 0.000181 0.000000 0.000225 0.000006 0.997847 0.000006 0.000003 0.000008 0.000691 0.000020 0.000239 0.000000 0.000158
 0.000064 0.000000 0.000103 0.000067 0.000022 0.000361 0.000000 0.000181 0.000000 0.000225 0.000006 0.000430 0.000006 0.000003 0.000008 0.998108 0.000020 0.000239 0.000000 0.000158
 0.000064 0.000000 0.000103 0.000067 0.000022 0.997777 0.000000 0.000181 0.000000 0.000225 0.000006 0.000430 0.000006 0.000003 0.000008 0.000691 0.000020 0.000239 0.000000 0.000158
 0.036114 0.000000 0.000103 0.000067 0.109874 0.018269 0.000000 0.054612 0.000000 0.018133 0.000006 0.000430 0.000006 0.000003 0.000008 0.000691 0.000020 0.761507 0.000000 0.000158

MOTIF 2-SSE STREME-2
letter-probability matrix: alength= 20 w= 3 nsites= 22 E= 1.5e-001
 0.400108 0.000001 0.000422 0.000274 0.000092 0.001482 0.000001 0.000741 0.000001 0.000924 0.000023 0.001767 0.073567 0.000012 0.000035 0.518839 0.000080 0.000981 0.000001 0.000650
 0.000263 0.000001 0.000422 0.000274 0.000092 0.001482 0.000001 0.000741 0.000001 0.000924 0.000023 0.075310 0.000023 0.000012 0.000035 0.918684 0.000080 0.000981 0.000001 0.000650
 0.000263 0.000001 0.000422 0.811411 0.000092 0.001482 0.000001 0.000741 0.000001 0.000924 0.148071 0.001767 0.000023 0.000012 0.000035 0.033044 0.000080 0.000981 0.000001 0.000650

MOTIF 3-SSGD STREME-3
letter-probability matrix: alength= 20 w= 4 nsites= 26 E= 2.5e+000
 0.000142 0.000000 0.000229 0.000148 0.000050 0.000803 0.000000 0.000402 0.000000 0.000500 0.000013 0.000957 0.000013 0.000006 0.000019 0.995790 0.000044 0.000531 0.000000 0.000352
 0.121242 0.000000 0.000229 0.000148 0.000050 0.000803 0.000000 0.000402 0.000000 0.000500 0.000013 0.000957 0.000013 0.000006 0.000019 0.874690 0.000044 0.000531 0.000000 0.000352
 0.039984 0.000000 0.000229 0.000148 0.000050 0.591364 0.000000 0.000402 0.000000 0.000500 0.000013 0.163503 0.000013 0.000006 0.000019 0.081741 0.121144 0.000531 0.000000 0.000352
 0.000142 0.000000 0.994481 0.000148 0.000050 0.000803 0.000000 0.000402 0.000000 0.000500 0.000013 0.000957 0.000013 0.000006 0.000019 0.001538 0.000044 0.000531 0.000000 0.000352

MOTIF 4-SAV STREME-4
letter-probability matrix: alength= 20 w= 3 nsites= 4 E= 2.5e+000
 0.002251 0.000005 0.003618 0.002348 0.000786 0.012700 0.000005 0.006352 0.000005 0.007915 0.000200 0.015137 0.000200 0.000103 0.000298 0.933410 0.000688 0.008403 0.000005 0.005571
 0.911342 0.000005 0.003618 0.002348 0.000786 0.012700 0.000005 0.006352 0.000005 0.007915 0.000200 0.015137 0.000200 0.000103 0.000298 0.024319 0.000688 0.008403 0.000005 0.005571
 0.002251 0.000005 0.003618 0.002348 0.000786 0.012700 0.000005 0.006352 0.000005 0.007915 0.000200 0.015137 0.000200 0.000103 0.000298 0.024319 0.000688 0.917494 0.000005 0.005571

MOTIF 5-INSDD STREME-5
letter-probability matrix: alength= 20 w= 5 nsites= 3 E= 5.0e+000
 0.002251 0.000005 0.003618 0.002348 0.000786 0.012700 0.000005 0.915443 0.000005 0.007915 0.000200 0.015137 0.000200 0.000103 0.000298 0.024319 0.000688 0.008403 0.000005 0.005571
 0.002251 0.000005 0.003618 0.002348 0.000786 0.012700 0.000005 0.006352 0.000005 0.007915 0.000200 0.924228 0.000200 0.000103 0.000298 0.024319 0.000688 0.008403 0.000005 0.005571
 0.002251 0.000005 0.003618 0.002348 0.000786 0.012700 0.000005 0.006352 0.000005 0.007915 0.000200 0.015137 0.000200 0.000103 0.000298 0.933410 0.000688 0.008403 0.000005 0.005571
 0.002251 0.000005 0.912709 0.002348 0.000786 0.012700 0.000005 0.006352 0.000005 0.007915 0.000200 0.015137 0.000200 0.000103 0.000298 0.024319 0.000688 0.008403 0.000005 0.005571
 0.002251 0.000005 0.912709 0.002348 0.000786 0.012700 0.000005 0.006352 0.000005 0.007915 0.000200 0.015137 0.000200 0.000103 0.000298 0.024319 0.000688 0.008403 0.000005 0.005571

********************************************************************************
Stopped because 3 consecutive motifs exceeded the p-value threshold (0.05).
********************************************************************************
COMMAND:	streme --protein --p ./Data/v1_cluster_windows_15mers/cluster_4674.fasta --minw 3 --maxw 15 --thresh 0.05 --oc ./Results/v1_Top500_Run_20250504_162200/streme_out_cluster_4674
********************************************************************************
CPU:		Hirokis-MacBook-Air.local
********************************************************************************
FINALTIME:	0.21 seconds
********************************************************************************
