********************************************************************************
STREME - Sensitive, Thorough, Rapid, Enriched Motif Elicitation
********************************************************************************
MEME version 5.5.7 (Release date: Wed Jun 19 13:59:04 2024 -0700)

For further information on how to interpret these results please access https://meme-suite.org/meme.
To get a copy of the MEME Suite software please access https://meme-suite.org.

********************************************************************************


********************************************************************************
REFERENCE
********************************************************************************
If you use this program in your research, please cite:

Timothy L. Bailey,
"STREME: accurate and versatile sequence motif discovery",
Bioinformatics, Mar. 24, 2021.
********************************************************************************


ALPHABET= ACDEFGHIKLMNPQRSTVWY

strands: +

Background letter frequencies
A 0.172 C 4.97e-05 D 0.0279 E 0.00204 F 0.00104 G 0.107 H 4.97e-05 I 0.0378 K 4.97e-05 L 0.0955 M 0.00303 N 0.014 P 4.97e-05 Q 0.0965 R 4.97e-05 S 0.235 T 0.0766 V 0.13 W 4.97e-05 Y 0.00104 

MOTIF 1-SVASQVGQTLAS STREME-1
letter-probability matrix: alength= 20 w= 12 nsites= 67 E= 4.3e-003
 0.424331 0.000000 0.000078 0.019382 0.000003 0.000300 0.000000 0.000106 0.000000 0.000267 0.000008 0.000039 0.000000 0.000270 0.000000 0.515883 0.038966 0.000364 0.000000 0.000003
 0.039464 0.000000 0.000078 0.000006 0.000003 0.019676 0.000000 0.038857 0.000000 0.339464 0.000008 0.000039 0.000000 0.000270 0.000000 0.000656 0.000214 0.561261 0.000000 0.000003
 0.503250 0.000000 0.300523 0.000006 0.000003 0.000300 0.000000 0.000106 0.000000 0.000267 0.000008 0.000039 0.000000 0.000270 0.000000 0.039407 0.038966 0.116851 0.000000 0.000003
 0.000481 0.000000 0.000078 0.000006 0.000003 0.019676 0.000000 0.000106 0.000000 0.000267 0.000008 0.019415 0.000000 0.000270 0.000000 0.939733 0.019590 0.000364 0.000000 0.000003
 0.000481 0.000000 0.000078 0.000006 0.000003 0.000300 0.000000 0.000106 0.000000 0.000267 0.000008 0.000039 0.000000 0.997474 0.000000 0.000656 0.000214 0.000364 0.000000 0.000003
 0.019857 0.000000 0.000078 0.000006 0.000003 0.000300 0.000000 0.307469 0.000000 0.000267 0.038992 0.000039 0.000000 0.000270 0.000000 0.000656 0.000214 0.631846 0.000000 0.000003
 0.000481 0.000000 0.000078 0.000006 0.000003 0.997505 0.000000 0.000106 0.000000 0.000267 0.000008 0.000039 0.000000 0.000270 0.000000 0.000656 0.000214 0.000364 0.000000 0.000003
 0.000481 0.000000 0.000078 0.019382 0.000003 0.000300 0.000000 0.000106 0.000000 0.000267 0.000008 0.000039 0.000000 0.561166 0.000000 0.417588 0.000214 0.000364 0.000000 0.000003
 0.019857 0.000000 0.000078 0.000006 0.000003 0.000300 0.000000 0.000106 0.000000 0.000267 0.000008 0.000039 0.000000 0.000270 0.000000 0.000656 0.978043 0.000364 0.000000 0.000003
 0.000481 0.000000 0.000078 0.000006 0.000003 0.000300 0.000000 0.000106 0.000000 0.919736 0.000008 0.000039 0.000000 0.000270 0.000000 0.000656 0.000214 0.078100 0.000000 0.000003
 0.939558 0.000000 0.000078 0.000006 0.000003 0.000300 0.000000 0.000106 0.000000 0.000267 0.000008 0.000039 0.000000 0.000270 0.000000 0.000656 0.038966 0.019740 0.000000 0.000003
 0.098294 0.000000 0.000078 0.000006 0.000003 0.000300 0.000000 0.000106 0.000000 0.000267 0.000008 0.000039 0.000000 0.000270 0.000000 0.900048 0.000214 0.000364 0.000000 0.000003

MOTIF 2-GVV STREME-2
letter-probability matrix: alength= 20 w= 3 nsites= 5 E= 9.1e-001
 0.015637 0.000005 0.002535 0.000185 0.000095 0.918855 0.000005 0.003438 0.000005 0.008680 0.000276 0.001270 0.000005 0.008770 0.000005 0.021328 0.006963 0.011846 0.000005 0.000095
 0.015637 0.000005 0.002535 0.000185 0.000095 0.009764 0.000005 0.003438 0.000005 0.008680 0.000276 0.001270 0.000005 0.008770 0.000005 0.021328 0.006963 0.920937 0.000005 0.000095
 0.015637 0.000005 0.002535 0.000185 0.000095 0.009764 0.000005 0.003438 0.000005 0.008680 0.000276 0.001270 0.000005 0.008770 0.000005 0.021328 0.006963 0.920937 0.000005 0.000095

MOTIF 3-GVI STREME-3
letter-probability matrix: alength= 20 w= 3 nsites= 21 E= 2.0e+000
 0.001522 0.000000 0.000247 0.000018 0.000009 0.992102 0.000000 0.000335 0.000000 0.000845 0.000027 0.000124 0.000000 0.000854 0.000000 0.002076 0.000678 0.001153 0.000000 0.000009
 0.254867 0.000000 0.000247 0.000018 0.000009 0.315127 0.000000 0.000335 0.000000 0.000845 0.000027 0.000124 0.000000 0.000854 0.000000 0.002076 0.000678 0.424783 0.000000 0.000009
 0.001522 0.000000 0.000247 0.000018 0.000009 0.000950 0.000000 0.991487 0.000000 0.000845 0.000027 0.000124 0.000000 0.000854 0.000000 0.002076 0.000678 0.001153 0.000000 0.000009

MOTIF 4-VSS STREME-4
letter-probability matrix: alength= 20 w= 3 nsites= 12 E= 4.0e+000
 0.015637 0.000005 0.002535 0.000185 0.000095 0.009764 0.000005 0.003438 0.000005 0.008680 0.000276 0.001270 0.000005 0.008770 0.000005 0.021328 0.006963 0.920937 0.000005 0.000095
 0.015637 0.000005 0.002535 0.000185 0.000095 0.009764 0.000005 0.003438 0.000005 0.008680 0.000276 0.001270 0.000005 0.008770 0.000005 0.930419 0.006963 0.011846 0.000005 0.000095
 0.015637 0.000005 0.002535 0.000185 0.000095 0.009764 0.000005 0.003438 0.000005 0.008680 0.000276 0.001270 0.000005 0.008770 0.000005 0.930419 0.006963 0.011846 0.000005 0.000095

********************************************************************************
Stopped because 3 consecutive motifs exceeded the p-value threshold (0.05).
********************************************************************************
COMMAND:	streme --protein --p ./Data/v1_cluster_windows_15mers/cluster_10319.fasta --minw 3 --maxw 15 --thresh 0.05 --oc ./Results/v1_Top500_Run_20250504_162200/streme_out_cluster_10319
********************************************************************************
CPU:		Hirokis-MacBook-Air.local
********************************************************************************
FINALTIME:	0.17 seconds
********************************************************************************
