********************************************************************************
STREME - Sensitive, Thorough, Rapid, Enriched Motif Elicitation
********************************************************************************
MEME version 5.5.7 (Release date: Wed Jun 19 13:59:04 2024 -0700)

For further information on how to interpret these results please access https://meme-suite.org/meme.
To get a copy of the MEME Suite software please access https://meme-suite.org.

********************************************************************************


********************************************************************************
REFERENCE
********************************************************************************
If you use this program in your research, please cite:

Timothy L. Bailey,
"STREME: accurate and versatile sequence motif discovery",
Bioinformatics, Mar. 24, 2021.
********************************************************************************


ALPHABET= ACDEFGHIKLMNPQRSTVWY

strands: +

Background letter frequencies
A 0.297 C 3.08e-05 D 0.0025 E 3.08e-05 F 0.0099 G 0.193 H 3.08e-05 I 0.0938 K 3.08e-05 L 0.0728 M 0.00805 N 0.0259 P 0.0451 Q 0.00373 R 0.000648 S 0.147 T 0.00311 V 0.0969 W 3.08e-05 Y 3.08e-05 

MOTIF 1-GAIASGGASALPGVI STREME-1
letter-probability matrix: alength= 20 w= 15 nsites= 107 E= 6.0e-005
 0.355369 0.000000 0.032171 0.000000 0.000015 0.568871 0.000000 0.000144 0.000000 0.000112 0.000012 0.000040 0.000069 0.042816 0.000001 0.000226 0.000005 0.000149 0.000000 0.000000
 0.816305 0.000000 0.000004 0.000000 0.000015 0.000296 0.000000 0.000144 0.000000 0.000112 0.000012 0.000040 0.086422 0.000006 0.000001 0.053679 0.042815 0.000149 0.000000 0.000000
 0.000456 0.000000 0.000004 0.000000 0.129178 0.000296 0.000000 0.654902 0.000000 0.064207 0.031941 0.000040 0.000069 0.000006 0.000001 0.000226 0.000005 0.118668 0.000000 0.000000
 0.783326 0.000000 0.000004 0.000000 0.000015 0.000296 0.000000 0.000144 0.000000 0.000112 0.000012 0.000040 0.000069 0.000006 0.000001 0.000226 0.000005 0.215743 0.000000 0.000000
 0.000456 0.000000 0.000004 0.000000 0.000015 0.000296 0.000000 0.000144 0.000000 0.000112 0.000012 0.000040 0.000069 0.000006 0.000001 0.988048 0.010648 0.000149 0.000000 0.000000
 0.150411 0.000000 0.000004 0.000000 0.000015 0.848805 0.000000 0.000144 0.000000 0.000112 0.000012 0.000040 0.000069 0.000006 0.000001 0.000226 0.000005 0.000149 0.000000 0.000000
 0.000456 0.000000 0.000004 0.000000 0.000015 0.998761 0.000000 0.000144 0.000000 0.000112 0.000012 0.000040 0.000069 0.000006 0.000001 0.000226 0.000005 0.000149 0.000000 0.000000
 0.998920 0.000000 0.000004 0.000000 0.000015 0.000296 0.000000 0.000144 0.000000 0.000112 0.000012 0.000040 0.000069 0.000006 0.000001 0.000226 0.000005 0.000149 0.000000 0.000000
 0.419464 0.000000 0.000004 0.000000 0.000015 0.010939 0.000000 0.000144 0.000000 0.000112 0.000012 0.064135 0.000069 0.000006 0.000001 0.504944 0.000005 0.000149 0.000000 0.000000
 0.988277 0.000000 0.000004 0.000000 0.000015 0.010939 0.000000 0.000144 0.000000 0.000112 0.000012 0.000040 0.000069 0.000006 0.000001 0.000226 0.000005 0.000149 0.000000 0.000000
 0.000456 0.000000 0.000004 0.000000 0.000015 0.000296 0.000000 0.021430 0.000000 0.966648 0.000012 0.000040 0.000069 0.000006 0.000001 0.000226 0.000005 0.010792 0.000000 0.000000
 0.032623 0.000000 0.000004 0.000000 0.000015 0.000296 0.000000 0.000144 0.000000 0.000112 0.000012 0.000040 0.634751 0.000006 0.000001 0.331843 0.000005 0.000149 0.000000 0.000000
 0.000456 0.000000 0.010647 0.000000 0.000015 0.386891 0.000000 0.000144 0.000000 0.000112 0.000012 0.333191 0.000069 0.000006 0.010644 0.257659 0.000005 0.000149 0.000000 0.000000
 0.000456 0.000000 0.000004 0.000000 0.000015 0.000296 0.000000 0.021509 0.000000 0.000112 0.000012 0.000040 0.000069 0.000006 0.000001 0.000226 0.000005 0.977248 0.000000 0.000000
 0.000456 0.000000 0.000004 0.000000 0.021301 0.000296 0.000000 0.665450 0.000000 0.107750 0.097501 0.000040 0.000069 0.000006 0.000001 0.000226 0.000005 0.106895 0.000000 0.000000

********************************************************************************
Stopped because the next motif had no positive sites with scores > 0.
********************************************************************************
COMMAND:	streme --protein --p ./Data/v1_cluster_windows_15mers/cluster_4580.fasta --minw 3 --maxw 15 --thresh 0.05 --oc ./Results/v1_Top500_Run_20250504_162200/streme_out_cluster_4580
********************************************************************************
CPU:		Hirokis-MacBook-Air.local
********************************************************************************
FINALTIME:	0.18 seconds
********************************************************************************
