********************************************************************************
STREME - Sensitive, Thorough, Rapid, Enriched Motif Elicitation
********************************************************************************
MEME version 5.5.7 (Release date: Wed Jun 19 13:59:04 2024 -0700)

For further information on how to interpret these results please access https://meme-suite.org/meme.
To get a copy of the MEME Suite software please access https://meme-suite.org.

********************************************************************************


********************************************************************************
REFERENCE
********************************************************************************
If you use this program in your research, please cite:

Timothy L. Bailey,
"STREME: accurate and versatile sequence motif discovery",
Bioinformatics, Mar. 24, 2021.
********************************************************************************


ALPHABET= ACDEFGHIKLMNPQRSTVWY

strands: +

Background letter frequencies
A 0.383 C 7.56e-05 D 7.56e-05 E 7.56e-05 F 7.56e-05 G 0.452 H 7.56e-05 I 7.56e-05 K 7.56e-05 L 7.56e-05 M 7.56e-05 N 7.56e-05 P 7.56e-05 Q 7.56e-05 R 7.56e-05 S 0.159 T 0.00461 V 7.56e-05 W 7.56e-05 Y 7.56e-05 

MOTIF 1-AGSGAGAGSGAGA STREME-1
letter-probability matrix: alength= 20 w= 13 nsites= 44 S= 3.8e-026
 0.943894 0.000007 0.000007 0.000007 0.000007 0.041130 0.000007 0.000007 0.000007 0.000007 0.000007 0.000007 0.000007 0.000007 0.000007 0.014447 0.000419 0.000007 0.000007 0.000007
 0.034803 0.000007 0.000007 0.000007 0.000007 0.950221 0.000007 0.000007 0.000007 0.000007 0.000007 0.000007 0.000007 0.000007 0.000007 0.014447 0.000419 0.000007 0.000007 0.000007
 0.034803 0.000007 0.000007 0.000007 0.000007 0.041130 0.000007 0.000007 0.000007 0.000007 0.000007 0.000007 0.000007 0.000007 0.000007 0.923537 0.000419 0.000007 0.000007 0.000007
 0.034803 0.000007 0.000007 0.000007 0.000007 0.950221 0.000007 0.000007 0.000007 0.000007 0.000007 0.000007 0.000007 0.000007 0.000007 0.014447 0.000419 0.000007 0.000007 0.000007
 0.943894 0.000007 0.000007 0.000007 0.000007 0.041130 0.000007 0.000007 0.000007 0.000007 0.000007 0.000007 0.000007 0.000007 0.000007 0.014447 0.000419 0.000007 0.000007 0.000007
 0.034803 0.000007 0.000007 0.000007 0.000007 0.950221 0.000007 0.000007 0.000007 0.000007 0.000007 0.000007 0.000007 0.000007 0.000007 0.014447 0.000419 0.000007 0.000007 0.000007
 0.943894 0.000007 0.000007 0.000007 0.000007 0.041130 0.000007 0.000007 0.000007 0.000007 0.000007 0.000007 0.000007 0.000007 0.000007 0.014447 0.000419 0.000007 0.000007 0.000007
 0.034803 0.000007 0.000007 0.000007 0.000007 0.950221 0.000007 0.000007 0.000007 0.000007 0.000007 0.000007 0.000007 0.000007 0.000007 0.014447 0.000419 0.000007 0.000007 0.000007
 0.034803 0.000007 0.000007 0.000007 0.000007 0.041130 0.000007 0.000007 0.000007 0.000007 0.000007 0.000007 0.000007 0.000007 0.000007 0.923537 0.000419 0.000007 0.000007 0.000007
 0.034803 0.000007 0.000007 0.000007 0.000007 0.950221 0.000007 0.000007 0.000007 0.000007 0.000007 0.000007 0.000007 0.000007 0.000007 0.014447 0.000419 0.000007 0.000007 0.000007
 0.943894 0.000007 0.000007 0.000007 0.000007 0.041130 0.000007 0.000007 0.000007 0.000007 0.000007 0.000007 0.000007 0.000007 0.000007 0.014447 0.000419 0.000007 0.000007 0.000007
 0.034803 0.000007 0.000007 0.000007 0.000007 0.950221 0.000007 0.000007 0.000007 0.000007 0.000007 0.000007 0.000007 0.000007 0.000007 0.014447 0.000419 0.000007 0.000007 0.000007
 0.943894 0.000007 0.000007 0.000007 0.000007 0.041130 0.000007 0.000007 0.000007 0.000007 0.000007 0.000007 0.000007 0.000007 0.000007 0.014447 0.000419 0.000007 0.000007 0.000007

MOTIF 2-SGA STREME-2
letter-probability matrix: alength= 20 w= 3 nsites= 1 S= 1.0e+000
 0.034803 0.000007 0.000007 0.000007 0.000007 0.041130 0.000007 0.000007 0.000007 0.000007 0.000007 0.000007 0.000007 0.000007 0.000007 0.923537 0.000419 0.000007 0.000007 0.000007
 0.034803 0.000007 0.000007 0.000007 0.000007 0.950221 0.000007 0.000007 0.000007 0.000007 0.000007 0.000007 0.000007 0.000007 0.000007 0.014447 0.000419 0.000007 0.000007 0.000007
 0.943894 0.000007 0.000007 0.000007 0.000007 0.041130 0.000007 0.000007 0.000007 0.000007 0.000007 0.000007 0.000007 0.000007 0.000007 0.014447 0.000419 0.000007 0.000007 0.000007

MOTIF 3-AGS STREME-3
letter-probability matrix: alength= 20 w= 3 nsites= 1 S= 1.0e+000
 0.943894 0.000007 0.000007 0.000007 0.000007 0.041130 0.000007 0.000007 0.000007 0.000007 0.000007 0.000007 0.000007 0.000007 0.000007 0.014447 0.000419 0.000007 0.000007 0.000007
 0.034803 0.000007 0.000007 0.000007 0.000007 0.950221 0.000007 0.000007 0.000007 0.000007 0.000007 0.000007 0.000007 0.000007 0.000007 0.014447 0.000419 0.000007 0.000007 0.000007
 0.034803 0.000007 0.000007 0.000007 0.000007 0.041130 0.000007 0.000007 0.000007 0.000007 0.000007 0.000007 0.000007 0.000007 0.000007 0.923537 0.000419 0.000007 0.000007 0.000007

********************************************************************************
Stopped because the next motif had no positive sites with scores > 0.
********************************************************************************
COMMAND:	streme --protein --p ./Data/v1_cluster_windows_15mers/cluster_15327.fasta --minw 3 --maxw 15 --thresh 0.05 --oc ./Results/v1_Top500_Run_20250504_162200/streme_out_cluster_15327
********************************************************************************
CPU:		Hirokis-MacBook-Air.local
********************************************************************************
FINALTIME:	0.13 seconds
********************************************************************************
