********************************************************************************
STREME - Sensitive, Thorough, Rapid, Enriched Motif Elicitation
********************************************************************************
MEME version 5.5.7 (Release date: Wed Jun 19 13:59:04 2024 -0700)

For further information on how to interpret these results please access https://meme-suite.org/meme.
To get a copy of the MEME Suite software please access https://meme-suite.org.

********************************************************************************


********************************************************************************
REFERENCE
********************************************************************************
If you use this program in your research, please cite:

Timothy L. Bailey,
"STREME: accurate and versatile sequence motif discovery",
Bioinformatics, Mar. 24, 2021.
********************************************************************************


ALPHABET= ACDEFGHIKLMNPQRSTVWY

strands: +

Background letter frequencies
A 0.0666 C 8.53e-05 D 0.0154 E 0.167 F 8.53e-05 G 0.0171 H 8.53e-05 I 0.082 K 8.53e-05 L 0.152 M 0.0359 N 8.53e-05 P 8.53e-05 Q 0.0632 R 8.53e-05 S 0.131 T 0.0052 V 0.196 W 8.53e-05 Y 0.0666 

MOTIF 1-YGEALIQSLMEVISV STREME-1
letter-probability matrix: alength= 20 w= 15 nsites= 39 S= 3.7e-023
 0.006058 0.000008 0.001404 0.015209 0.000008 0.001559 0.000008 0.007454 0.000008 0.013818 0.003265 0.000008 0.000008 0.005748 0.000008 0.011954 0.000473 0.017845 0.000008 0.915149
 0.006058 0.000008 0.001404 0.015209 0.000008 0.910650 0.000008 0.007454 0.000008 0.013818 0.003265 0.000008 0.000008 0.005748 0.000008 0.011954 0.000473 0.017845 0.000008 0.006058
 0.006058 0.000008 0.001404 0.924300 0.000008 0.001559 0.000008 0.007454 0.000008 0.013818 0.003265 0.000008 0.000008 0.005748 0.000008 0.011954 0.000473 0.017845 0.000008 0.006058
 0.915149 0.000008 0.001404 0.015209 0.000008 0.001559 0.000008 0.007454 0.000008 0.013818 0.003265 0.000008 0.000008 0.005748 0.000008 0.011954 0.000473 0.017845 0.000008 0.006058
 0.006058 0.000008 0.001404 0.015209 0.000008 0.001559 0.000008 0.007454 0.000008 0.922909 0.003265 0.000008 0.000008 0.005748 0.000008 0.011954 0.000473 0.017845 0.000008 0.006058
 0.006058 0.000008 0.001404 0.015209 0.000008 0.001559 0.000008 0.916545 0.000008 0.013818 0.003265 0.000008 0.000008 0.005748 0.000008 0.011954 0.000473 0.017845 0.000008 0.006058
 0.006058 0.000008 0.001404 0.015209 0.000008 0.001559 0.000008 0.007454 0.000008 0.013818 0.003265 0.000008 0.000008 0.914839 0.000008 0.011954 0.000473 0.017845 0.000008 0.006058
 0.006058 0.000008 0.001404 0.015209 0.000008 0.001559 0.000008 0.007454 0.000008 0.013818 0.003265 0.000008 0.000008 0.005748 0.000008 0.921045 0.000473 0.017845 0.000008 0.006058
 0.006058 0.000008 0.001404 0.015209 0.000008 0.001559 0.000008 0.007454 0.000008 0.922909 0.003265 0.000008 0.000008 0.005748 0.000008 0.011954 0.000473 0.017845 0.000008 0.006058
 0.006058 0.000008 0.001404 0.015209 0.000008 0.001559 0.000008 0.007454 0.000008 0.013818 0.912356 0.000008 0.000008 0.005748 0.000008 0.011954 0.000473 0.017845 0.000008 0.006058
 0.006058 0.000008 0.001404 0.924300 0.000008 0.001559 0.000008 0.007454 0.000008 0.013818 0.003265 0.000008 0.000008 0.005748 0.000008 0.011954 0.000473 0.017845 0.000008 0.006058
 0.006058 0.000008 0.001404 0.015209 0.000008 0.001559 0.000008 0.007454 0.000008 0.013818 0.003265 0.000008 0.000008 0.005748 0.000008 0.011954 0.000473 0.926936 0.000008 0.006058
 0.006058 0.000008 0.001404 0.015209 0.000008 0.001559 0.000008 0.916545 0.000008 0.013818 0.003265 0.000008 0.000008 0.005748 0.000008 0.011954 0.000473 0.017845 0.000008 0.006058
 0.006058 0.000008 0.001404 0.015209 0.000008 0.001559 0.000008 0.007454 0.000008 0.013818 0.003265 0.000008 0.000008 0.005748 0.000008 0.921045 0.000473 0.017845 0.000008 0.006058
 0.006058 0.000008 0.001404 0.015209 0.000008 0.001559 0.000008 0.007454 0.000008 0.013818 0.003265 0.000008 0.000008 0.005748 0.000008 0.011954 0.000473 0.926936 0.000008 0.006058

MOTIF 2-VAL STREME-2
letter-probability matrix: alength= 20 w= 3 nsites= 2 S= 5.0e-001
 0.006058 0.000008 0.001404 0.015209 0.000008 0.001559 0.000008 0.007454 0.000008 0.013818 0.003265 0.000008 0.000008 0.005748 0.000008 0.011954 0.000473 0.926936 0.000008 0.006058
 0.915149 0.000008 0.001404 0.015209 0.000008 0.001559 0.000008 0.007454 0.000008 0.013818 0.003265 0.000008 0.000008 0.005748 0.000008 0.011954 0.000473 0.017845 0.000008 0.006058
 0.006058 0.000008 0.001404 0.015209 0.000008 0.001559 0.000008 0.007454 0.000008 0.922909 0.003265 0.000008 0.000008 0.005748 0.000008 0.011954 0.000473 0.017845 0.000008 0.006058

********************************************************************************
Stopped because the next motif had no positive sites with scores > 0.
********************************************************************************
COMMAND:	streme --protein --p ./Data/v1_cluster_windows_15mers/cluster_19712.fasta --minw 3 --maxw 15 --thresh 0.05 --oc ./Results/v1_Top500_Run_20250504_162200/streme_out_cluster_19712
********************************************************************************
CPU:		Hirokis-MacBook-Air.local
********************************************************************************
FINALTIME:	0.15 seconds
********************************************************************************
