********************************************************************************
STREME - Sensitive, Thorough, Rapid, Enriched Motif Elicitation
********************************************************************************
MEME version 5.5.7 (Release date: Wed Jun 19 13:59:04 2024 -0700)

For further information on how to interpret these results please access https://meme-suite.org/meme.
To get a copy of the MEME Suite software please access https://meme-suite.org.

********************************************************************************


********************************************************************************
REFERENCE
********************************************************************************
If you use this program in your research, please cite:

Timothy L. Bailey,
"STREME: accurate and versatile sequence motif discovery",
Bioinformatics, Mar. 24, 2021.
********************************************************************************


ALPHABET= ACDEFGHIKLMNPQRSTVWY

strands: +

Background letter frequencies
A 0.175 C 8.12e-05 D 8.12e-05 E 0.0666 F 8.12e-05 G 0.00333 H 8.12e-05 I 0.00171 K 8.12e-05 L 0.0666 M 8.12e-05 N 0.122 P 8.12e-05 Q 8.12e-05 R 0.133 S 0.309 T 0.0244 V 0.0975 W 8.12e-05 Y 8.12e-05 

MOTIF 1-NRLSSAEAVNRVSSN STREME-1
letter-probability matrix: alength= 20 w= 15 nsites= 41 S= 2.4e-024
 0.015946 0.000007 0.000007 0.006059 0.000007 0.000303 0.000007 0.000155 0.000007 0.006059 0.000007 0.920164 0.000007 0.000007 0.012110 0.028047 0.002221 0.008862 0.000007 0.000007
 0.015946 0.000007 0.000007 0.006059 0.000007 0.000303 0.000007 0.000155 0.000007 0.006059 0.000007 0.011073 0.000007 0.000007 0.921201 0.028047 0.002221 0.008862 0.000007 0.000007
 0.015946 0.000007 0.000007 0.006059 0.000007 0.000303 0.000007 0.000155 0.000007 0.915149 0.000007 0.011073 0.000007 0.000007 0.012110 0.028047 0.002221 0.008862 0.000007 0.000007
 0.015946 0.000007 0.000007 0.006059 0.000007 0.000303 0.000007 0.000155 0.000007 0.006059 0.000007 0.011073 0.000007 0.000007 0.012110 0.937138 0.002221 0.008862 0.000007 0.000007
 0.015946 0.000007 0.000007 0.006059 0.000007 0.000303 0.000007 0.000155 0.000007 0.006059 0.000007 0.011073 0.000007 0.000007 0.012110 0.937138 0.002221 0.008862 0.000007 0.000007
 0.925037 0.000007 0.000007 0.006059 0.000007 0.000303 0.000007 0.000155 0.000007 0.006059 0.000007 0.011073 0.000007 0.000007 0.012110 0.028047 0.002221 0.008862 0.000007 0.000007
 0.015946 0.000007 0.000007 0.915149 0.000007 0.000303 0.000007 0.000155 0.000007 0.006059 0.000007 0.011073 0.000007 0.000007 0.012110 0.028047 0.002221 0.008862 0.000007 0.000007
 0.925037 0.000007 0.000007 0.006059 0.000007 0.000303 0.000007 0.000155 0.000007 0.006059 0.000007 0.011073 0.000007 0.000007 0.012110 0.028047 0.002221 0.008862 0.000007 0.000007
 0.015946 0.000007 0.000007 0.006059 0.000007 0.000303 0.000007 0.000155 0.000007 0.006059 0.000007 0.011073 0.000007 0.000007 0.012110 0.028047 0.002221 0.917953 0.000007 0.000007
 0.015946 0.000007 0.000007 0.006059 0.000007 0.000303 0.000007 0.000155 0.000007 0.006059 0.000007 0.920164 0.000007 0.000007 0.012110 0.028047 0.002221 0.008862 0.000007 0.000007
 0.015946 0.000007 0.000007 0.006059 0.000007 0.000303 0.000007 0.000155 0.000007 0.006059 0.000007 0.011073 0.000007 0.000007 0.921201 0.028047 0.002221 0.008862 0.000007 0.000007
 0.015946 0.000007 0.000007 0.006059 0.000007 0.000303 0.000007 0.000155 0.000007 0.006059 0.000007 0.011073 0.000007 0.000007 0.012110 0.028047 0.002221 0.917953 0.000007 0.000007
 0.015946 0.000007 0.000007 0.006059 0.000007 0.000303 0.000007 0.000155 0.000007 0.006059 0.000007 0.011073 0.000007 0.000007 0.012110 0.937138 0.002221 0.008862 0.000007 0.000007
 0.015946 0.000007 0.000007 0.006059 0.000007 0.000303 0.000007 0.000155 0.000007 0.006059 0.000007 0.011073 0.000007 0.000007 0.012110 0.937138 0.002221 0.008862 0.000007 0.000007
 0.015946 0.000007 0.000007 0.006059 0.000007 0.000303 0.000007 0.000155 0.000007 0.006059 0.000007 0.920164 0.000007 0.000007 0.012110 0.028047 0.002221 0.008862 0.000007 0.000007

********************************************************************************
Stopped because the next motif had no positive sites with scores > 0.
********************************************************************************
COMMAND:	streme --protein --p ./Data/v1_cluster_windows_15mers/cluster_20287.fasta --minw 3 --maxw 15 --thresh 0.05 --oc ./Results/v1_Top500_Run_20250504_162200/streme_out_cluster_20287
********************************************************************************
CPU:		Hirokis-MacBook-Air.local
********************************************************************************
FINALTIME:	0.14 seconds
********************************************************************************
