********************************************************************************
STREME - Sensitive, Thorough, Rapid, Enriched Motif Elicitation
********************************************************************************
MEME version 5.5.7 (Release date: Wed Jun 19 13:59:04 2024 -0700)

For further information on how to interpret these results please access https://meme-suite.org/meme.
To get a copy of the MEME Suite software please access https://meme-suite.org.

********************************************************************************


********************************************************************************
REFERENCE
********************************************************************************
If you use this program in your research, please cite:

Timothy L. Bailey,
"STREME: accurate and versatile sequence motif discovery",
Bioinformatics, Mar. 24, 2021.
********************************************************************************


ALPHABET= ACDEFGHIKLMNPQRSTVWY

strands: +

Background letter frequencies
A 0.12 C 5.46e-05 D 0.00333 E 5.46e-05 F 5.46e-05 G 0.0885 H 0.00115 I 0.0404 K 0.00115 L 0.0732 M 0.00551 N 0.132 P 0.0437 Q 0.0721 R 0.0601 S 0.182 T 0.0284 V 0.147 W 5.46e-05 Y 5.46e-05 

MOTIF 1-SAVSSLVQNGRPNIG STREME-1
letter-probability matrix: alength= 20 w= 15 nsites= 61 E= 1.1e-003
 0.010918 0.000005 0.000303 0.000005 0.000005 0.008044 0.000104 0.003677 0.000104 0.006654 0.000501 0.012018 0.003975 0.006555 0.005464 0.925673 0.002585 0.013400 0.000005 0.000005
 0.920009 0.000005 0.000303 0.000005 0.000005 0.008044 0.000104 0.003677 0.000104 0.006654 0.000501 0.012018 0.003975 0.006555 0.005464 0.016582 0.002585 0.013400 0.000005 0.000005
 0.010918 0.000005 0.000303 0.000005 0.000005 0.008044 0.000104 0.003677 0.000104 0.006654 0.000501 0.012018 0.003975 0.006555 0.005464 0.016582 0.002585 0.922491 0.000005 0.000005
 0.010918 0.000005 0.000303 0.000005 0.000005 0.008044 0.000104 0.003677 0.000104 0.006654 0.000501 0.012018 0.003975 0.006555 0.005464 0.925673 0.002585 0.013400 0.000005 0.000005
 0.010918 0.000005 0.000303 0.000005 0.000005 0.008044 0.000104 0.003677 0.000104 0.006654 0.000501 0.012018 0.003975 0.006555 0.005464 0.925673 0.002585 0.013400 0.000005 0.000005
 0.010918 0.000005 0.000303 0.000005 0.000005 0.008044 0.000104 0.003677 0.000104 0.915745 0.000501 0.012018 0.003975 0.006555 0.005464 0.016582 0.002585 0.013400 0.000005 0.000005
 0.010918 0.000005 0.000303 0.000005 0.000005 0.008044 0.000104 0.003677 0.000104 0.006654 0.000501 0.012018 0.003975 0.006555 0.005464 0.016582 0.002585 0.922491 0.000005 0.000005
 0.010918 0.000005 0.000303 0.000005 0.000005 0.008044 0.000104 0.003677 0.000104 0.006654 0.000501 0.012018 0.003975 0.915646 0.005464 0.016582 0.002585 0.013400 0.000005 0.000005
 0.010918 0.000005 0.000303 0.000005 0.000005 0.008044 0.000104 0.003677 0.000104 0.006654 0.000501 0.921109 0.003975 0.006555 0.005464 0.016582 0.002585 0.013400 0.000005 0.000005
 0.010918 0.000005 0.000303 0.000005 0.000005 0.917134 0.000104 0.003677 0.000104 0.006654 0.000501 0.012018 0.003975 0.006555 0.005464 0.016582 0.002585 0.013400 0.000005 0.000005
 0.010918 0.000005 0.000303 0.000005 0.000005 0.008044 0.000104 0.003677 0.000104 0.006654 0.000501 0.012018 0.003975 0.006555 0.914555 0.016582 0.002585 0.013400 0.000005 0.000005
 0.010918 0.000005 0.000303 0.000005 0.000005 0.008044 0.000104 0.003677 0.000104 0.006654 0.000501 0.012018 0.913065 0.006555 0.005464 0.016582 0.002585 0.013400 0.000005 0.000005
 0.010918 0.000005 0.000303 0.000005 0.000005 0.008044 0.000104 0.003677 0.000104 0.006654 0.000501 0.921109 0.003975 0.006555 0.005464 0.016582 0.002585 0.013400 0.000005 0.000005
 0.010918 0.000005 0.000303 0.000005 0.000005 0.008044 0.000104 0.912768 0.000104 0.006654 0.000501 0.012018 0.003975 0.006555 0.005464 0.016582 0.002585 0.013400 0.000005 0.000005
 0.010918 0.000005 0.000303 0.000005 0.000005 0.917134 0.000104 0.003677 0.000104 0.006654 0.000501 0.012018 0.003975 0.006555 0.005464 0.016582 0.002585 0.013400 0.000005 0.000005

********************************************************************************
Stopped because the next motif had no positive sites with scores > 0.
********************************************************************************
COMMAND:	streme --protein --p ./Data/v1_cluster_windows_15mers/cluster_11754.fasta --minw 3 --maxw 15 --thresh 0.05 --oc ./Results/v1_Top500_Run_20250504_162200/streme_out_cluster_11754
********************************************************************************
CPU:		Hirokis-MacBook-Air.local
********************************************************************************
FINALTIME:	0.16 seconds
********************************************************************************
