********************************************************************************
STREME - Sensitive, Thorough, Rapid, Enriched Motif Elicitation
********************************************************************************
MEME version 5.5.7 (Release date: Wed Jun 19 13:59:04 2024 -0700)

For further information on how to interpret these results please access https://meme-suite.org/meme.
To get a copy of the MEME Suite software please access https://meme-suite.org.

********************************************************************************


********************************************************************************
REFERENCE
********************************************************************************
If you use this program in your research, please cite:

Timothy L. Bailey,
"STREME: accurate and versatile sequence motif discovery",
Bioinformatics, Mar. 24, 2021.
********************************************************************************


ALPHABET= ACDEFGHIKLMNPQRSTVWY

strands: +

Background letter frequencies
A 0.0872 C 7.92e-05 D 0.0143 E 7.92e-05 F 0.0207 G 0.189 H 7.92e-05 I 0.0841 K 7.92e-05 L 0.0397 M 0.0143 N 0.108 P 0.0635 Q 7.92e-05 R 7.92e-05 S 0.208 T 7.92e-05 V 0.171 W 7.92e-05 Y 7.92e-05 

MOTIF 1-LVSGGPGAISNVVSN STREME-1
letter-probability matrix: alength= 20 w= 15 nsites= 42 S= 6.0e-025
 0.007931 0.000007 0.001304 0.000007 0.001880 0.017155 0.000007 0.007643 0.000007 0.912700 0.001304 0.009800 0.005770 0.000007 0.000007 0.018883 0.000007 0.015564 0.000007 0.000007
 0.007931 0.000007 0.001304 0.000007 0.001880 0.017155 0.000007 0.007643 0.000007 0.003609 0.001304 0.009800 0.005770 0.000007 0.000007 0.018883 0.000007 0.924655 0.000007 0.000007
 0.007931 0.000007 0.001304 0.000007 0.001880 0.017155 0.000007 0.007643 0.000007 0.003609 0.001304 0.009800 0.005770 0.000007 0.000007 0.927974 0.000007 0.015564 0.000007 0.000007
 0.007931 0.000007 0.001304 0.000007 0.001880 0.926246 0.000007 0.007643 0.000007 0.003609 0.001304 0.009800 0.005770 0.000007 0.000007 0.018883 0.000007 0.015564 0.000007 0.000007
 0.007931 0.000007 0.001304 0.000007 0.001880 0.926246 0.000007 0.007643 0.000007 0.003609 0.001304 0.009800 0.005770 0.000007 0.000007 0.018883 0.000007 0.015564 0.000007 0.000007
 0.007931 0.000007 0.001304 0.000007 0.001880 0.017155 0.000007 0.007643 0.000007 0.003609 0.001304 0.009800 0.914861 0.000007 0.000007 0.018883 0.000007 0.015564 0.000007 0.000007
 0.007931 0.000007 0.001304 0.000007 0.001880 0.926246 0.000007 0.007643 0.000007 0.003609 0.001304 0.009800 0.005770 0.000007 0.000007 0.018883 0.000007 0.015564 0.000007 0.000007
 0.917022 0.000007 0.001304 0.000007 0.001880 0.017155 0.000007 0.007643 0.000007 0.003609 0.001304 0.009800 0.005770 0.000007 0.000007 0.018883 0.000007 0.015564 0.000007 0.000007
 0.007931 0.000007 0.001304 0.000007 0.001880 0.017155 0.000007 0.916734 0.000007 0.003609 0.001304 0.009800 0.005770 0.000007 0.000007 0.018883 0.000007 0.015564 0.000007 0.000007
 0.007931 0.000007 0.001304 0.000007 0.001880 0.017155 0.000007 0.007643 0.000007 0.003609 0.001304 0.009800 0.005770 0.000007 0.000007 0.927974 0.000007 0.015564 0.000007 0.000007
 0.007931 0.000007 0.001304 0.000007 0.001880 0.017155 0.000007 0.007643 0.000007 0.003609 0.001304 0.918891 0.005770 0.000007 0.000007 0.018883 0.000007 0.015564 0.000007 0.000007
 0.007931 0.000007 0.001304 0.000007 0.001880 0.017155 0.000007 0.007643 0.000007 0.003609 0.001304 0.009800 0.005770 0.000007 0.000007 0.018883 0.000007 0.924655 0.000007 0.000007
 0.007931 0.000007 0.001304 0.000007 0.001880 0.017155 0.000007 0.007643 0.000007 0.003609 0.001304 0.009800 0.005770 0.000007 0.000007 0.018883 0.000007 0.924655 0.000007 0.000007
 0.007931 0.000007 0.001304 0.000007 0.001880 0.017155 0.000007 0.007643 0.000007 0.003609 0.001304 0.009800 0.005770 0.000007 0.000007 0.927974 0.000007 0.015564 0.000007 0.000007
 0.007931 0.000007 0.001304 0.000007 0.001880 0.017155 0.000007 0.007643 0.000007 0.003609 0.001304 0.918891 0.005770 0.000007 0.000007 0.018883 0.000007 0.015564 0.000007 0.000007

********************************************************************************
Stopped because the next motif had no positive sites with scores > 0.
********************************************************************************
COMMAND:	streme --protein --p ./Data/v1_cluster_windows_15mers/cluster_13920.fasta --minw 3 --maxw 15 --thresh 0.05 --oc ./Results/v1_Top500_Run_20250504_162200/streme_out_cluster_13920
********************************************************************************
CPU:		Hirokis-MacBook-Air.local
********************************************************************************
FINALTIME:	0.14 seconds
********************************************************************************
