********************************************************************************
STREME - Sensitive, Thorough, Rapid, Enriched Motif Elicitation
********************************************************************************
MEME version 5.5.7 (Release date: Wed Jun 19 13:59:04 2024 -0700)

For further information on how to interpret these results please access https://meme-suite.org/meme.
To get a copy of the MEME Suite software please access https://meme-suite.org.

********************************************************************************


********************************************************************************
REFERENCE
********************************************************************************
If you use this program in your research, please cite:

Timothy L. Bailey,
"STREME: accurate and versatile sequence motif discovery",
Bioinformatics, Mar. 24, 2021.
********************************************************************************


ALPHABET= ACDEFGHIKLMNPQRSTVWY

strands: +

Background letter frequencies
A 0.106 C 4.38e-05 D 0.00217 E 0.00272 F 0.00152 G 0.417 H 0.00013 I 0.00245 K 0.000434 L 0.00522 M 0.000772 N 0.00381 P 0.178 Q 0.1 R 0.00766 S 0.1 T 0.00512 V 0.00613 W 9.1e-06 Y 0.0602 

MOTIF 1-GPYGPG STREME-1
letter-probability matrix: alength= 20 w= 6 nsites= 6657 E= 2.3e-253
 0.006291 0.000000 0.000000 0.000000 0.000000 0.963783 0.000000 0.003011 0.000000 0.000000 0.000000 0.000000 0.000005 0.000003 0.020090 0.000003 0.000000 0.006813 0.000000 0.000002
 0.006802 0.000000 0.000000 0.000000 0.000753 0.333262 0.000000 0.001068 0.000000 0.012618 0.000000 0.014872 0.367716 0.162873 0.009473 0.086746 0.002070 0.001746 0.000000 0.000002
 0.000003 0.000000 0.000000 0.000659 0.007962 0.000011 0.000000 0.000000 0.000000 0.007250 0.000000 0.000539 0.000005 0.274315 0.004740 0.183052 0.002930 0.000000 0.000000 0.518535
 0.000003 0.000000 0.000000 0.000000 0.000000 0.996547 0.000000 0.000000 0.000000 0.000000 0.000000 0.000000 0.000005 0.000003 0.003438 0.000003 0.000000 0.000000 0.000000 0.000002
 0.000003 0.000000 0.000000 0.000000 0.000000 0.000011 0.000000 0.000000 0.000000 0.004552 0.000000 0.000000 0.990715 0.000003 0.000376 0.000003 0.004335 0.000000 0.000000 0.000002
 0.014564 0.000000 0.000000 0.000000 0.000000 0.878186 0.000000 0.000000 0.000000 0.002841 0.000000 0.000000 0.000005 0.000793 0.000000 0.098161 0.000000 0.005448 0.000000 0.000002

MOTIF 2-AAAAA STREME-2
letter-probability matrix: alength= 20 w= 5 nsites= 1252 E= 3.0e-042
 0.909018 0.000000 0.004976 0.000000 0.000000 0.000060 0.000000 0.000000 0.000000 0.000001 0.000000 0.000001 0.000025 0.000014 0.000001 0.075943 0.009950 0.000001 0.000000 0.000009
 0.706331 0.000000 0.000413 0.000000 0.000000 0.000060 0.000000 0.000000 0.000000 0.000001 0.000000 0.000001 0.000025 0.000014 0.000001 0.275231 0.011941 0.005971 0.000000 0.000009
 0.995891 0.000000 0.000000 0.003981 0.000000 0.000060 0.000000 0.000000 0.000000 0.000001 0.000000 0.000001 0.000025 0.000014 0.000001 0.000014 0.000001 0.000001 0.000000 0.000009
 0.911859 0.000000 0.000000 0.000000 0.000000 0.000060 0.000000 0.000000 0.000000 0.000001 0.000000 0.000001 0.000025 0.000014 0.000001 0.071111 0.010946 0.005972 0.000000 0.000009
 0.934425 0.000000 0.000000 0.000000 0.000000 0.000060 0.000000 0.000000 0.000000 0.000001 0.000000 0.000001 0.000025 0.000014 0.000001 0.044565 0.000001 0.020897 0.000000 0.000009

MOTIF 3-QGP STREME-3
letter-probability matrix: alength= 20 w= 3 nsites= 1745 E= 1.4e-018
 0.009672 0.000004 0.000197 0.000247 0.000138 0.037942 0.000012 0.000223 0.000039 0.000474 0.000070 0.000347 0.016144 0.918208 0.000696 0.009086 0.000466 0.000557 0.000001 0.005476
 0.009672 0.000004 0.000197 0.000247 0.000138 0.947033 0.000012 0.000223 0.000039 0.000474 0.000070 0.000347 0.016144 0.009117 0.000696 0.009086 0.000466 0.000557 0.000001 0.005476
 0.009672 0.000004 0.000197 0.000247 0.000138 0.037942 0.000012 0.000223 0.000039 0.000474 0.000070 0.000347 0.925235 0.009117 0.000696 0.009086 0.000466 0.000557 0.000001 0.005476

MOTIF 4-YGP STREME-4
letter-probability matrix: alength= 20 w= 3 nsites= 1403 E= 6.8e-013
 0.009672 0.000004 0.000197 0.000247 0.000138 0.037942 0.000012 0.000223 0.000039 0.000474 0.000070 0.000347 0.016144 0.009117 0.000696 0.009086 0.000466 0.000557 0.000001 0.914567
 0.009672 0.000004 0.000197 0.000247 0.000138 0.947033 0.000012 0.000223 0.000039 0.000474 0.000070 0.000347 0.016144 0.009117 0.000696 0.009086 0.000466 0.000557 0.000001 0.005476
 0.009672 0.000004 0.000197 0.000247 0.000138 0.037942 0.000012 0.000223 0.000039 0.000474 0.000070 0.000347 0.925235 0.009117 0.000696 0.009086 0.000466 0.000557 0.000001 0.005476

MOTIF 5-SGGQQG STREME-5
letter-probability matrix: alength= 20 w= 6 nsites= 105 E= 1.8e-004
 0.009672 0.000004 0.000197 0.000247 0.000138 0.037942 0.000012 0.000223 0.000039 0.000474 0.000070 0.000347 0.016144 0.009117 0.000696 0.918177 0.000466 0.000557 0.000001 0.005476
 0.009672 0.000004 0.000197 0.000247 0.000138 0.947033 0.000012 0.000223 0.000039 0.000474 0.000070 0.000347 0.016144 0.009117 0.000696 0.009086 0.000466 0.000557 0.000001 0.005476
 0.009672 0.000004 0.000197 0.000247 0.000138 0.947033 0.000012 0.000223 0.000039 0.000474 0.000070 0.000347 0.016144 0.009117 0.000696 0.009086 0.000466 0.000557 0.000001 0.005476
 0.009672 0.000004 0.000197 0.000247 0.000138 0.037942 0.000012 0.000223 0.000039 0.000474 0.000070 0.000347 0.016144 0.918208 0.000696 0.009086 0.000466 0.000557 0.000001 0.005476
 0.009672 0.000004 0.000197 0.000247 0.000138 0.037942 0.000012 0.000223 0.000039 0.000474 0.000070 0.000347 0.016144 0.918208 0.000696 0.009086 0.000466 0.000557 0.000001 0.005476
 0.009672 0.000004 0.000197 0.000247 0.000138 0.947033 0.000012 0.000223 0.000039 0.000474 0.000070 0.000347 0.016144 0.009117 0.000696 0.009086 0.000466 0.000557 0.000001 0.005476

MOTIF 6-QSGYPG STREME-6
letter-probability matrix: alength= 20 w= 6 nsites= 106 E= 3.7e-004
 0.000190 0.000000 0.000004 0.000005 0.000003 0.000747 0.000000 0.000004 0.000001 0.000009 0.000001 0.000007 0.000318 0.998390 0.000014 0.000179 0.000009 0.000011 0.000000 0.000108
 0.000190 0.000000 0.000004 0.000005 0.000003 0.000747 0.000000 0.012409 0.000001 0.124118 0.000001 0.000007 0.000318 0.000179 0.000014 0.861875 0.000009 0.000011 0.000000 0.000108
 0.087053 0.000000 0.000004 0.161372 0.000003 0.750728 0.000000 0.000004 0.000001 0.000009 0.000001 0.000007 0.000318 0.000179 0.000014 0.000179 0.000009 0.000011 0.000000 0.000108
 0.000190 0.000000 0.000004 0.000005 0.000003 0.137261 0.000000 0.000004 0.000001 0.000009 0.000001 0.000007 0.000318 0.000179 0.000014 0.000179 0.000009 0.000011 0.000000 0.861804
 0.000190 0.000000 0.000004 0.000005 0.000003 0.000747 0.000000 0.000004 0.000001 0.000009 0.000001 0.000007 0.998528 0.000179 0.000014 0.000179 0.000009 0.000011 0.000000 0.000108
 0.000190 0.000000 0.173737 0.000005 0.000003 0.825224 0.000000 0.000004 0.000001 0.000009 0.000001 0.000007 0.000318 0.000179 0.000014 0.000179 0.000009 0.000011 0.000000 0.000108

MOTIF 7-GAGQQG STREME-7
letter-probability matrix: alength= 20 w= 6 nsites= 75 E= 2.0e-001
 0.009672 0.000004 0.000197 0.000247 0.000138 0.947033 0.000012 0.000223 0.000039 0.000474 0.000070 0.000347 0.016144 0.009117 0.000696 0.009086 0.000466 0.000557 0.000001 0.005476
 0.918763 0.000004 0.000197 0.000247 0.000138 0.037942 0.000012 0.000223 0.000039 0.000474 0.000070 0.000347 0.016144 0.009117 0.000696 0.009086 0.000466 0.000557 0.000001 0.005476
 0.009672 0.000004 0.000197 0.000247 0.000138 0.947033 0.000012 0.000223 0.000039 0.000474 0.000070 0.000347 0.016144 0.009117 0.000696 0.009086 0.000466 0.000557 0.000001 0.005476
 0.009672 0.000004 0.000197 0.000247 0.000138 0.037942 0.000012 0.000223 0.000039 0.000474 0.000070 0.000347 0.016144 0.918208 0.000696 0.009086 0.000466 0.000557 0.000001 0.005476
 0.009672 0.000004 0.000197 0.000247 0.000138 0.037942 0.000012 0.000223 0.000039 0.000474 0.000070 0.000347 0.016144 0.918208 0.000696 0.009086 0.000466 0.000557 0.000001 0.005476
 0.009672 0.000004 0.000197 0.000247 0.000138 0.947033 0.000012 0.000223 0.000039 0.000474 0.000070 0.000347 0.016144 0.009117 0.000696 0.009086 0.000466 0.000557 0.000001 0.005476

MOTIF 8-QPGYSS STREME-8
letter-probability matrix: alength= 20 w= 6 nsites= 48 E= 4.0e-001
 0.000355 0.000000 0.000007 0.000009 0.000005 0.001394 0.000000 0.000008 0.000001 0.000017 0.000003 0.000013 0.000593 0.996995 0.000026 0.000334 0.000017 0.000020 0.000000 0.000201
 0.000355 0.000000 0.000007 0.000009 0.000005 0.001394 0.000000 0.000008 0.000001 0.000017 0.000003 0.000013 0.788833 0.208756 0.000026 0.000334 0.000017 0.000020 0.000000 0.000201
 0.000355 0.000000 0.000007 0.000009 0.000005 0.951755 0.000000 0.000008 0.000001 0.046316 0.000003 0.000013 0.000593 0.000335 0.000026 0.000334 0.000017 0.000020 0.000000 0.000201
 0.000355 0.000000 0.000007 0.000009 0.000005 0.001394 0.000000 0.000008 0.000001 0.000017 0.000003 0.000013 0.000593 0.000335 0.000026 0.000334 0.000017 0.000020 0.000000 0.996862
 0.000355 0.000000 0.000007 0.000009 0.000005 0.001394 0.000000 0.000008 0.000001 0.000017 0.000003 0.000013 0.000593 0.000335 0.000026 0.996994 0.000017 0.000020 0.000000 0.000201
 0.000355 0.000000 0.000007 0.000009 0.000005 0.001394 0.000000 0.000008 0.000001 0.000017 0.000003 0.000013 0.000593 0.000335 0.000026 0.996994 0.000017 0.000020 0.000000 0.000201

MOTIF 9-GAGPGG STREME-9
letter-probability matrix: alength= 20 w= 6 nsites= 81 E= 4.0e-001
 0.009672 0.000004 0.000197 0.000247 0.000138 0.947033 0.000012 0.000223 0.000039 0.000474 0.000070 0.000347 0.016144 0.009117 0.000696 0.009086 0.000466 0.000557 0.000001 0.005476
 0.918763 0.000004 0.000197 0.000247 0.000138 0.037942 0.000012 0.000223 0.000039 0.000474 0.000070 0.000347 0.016144 0.009117 0.000696 0.009086 0.000466 0.000557 0.000001 0.005476
 0.009672 0.000004 0.000197 0.000247 0.000138 0.947033 0.000012 0.000223 0.000039 0.000474 0.000070 0.000347 0.016144 0.009117 0.000696 0.009086 0.000466 0.000557 0.000001 0.005476
 0.009672 0.000004 0.000197 0.000247 0.000138 0.037942 0.000012 0.000223 0.000039 0.000474 0.000070 0.000347 0.925235 0.009117 0.000696 0.009086 0.000466 0.000557 0.000001 0.005476
 0.009672 0.000004 0.000197 0.000247 0.000138 0.947033 0.000012 0.000223 0.000039 0.000474 0.000070 0.000347 0.016144 0.009117 0.000696 0.009086 0.000466 0.000557 0.000001 0.005476
 0.009672 0.000004 0.000197 0.000247 0.000138 0.947033 0.000012 0.000223 0.000039 0.000474 0.000070 0.000347 0.016144 0.009117 0.000696 0.009086 0.000466 0.000557 0.000001 0.005476

MOTIF 10-SGP STREME-10
letter-probability matrix: alength= 20 w= 3 nsites= 1129 E= 6.4e-001
 0.009672 0.000004 0.000197 0.000247 0.000138 0.037942 0.000012 0.000223 0.000039 0.000474 0.000070 0.000347 0.016144 0.009117 0.000696 0.918177 0.000466 0.000557 0.000001 0.005476
 0.009672 0.000004 0.000197 0.000247 0.000138 0.947033 0.000012 0.000223 0.000039 0.000474 0.000070 0.000347 0.016144 0.009117 0.000696 0.009086 0.000466 0.000557 0.000001 0.005476
 0.009672 0.000004 0.000197 0.000247 0.000138 0.037942 0.000012 0.000223 0.000039 0.000474 0.000070 0.000347 0.925235 0.009117 0.000696 0.009086 0.000466 0.000557 0.000001 0.005476

MOTIF 11-GSGAAA STREME-11
letter-probability matrix: alength= 20 w= 6 nsites= 49 E= 1.6e+000
 0.009672 0.000004 0.000197 0.000247 0.000138 0.947033 0.000012 0.000223 0.000039 0.000474 0.000070 0.000347 0.016144 0.009117 0.000696 0.009086 0.000466 0.000557 0.000001 0.005476
 0.009672 0.000004 0.000197 0.000247 0.000138 0.037942 0.000012 0.000223 0.000039 0.000474 0.000070 0.000347 0.016144 0.009117 0.000696 0.918177 0.000466 0.000557 0.000001 0.005476
 0.009672 0.000004 0.000197 0.000247 0.000138 0.947033 0.000012 0.000223 0.000039 0.000474 0.000070 0.000347 0.016144 0.009117 0.000696 0.009086 0.000466 0.000557 0.000001 0.005476
 0.918763 0.000004 0.000197 0.000247 0.000138 0.037942 0.000012 0.000223 0.000039 0.000474 0.000070 0.000347 0.016144 0.009117 0.000696 0.009086 0.000466 0.000557 0.000001 0.005476
 0.918763 0.000004 0.000197 0.000247 0.000138 0.037942 0.000012 0.000223 0.000039 0.000474 0.000070 0.000347 0.016144 0.009117 0.000696 0.009086 0.000466 0.000557 0.000001 0.005476
 0.918763 0.000004 0.000197 0.000247 0.000138 0.037942 0.000012 0.000223 0.000039 0.000474 0.000070 0.000347 0.016144 0.009117 0.000696 0.009086 0.000466 0.000557 0.000001 0.005476

MOTIF 12-GYGGQGGPGGQGGSG STREME-12
letter-probability matrix: alength= 20 w= 15 nsites= 38 E= 3.2e+000
 0.000463 0.000000 0.000009 0.000012 0.000007 0.937130 0.000001 0.000011 0.000002 0.000023 0.000003 0.000017 0.000773 0.000436 0.030200 0.000435 0.000022 0.030194 0.000000 0.000262
 0.000463 0.000000 0.000009 0.000012 0.000007 0.001816 0.000001 0.000011 0.000002 0.000023 0.000003 0.000017 0.392990 0.060770 0.030200 0.000435 0.000022 0.000027 0.000000 0.513192
 0.000463 0.000000 0.000009 0.000012 0.000007 0.967297 0.000001 0.000011 0.000002 0.000023 0.000003 0.000017 0.000773 0.000436 0.000033 0.000435 0.000022 0.030194 0.000000 0.000262
 0.000463 0.000000 0.000009 0.000012 0.000007 0.937130 0.000001 0.000011 0.000002 0.000023 0.000003 0.000017 0.000773 0.000436 0.030200 0.000435 0.000022 0.030194 0.000000 0.000262
 0.000463 0.000000 0.030176 0.000012 0.000007 0.001816 0.000001 0.000011 0.000002 0.000023 0.000003 0.000017 0.181822 0.724535 0.060367 0.000435 0.000022 0.000027 0.000000 0.000262
 0.000463 0.000000 0.000009 0.000012 0.000007 0.997464 0.000001 0.000011 0.000002 0.000023 0.000003 0.000017 0.000773 0.000436 0.000033 0.000435 0.000022 0.000027 0.000000 0.000262
 0.000463 0.000000 0.000009 0.000012 0.000007 0.967297 0.000001 0.000011 0.000002 0.000023 0.000003 0.000017 0.000773 0.000436 0.030200 0.000435 0.000022 0.000027 0.000000 0.000262
 0.000463 0.000000 0.000009 0.000012 0.000007 0.001816 0.000001 0.000011 0.000002 0.030190 0.000003 0.000017 0.905920 0.000436 0.060367 0.000435 0.000022 0.000027 0.000000 0.000262
 0.000463 0.000000 0.030176 0.000012 0.000007 0.937130 0.000001 0.000011 0.000002 0.000023 0.000003 0.000017 0.000773 0.000436 0.000033 0.000435 0.000022 0.030194 0.000000 0.000262
 0.000463 0.000000 0.000009 0.000012 0.000007 0.575036 0.000001 0.000011 0.000002 0.000023 0.000003 0.000017 0.000773 0.272027 0.090537 0.000435 0.000022 0.060361 0.000000 0.000262
 0.000463 0.000000 0.000009 0.000012 0.000007 0.333744 0.000001 0.000011 0.000002 0.000023 0.000003 0.000017 0.000773 0.603823 0.060367 0.000435 0.000022 0.000027 0.000000 0.000262
 0.030630 0.000000 0.000009 0.000012 0.000007 0.937130 0.000001 0.000011 0.000002 0.000023 0.000003 0.000017 0.000773 0.000436 0.030200 0.000435 0.000022 0.000027 0.000000 0.000262
 0.121134 0.000000 0.271600 0.000012 0.000007 0.575036 0.000001 0.000011 0.000002 0.000023 0.000003 0.000017 0.000773 0.000436 0.000033 0.000435 0.000022 0.030194 0.000000 0.000262
 0.000463 0.000000 0.000009 0.000012 0.000007 0.001816 0.000001 0.000011 0.000002 0.181024 0.000003 0.000017 0.332657 0.000436 0.030200 0.422864 0.000022 0.000027 0.000000 0.030429
 0.332391 0.000000 0.060343 0.000012 0.000007 0.605203 0.000001 0.000011 0.000002 0.000023 0.000003 0.000017 0.000773 0.000436 0.000033 0.000435 0.000022 0.000027 0.000000 0.000262

MOTIF 13-PGNQG STREME-13
letter-probability matrix: alength= 20 w= 5 nsites= 37 E= 4.1e+000
 0.009672 0.000004 0.000197 0.000247 0.000138 0.037942 0.000012 0.000223 0.000039 0.000474 0.000070 0.000347 0.925235 0.009117 0.000696 0.009086 0.000466 0.000557 0.000001 0.005476
 0.009672 0.000004 0.000197 0.000247 0.000138 0.947033 0.000012 0.000223 0.000039 0.000474 0.000070 0.000347 0.016144 0.009117 0.000696 0.009086 0.000466 0.000557 0.000001 0.005476
 0.009672 0.000004 0.000197 0.000247 0.000138 0.037942 0.000012 0.000223 0.000039 0.000474 0.000070 0.909438 0.016144 0.009117 0.000696 0.009086 0.000466 0.000557 0.000001 0.005476
 0.009672 0.000004 0.000197 0.000247 0.000138 0.037942 0.000012 0.000223 0.000039 0.000474 0.000070 0.000347 0.016144 0.918208 0.000696 0.009086 0.000466 0.000557 0.000001 0.005476
 0.009672 0.000004 0.000197 0.000247 0.000138 0.947033 0.000012 0.000223 0.000039 0.000474 0.000070 0.000347 0.016144 0.009117 0.000696 0.009086 0.000466 0.000557 0.000001 0.005476

********************************************************************************
Stopped because 3 consecutive motifs exceeded the p-value threshold (0.05).
********************************************************************************
COMMAND:	streme --protein --p ./Data/v0_cluster_windows_15mers/cluster_12.fasta --minw 3 --maxw 15 --thresh 0.05 --oc ./Results/v0_Parallel_Run_20250503_171149/streme_out_cluster_12
********************************************************************************
CPU:		Hirokis-MacBook-Air.local
********************************************************************************
FINALTIME:	37.20 seconds
********************************************************************************
