********************************************************************************
STREME - Sensitive, Thorough, Rapid, Enriched Motif Elicitation
********************************************************************************
MEME version 5.5.7 (Release date: Wed Jun 19 13:59:04 2024 -0700)

For further information on how to interpret these results please access https://meme-suite.org/meme.
To get a copy of the MEME Suite software please access https://meme-suite.org.

********************************************************************************


********************************************************************************
REFERENCE
********************************************************************************
If you use this program in your research, please cite:

Timothy L. Bailey,
"STREME: accurate and versatile sequence motif discovery",
Bioinformatics, Mar. 24, 2021.
********************************************************************************


ALPHABET= ACDEFGHIKLMNPQRSTVWY

strands: +

Background letter frequencies
A 0.402 C 6.16e-05 D 6.16e-05 E 6.16e-05 F 6.16e-05 G 0.466 H 6.16e-05 I 6.16e-05 K 6.16e-05 L 6.16e-05 M 6.16e-05 N 6.16e-05 P 6.16e-05 Q 0.0198 R 6.16e-05 S 0.0888 T 6.16e-05 V 0.00499 W 6.16e-05 Y 0.0173 

MOTIF 1-AGAGAGAGAGSGA STREME-1
letter-probability matrix: alength= 20 w= 13 nsites= 54 E= 1.2e-002
 0.945636 0.000006 0.000006 0.000006 0.000006 0.042382 0.000006 0.000006 0.000006 0.000006 0.000006 0.000006 0.000006 0.001799 0.000006 0.008076 0.000006 0.000454 0.000006 0.001575
 0.036545 0.000006 0.000006 0.000006 0.000006 0.951472 0.000006 0.000006 0.000006 0.000006 0.000006 0.000006 0.000006 0.001799 0.000006 0.008076 0.000006 0.000454 0.000006 0.001575
 0.945636 0.000006 0.000006 0.000006 0.000006 0.042382 0.000006 0.000006 0.000006 0.000006 0.000006 0.000006 0.000006 0.001799 0.000006 0.008076 0.000006 0.000454 0.000006 0.001575
 0.036545 0.000006 0.000006 0.000006 0.000006 0.951472 0.000006 0.000006 0.000006 0.000006 0.000006 0.000006 0.000006 0.001799 0.000006 0.008076 0.000006 0.000454 0.000006 0.001575
 0.945636 0.000006 0.000006 0.000006 0.000006 0.042382 0.000006 0.000006 0.000006 0.000006 0.000006 0.000006 0.000006 0.001799 0.000006 0.008076 0.000006 0.000454 0.000006 0.001575
 0.036545 0.000006 0.000006 0.000006 0.000006 0.951472 0.000006 0.000006 0.000006 0.000006 0.000006 0.000006 0.000006 0.001799 0.000006 0.008076 0.000006 0.000454 0.000006 0.001575
 0.945636 0.000006 0.000006 0.000006 0.000006 0.042382 0.000006 0.000006 0.000006 0.000006 0.000006 0.000006 0.000006 0.001799 0.000006 0.008076 0.000006 0.000454 0.000006 0.001575
 0.036545 0.000006 0.000006 0.000006 0.000006 0.951472 0.000006 0.000006 0.000006 0.000006 0.000006 0.000006 0.000006 0.001799 0.000006 0.008076 0.000006 0.000454 0.000006 0.001575
 0.945636 0.000006 0.000006 0.000006 0.000006 0.042382 0.000006 0.000006 0.000006 0.000006 0.000006 0.000006 0.000006 0.001799 0.000006 0.008076 0.000006 0.000454 0.000006 0.001575
 0.036545 0.000006 0.000006 0.000006 0.000006 0.951472 0.000006 0.000006 0.000006 0.000006 0.000006 0.000006 0.000006 0.001799 0.000006 0.008076 0.000006 0.000454 0.000006 0.001575
 0.036545 0.000006 0.000006 0.000006 0.000006 0.042382 0.000006 0.000006 0.000006 0.000006 0.000006 0.000006 0.000006 0.001799 0.000006 0.917167 0.000006 0.000454 0.000006 0.001575
 0.036545 0.000006 0.000006 0.000006 0.000006 0.951472 0.000006 0.000006 0.000006 0.000006 0.000006 0.000006 0.000006 0.001799 0.000006 0.008076 0.000006 0.000454 0.000006 0.001575
 0.945636 0.000006 0.000006 0.000006 0.000006 0.042382 0.000006 0.000006 0.000006 0.000006 0.000006 0.000006 0.000006 0.001799 0.000006 0.008076 0.000006 0.000454 0.000006 0.001575

MOTIF 2-YGQ STREME-2
letter-probability matrix: alength= 20 w= 3 nsites= 3 E= 3.0e+000
 0.036545 0.000006 0.000006 0.000006 0.000006 0.042382 0.000006 0.000006 0.000006 0.000006 0.000006 0.000006 0.000006 0.001799 0.000006 0.008076 0.000006 0.000454 0.000006 0.910665
 0.036545 0.000006 0.000006 0.000006 0.000006 0.951472 0.000006 0.000006 0.000006 0.000006 0.000006 0.000006 0.000006 0.001799 0.000006 0.008076 0.000006 0.000454 0.000006 0.001575
 0.036545 0.000006 0.000006 0.000006 0.000006 0.042382 0.000006 0.000006 0.000006 0.000006 0.000006 0.000006 0.000006 0.910890 0.000006 0.008076 0.000006 0.000454 0.000006 0.001575

MOTIF 3-AGS STREME-3
letter-probability matrix: alength= 20 w= 3 nsites= 1 E= 3.0e+000
 0.945636 0.000006 0.000006 0.000006 0.000006 0.042382 0.000006 0.000006 0.000006 0.000006 0.000006 0.000006 0.000006 0.001799 0.000006 0.008076 0.000006 0.000454 0.000006 0.001575
 0.036545 0.000006 0.000006 0.000006 0.000006 0.951472 0.000006 0.000006 0.000006 0.000006 0.000006 0.000006 0.000006 0.001799 0.000006 0.008076 0.000006 0.000454 0.000006 0.001575
 0.036545 0.000006 0.000006 0.000006 0.000006 0.042382 0.000006 0.000006 0.000006 0.000006 0.000006 0.000006 0.000006 0.001799 0.000006 0.917167 0.000006 0.000454 0.000006 0.001575

********************************************************************************
Stopped because the next motif had no positive sites with scores > 0.
********************************************************************************
COMMAND:	streme --protein --p ./Data/v1_cluster_windows_15mers/cluster_20259.fasta --minw 3 --maxw 15 --thresh 0.05 --oc ./Results/v1_Top500_Run_20250504_162200/streme_out_cluster_20259
********************************************************************************
CPU:		Hirokis-MacBook-Air.local
********************************************************************************
FINALTIME:	0.16 seconds
********************************************************************************
