********************************************************************************
STREME - Sensitive, Thorough, Rapid, Enriched Motif Elicitation
********************************************************************************
MEME version 5.5.7 (Release date: Wed Jun 19 13:59:04 2024 -0700)

For further information on how to interpret these results please access https://meme-suite.org/meme.
To get a copy of the MEME Suite software please access https://meme-suite.org.

********************************************************************************


********************************************************************************
REFERENCE
********************************************************************************
If you use this program in your research, please cite:

Timothy L. Bailey,
"STREME: accurate and versatile sequence motif discovery",
Bioinformatics, Mar. 24, 2021.
********************************************************************************


ALPHABET= ACDEFGHIKLMNPQRSTVWY

strands: +

Background letter frequencies
A 0.325 C 6.79e-05 D 6.79e-05 E 6.79e-05 F 6.79e-05 G 0.386 H 6.79e-05 I 0.00279 K 6.79e-05 L 0.0639 M 6.79e-05 N 6.79e-05 P 0.00279 Q 0.133 R 0.00958 S 0.068 T 0.00414 V 0.00414 W 6.79e-05 Y 6.79e-05 

MOTIF 1-GQSLGGQGAGSAAAA STREME-1
letter-probability matrix: alength= 20 w= 15 nsites= 49 S= 3.9e-029
 0.029529 0.000006 0.000006 0.000006 0.000006 0.944175 0.000006 0.000253 0.000006 0.005812 0.000006 0.000006 0.000253 0.012110 0.000871 0.006182 0.000377 0.000377 0.000006 0.000006
 0.029529 0.000006 0.000006 0.000006 0.000006 0.035084 0.000006 0.000253 0.000006 0.005812 0.000006 0.000006 0.000253 0.921201 0.000871 0.006182 0.000377 0.000377 0.000006 0.000006
 0.029529 0.000006 0.000006 0.000006 0.000006 0.035084 0.000006 0.000253 0.000006 0.005812 0.000006 0.000006 0.000253 0.012110 0.000871 0.915273 0.000377 0.000377 0.000006 0.000006
 0.029529 0.000006 0.000006 0.000006 0.000006 0.035084 0.000006 0.000253 0.000006 0.914903 0.000006 0.000006 0.000253 0.012110 0.000871 0.006182 0.000377 0.000377 0.000006 0.000006
 0.029529 0.000006 0.000006 0.000006 0.000006 0.944175 0.000006 0.000253 0.000006 0.005812 0.000006 0.000006 0.000253 0.012110 0.000871 0.006182 0.000377 0.000377 0.000006 0.000006
 0.029529 0.000006 0.000006 0.000006 0.000006 0.944175 0.000006 0.000253 0.000006 0.005812 0.000006 0.000006 0.000253 0.012110 0.000871 0.006182 0.000377 0.000377 0.000006 0.000006
 0.029529 0.000006 0.000006 0.000006 0.000006 0.035084 0.000006 0.000253 0.000006 0.005812 0.000006 0.000006 0.000253 0.921201 0.000871 0.006182 0.000377 0.000377 0.000006 0.000006
 0.029529 0.000006 0.000006 0.000006 0.000006 0.944175 0.000006 0.000253 0.000006 0.005812 0.000006 0.000006 0.000253 0.012110 0.000871 0.006182 0.000377 0.000377 0.000006 0.000006
 0.938620 0.000006 0.000006 0.000006 0.000006 0.035084 0.000006 0.000253 0.000006 0.005812 0.000006 0.000006 0.000253 0.012110 0.000871 0.006182 0.000377 0.000377 0.000006 0.000006
 0.029529 0.000006 0.000006 0.000006 0.000006 0.944175 0.000006 0.000253 0.000006 0.005812 0.000006 0.000006 0.000253 0.012110 0.000871 0.006182 0.000377 0.000377 0.000006 0.000006
 0.029529 0.000006 0.000006 0.000006 0.000006 0.035084 0.000006 0.000253 0.000006 0.005812 0.000006 0.000006 0.000253 0.012110 0.000871 0.915273 0.000377 0.000377 0.000006 0.000006
 0.938620 0.000006 0.000006 0.000006 0.000006 0.035084 0.000006 0.000253 0.000006 0.005812 0.000006 0.000006 0.000253 0.012110 0.000871 0.006182 0.000377 0.000377 0.000006 0.000006
 0.938620 0.000006 0.000006 0.000006 0.000006 0.035084 0.000006 0.000253 0.000006 0.005812 0.000006 0.000006 0.000253 0.012110 0.000871 0.006182 0.000377 0.000377 0.000006 0.000006
 0.938620 0.000006 0.000006 0.000006 0.000006 0.035084 0.000006 0.000253 0.000006 0.005812 0.000006 0.000006 0.000253 0.012110 0.000871 0.006182 0.000377 0.000377 0.000006 0.000006
 0.938620 0.000006 0.000006 0.000006 0.000006 0.035084 0.000006 0.000253 0.000006 0.005812 0.000006 0.000006 0.000253 0.012110 0.000871 0.006182 0.000377 0.000377 0.000006 0.000006

********************************************************************************
Stopped because the next motif had no positive sites with scores > 0.
********************************************************************************
COMMAND:	streme --protein --p ./Data/v1_cluster_windows_15mers/cluster_21215.fasta --minw 3 --maxw 15 --thresh 0.05 --oc ./Results/v1_Top500_Run_20250504_162200/streme_out_cluster_21215
********************************************************************************
CPU:		Hirokis-MacBook-Air.local
********************************************************************************
FINALTIME:	0.15 seconds
********************************************************************************
