********************************************************************************
STREME - Sensitive, Thorough, Rapid, Enriched Motif Elicitation
********************************************************************************
MEME version 5.5.7 (Release date: Wed Jun 19 13:59:04 2024 -0700)

For further information on how to interpret these results please access https://meme-suite.org/meme.
To get a copy of the MEME Suite software please access https://meme-suite.org.

********************************************************************************


********************************************************************************
REFERENCE
********************************************************************************
If you use this program in your research, please cite:

Timothy L. Bailey,
"STREME: accurate and versatile sequence motif discovery",
Bioinformatics, Mar. 24, 2021.
********************************************************************************


ALPHABET= ACDEFGHIKLMNPQRSTVWY

strands: +

Background letter frequencies
A 0.199 C 5.74e-05 D 5.74e-05 E 5.74e-05 F 0.0678 G 0.0598 H 0.00121 I 0.00121 K 0.00121 L 0.196 M 5.74e-05 N 0.124 P 5.74e-05 Q 0.0655 R 5.74e-05 S 0.262 T 0.0173 V 0.00465 W 5.74e-05 Y 5.74e-05 

MOTIF 1-AGTAFAQSLSSNLLS STREME-1
letter-probability matrix: alength= 20 w= 15 nsites= 58 E= 7.9e-003
 0.927153 0.000005 0.000005 0.000005 0.006163 0.005432 0.000110 0.000110 0.000110 0.017853 0.000005 0.011281 0.000005 0.005954 0.000005 0.023798 0.001571 0.000423 0.000005 0.000005
 0.018062 0.000005 0.000005 0.000005 0.006163 0.914523 0.000110 0.000110 0.000110 0.017853 0.000005 0.011281 0.000005 0.005954 0.000005 0.023798 0.001571 0.000423 0.000005 0.000005
 0.018062 0.000005 0.000005 0.000005 0.006163 0.005432 0.000110 0.000110 0.000110 0.017853 0.000005 0.011281 0.000005 0.005954 0.000005 0.023798 0.910662 0.000423 0.000005 0.000005
 0.927153 0.000005 0.000005 0.000005 0.006163 0.005432 0.000110 0.000110 0.000110 0.017853 0.000005 0.011281 0.000005 0.005954 0.000005 0.023798 0.001571 0.000423 0.000005 0.000005
 0.018062 0.000005 0.000005 0.000005 0.915254 0.005432 0.000110 0.000110 0.000110 0.017853 0.000005 0.011281 0.000005 0.005954 0.000005 0.023798 0.001571 0.000423 0.000005 0.000005
 0.927153 0.000005 0.000005 0.000005 0.006163 0.005432 0.000110 0.000110 0.000110 0.017853 0.000005 0.011281 0.000005 0.005954 0.000005 0.023798 0.001571 0.000423 0.000005 0.000005
 0.018062 0.000005 0.000005 0.000005 0.006163 0.005432 0.000110 0.000110 0.000110 0.017853 0.000005 0.011281 0.000005 0.915045 0.000005 0.023798 0.001571 0.000423 0.000005 0.000005
 0.018062 0.000005 0.000005 0.000005 0.006163 0.005432 0.000110 0.000110 0.000110 0.017853 0.000005 0.011281 0.000005 0.005954 0.000005 0.932889 0.001571 0.000423 0.000005 0.000005
 0.018062 0.000005 0.000005 0.000005 0.006163 0.005432 0.000110 0.000110 0.000110 0.926944 0.000005 0.011281 0.000005 0.005954 0.000005 0.023798 0.001571 0.000423 0.000005 0.000005
 0.018062 0.000005 0.000005 0.000005 0.006163 0.005432 0.000110 0.000110 0.000110 0.017853 0.000005 0.011281 0.000005 0.005954 0.000005 0.932889 0.001571 0.000423 0.000005 0.000005
 0.018062 0.000005 0.000005 0.000005 0.006163 0.005432 0.000110 0.000110 0.000110 0.017853 0.000005 0.011281 0.000005 0.005954 0.000005 0.932889 0.001571 0.000423 0.000005 0.000005
 0.018062 0.000005 0.000005 0.000005 0.006163 0.005432 0.000110 0.000110 0.000110 0.017853 0.000005 0.920372 0.000005 0.005954 0.000005 0.023798 0.001571 0.000423 0.000005 0.000005
 0.018062 0.000005 0.000005 0.000005 0.006163 0.005432 0.000110 0.000110 0.000110 0.926944 0.000005 0.011281 0.000005 0.005954 0.000005 0.023798 0.001571 0.000423 0.000005 0.000005
 0.018062 0.000005 0.000005 0.000005 0.006163 0.005432 0.000110 0.000110 0.000110 0.926944 0.000005 0.011281 0.000005 0.005954 0.000005 0.023798 0.001571 0.000423 0.000005 0.000005
 0.018062 0.000005 0.000005 0.000005 0.006163 0.005432 0.000110 0.000110 0.000110 0.017853 0.000005 0.011281 0.000005 0.005954 0.000005 0.932889 0.001571 0.000423 0.000005 0.000005

MOTIF 2-ANT STREME-2
letter-probability matrix: alength= 20 w= 3 nsites= 1 E= 2.0e+000
 0.898970 0.000007 0.000007 0.000007 0.008548 0.007534 0.000152 0.000152 0.000152 0.024760 0.000007 0.015645 0.000007 0.008258 0.000007 0.033006 0.002179 0.000586 0.000007 0.000007
 0.025050 0.000007 0.000007 0.000007 0.008548 0.007534 0.000152 0.000152 0.000152 0.024760 0.000007 0.889565 0.000007 0.008258 0.000007 0.033006 0.002179 0.000586 0.000007 0.000007
 0.025050 0.000007 0.000007 0.000007 0.008548 0.007534 0.000152 0.000152 0.000152 0.024760 0.000007 0.015645 0.000007 0.008258 0.000007 0.033006 0.876099 0.000586 0.000007 0.000007

********************************************************************************
Stopped because the next motif had no positive sites with scores > 0.
********************************************************************************
COMMAND:	streme --protein --p ./Data/v1_cluster_windows_15mers/cluster_6314.fasta --minw 3 --maxw 15 --thresh 0.05 --oc ./Results/v1_Top500_Run_20250504_162200/streme_out_cluster_6314
********************************************************************************
CPU:		Hirokis-MacBook-Air.local
********************************************************************************
FINALTIME:	0.13 seconds
********************************************************************************
