********************************************************************************
STREME - Sensitive, Thorough, Rapid, Enriched Motif Elicitation
********************************************************************************
MEME version 5.5.7 (Release date: Wed Jun 19 13:59:04 2024 -0700)

For further information on how to interpret these results please access https://meme-suite.org/meme.
To get a copy of the MEME Suite software please access https://meme-suite.org.

********************************************************************************


********************************************************************************
REFERENCE
********************************************************************************
If you use this program in your research, please cite:

Timothy L. Bailey,
"STREME: accurate and versatile sequence motif discovery",
Bioinformatics, Mar. 24, 2021.
********************************************************************************


ALPHABET= ACDEFGHIKLMNPQRSTVWY

strands: +

Background letter frequencies
A 0.113 C 0.00914 D 0.0171 E 0.0329 F 0.00801 G 0.066 H 0.0115 I 0.0682 K 0.00146 L 0.132 M 0.0135 N 0.0556 P 0.0198 Q 0.0447 R 0.0135 S 0.213 T 0.0315 V 0.138 W 5.84e-05 Y 0.0113 

MOTIF 1-VSAL STREME-1
letter-probability matrix: alength= 20 w= 4 nsites= 6434 E= 6.2e-167
 0.045755 0.000000 0.000001 0.000001 0.000000 0.000002 0.000000 0.185556 0.000000 0.003734 0.000851 0.000002 0.000264 0.000001 0.000000 0.000007 0.000001 0.763824 0.000000 0.000000
 0.028606 0.000000 0.000001 0.000457 0.000000 0.008348 0.000000 0.000002 0.000000 0.000004 0.000000 0.010742 0.000001 0.357928 0.001063 0.572159 0.020684 0.000004 0.000000 0.000000
 0.539991 0.000079 0.017889 0.000001 0.000000 0.000002 0.000000 0.001945 0.000850 0.000004 0.000099 0.066108 0.000001 0.000001 0.089483 0.095033 0.132805 0.055416 0.000000 0.000291
 0.000004 0.005977 0.000001 0.000001 0.010759 0.000002 0.000000 0.000002 0.000000 0.936923 0.018968 0.000940 0.000001 0.000001 0.000000 0.025976 0.000001 0.000004 0.000000 0.000439

MOTIF 2-VHILSSS STREME-2
letter-probability matrix: alength= 20 w= 7 nsites= 1756 E= 4.9e-052
 0.003817 0.000001 0.000002 0.000003 0.001904 0.001909 0.000001 0.159364 0.000000 0.116815 0.002539 0.000005 0.000002 0.000004 0.000001 0.003192 0.003809 0.706631 0.000000 0.000001
 0.021587 0.000001 0.000002 0.000003 0.000001 0.000006 0.777436 0.000006 0.000000 0.000012 0.000001 0.004446 0.000002 0.105375 0.000001 0.048263 0.042845 0.000013 0.000000 0.000001
 0.000010 0.000001 0.000002 0.000003 0.002538 0.000006 0.000001 0.818357 0.000000 0.038080 0.003808 0.000005 0.000002 0.000004 0.000001 0.000019 0.000003 0.137158 0.000000 0.000001
 0.000010 0.000001 0.000002 0.000003 0.000001 0.000006 0.000001 0.022850 0.000000 0.909788 0.001904 0.000005 0.000002 0.000004 0.000001 0.000019 0.000003 0.065398 0.000000 0.000001
 0.019047 0.003173 0.000002 0.000003 0.000001 0.350242 0.000001 0.000006 0.012056 0.000012 0.000001 0.064744 0.000002 0.000004 0.022224 0.528465 0.000003 0.000013 0.000000 0.000001
 0.015240 0.003807 0.000002 0.000003 0.000001 0.006985 0.000001 0.000006 0.000000 0.000012 0.000001 0.074886 0.002540 0.005080 0.000001 0.833664 0.016501 0.003185 0.000000 0.038085
 0.497756 0.002539 0.000002 0.000003 0.000001 0.000006 0.000001 0.000006 0.000000 0.000012 0.000001 0.000005 0.000002 0.000004 0.000001 0.499644 0.000003 0.000013 0.000000 0.000001

MOTIF 3-LEI STREME-3
letter-probability matrix: alength= 20 w= 3 nsites= 3972 E= 5.0e-050
 0.000026 0.077403 0.000013 0.000003 0.000001 0.003680 0.000001 0.000007 0.000000 0.853418 0.029707 0.007796 0.021038 0.000005 0.000001 0.000022 0.000003 0.000014 0.000000 0.006861
 0.000012 0.000001 0.000002 0.999902 0.000001 0.000007 0.000001 0.000007 0.000000 0.000013 0.000001 0.000006 0.000002 0.000005 0.000001 0.000022 0.000003 0.000014 0.000000 0.000001
 0.000012 0.000031 0.000002 0.000003 0.001030 0.000007 0.000001 0.486712 0.000000 0.071584 0.013988 0.005671 0.000002 0.000005 0.000001 0.000022 0.000003 0.420892 0.000000 0.000035

MOTIF 4-SSVISQVSSS STREME-4
letter-probability matrix: alength= 20 w= 10 nsites= 2141 E= 2.9e-047
 0.106599 0.000001 0.000001 0.000002 0.000001 0.102954 0.000001 0.000005 0.000000 0.000010 0.000001 0.053559 0.139873 0.000003 0.004160 0.592816 0.000002 0.000010 0.000000 0.000001
 0.000009 0.000001 0.049914 0.000002 0.000001 0.133638 0.000001 0.000005 0.000000 0.000010 0.000001 0.366076 0.000001 0.000003 0.003640 0.437326 0.009361 0.000010 0.000000 0.000001
 0.216835 0.000001 0.000001 0.000002 0.000001 0.000005 0.000001 0.070720 0.001560 0.069685 0.041077 0.000004 0.000001 0.095680 0.000001 0.038493 0.110254 0.355679 0.000000 0.000001
 0.090480 0.000001 0.000001 0.000002 0.061879 0.000005 0.000001 0.344254 0.000000 0.019249 0.042116 0.000004 0.000001 0.000003 0.000001 0.063450 0.029117 0.297438 0.000000 0.051996
 0.123239 0.000001 0.001561 0.000002 0.000001 0.131044 0.000001 0.000005 0.000000 0.000010 0.000001 0.000004 0.000001 0.000003 0.000001 0.712912 0.031202 0.000010 0.000000 0.000001
 0.008328 0.000001 0.035357 0.000002 0.000001 0.033282 0.000001 0.000005 0.000000 0.000010 0.000001 0.273015 0.000001 0.389983 0.100351 0.138852 0.020800 0.000010 0.000000 0.000001
 0.061367 0.000001 0.000001 0.000002 0.000001 0.000005 0.000001 0.335388 0.000000 0.143520 0.000001 0.000004 0.000001 0.000003 0.000001 0.041090 0.008841 0.409771 0.000000 0.000001
 0.037963 0.001041 0.000001 0.000002 0.072273 0.033285 0.000001 0.000005 0.003120 0.029646 0.018720 0.027044 0.000001 0.014041 0.042636 0.347875 0.000002 0.323465 0.000000 0.048877
 0.257389 0.000001 0.000001 0.001562 0.000001 0.049919 0.000001 0.001565 0.000000 0.000010 0.000001 0.031200 0.000001 0.007282 0.001561 0.601657 0.012480 0.000010 0.000000 0.035359
 0.118035 0.000001 0.009880 0.000002 0.000001 0.118039 0.000001 0.000525 0.000000 0.000010 0.000001 0.068118 0.000001 0.299540 0.000001 0.385832 0.000002 0.000010 0.000000 0.000001

MOTIF 5-CDVL STREME-5
letter-probability matrix: alength= 20 w= 4 nsites= 957 E= 1.2e-028
 0.000021 0.999818 0.000003 0.000006 0.000001 0.000012 0.000002 0.000013 0.000000 0.000024 0.000002 0.000010 0.000004 0.000008 0.000002 0.000039 0.000006 0.000025 0.000000 0.000002
 0.000021 0.000002 0.999819 0.000006 0.000001 0.000012 0.000002 0.000013 0.000000 0.000024 0.000002 0.000010 0.000004 0.000008 0.000002 0.000039 0.000006 0.000025 0.000000 0.000002
 0.011360 0.000002 0.000003 0.000006 0.000001 0.000012 0.000002 0.095278 0.000000 0.030897 0.000002 0.002557 0.000004 0.000008 0.000002 0.000039 0.006373 0.853452 0.000000 0.000002
 0.000021 0.000002 0.000003 0.000006 0.003821 0.000257 0.000002 0.049106 0.000000 0.889776 0.017834 0.000010 0.000004 0.000008 0.000002 0.000039 0.017838 0.002162 0.000000 0.019108

MOTIF 6-GPVNVASLSNV STREME-6
letter-probability matrix: alength= 20 w= 11 nsites= 657 E= 2.8e-020
 0.000027 0.000002 0.000004 0.000008 0.000002 0.986602 0.000003 0.000016 0.000000 0.000031 0.000003 0.006601 0.000005 0.000011 0.000003 0.006638 0.000007 0.000033 0.000000 0.000003
 0.049437 0.000002 0.000004 0.024716 0.001649 0.113661 0.000003 0.000016 0.000000 0.000031 0.000003 0.093892 0.275057 0.222375 0.028004 0.039578 0.001654 0.097208 0.000000 0.052708
 0.087323 0.000002 0.000004 0.000008 0.062590 0.000016 0.000003 0.108724 0.000000 0.097209 0.000003 0.000013 0.080709 0.000011 0.000003 0.064283 0.172947 0.326151 0.000000 0.000003
 0.000027 0.000002 0.247064 0.000008 0.000002 0.000016 0.000003 0.000016 0.000000 0.000031 0.000003 0.635777 0.000005 0.000011 0.000003 0.116990 0.000007 0.000033 0.000000 0.000003
 0.095552 0.000002 0.000004 0.000008 0.103774 0.018132 0.000003 0.046133 0.000000 0.148266 0.060942 0.000013 0.098824 0.001658 0.000003 0.113699 0.044477 0.233920 0.000000 0.034589
 0.271795 0.000002 0.044475 0.006596 0.001649 0.237188 0.000003 0.000016 0.000000 0.000031 0.000003 0.238835 0.000005 0.000011 0.009885 0.176288 0.003301 0.009915 0.000000 0.000003
 0.392028 0.000002 0.004945 0.001655 0.000002 0.041191 0.000003 0.000016 0.000000 0.009913 0.000003 0.037893 0.000005 0.001658 0.006591 0.424997 0.044476 0.034620 0.000000 0.000003
 0.031319 0.000002 0.000004 0.000008 0.000002 0.000016 0.000003 0.080722 0.000000 0.662150 0.000003 0.000013 0.000005 0.000011 0.000003 0.028052 0.014830 0.182855 0.000000 0.000003
 0.051083 0.000002 0.000004 0.003302 0.000002 0.242134 0.000003 0.000016 0.000000 0.000031 0.000003 0.000013 0.228955 0.011540 0.001650 0.456277 0.001654 0.000033 0.000000 0.003297
 0.008262 0.000002 0.047769 0.026361 0.000002 0.107079 0.000003 0.000016 0.000000 0.000031 0.000003 0.446358 0.000005 0.056007 0.004944 0.291586 0.006595 0.000033 0.000000 0.004944
 0.092257 0.000002 0.000004 0.000008 0.000002 0.003310 0.000003 0.095552 0.000000 0.000031 0.008238 0.000013 0.000005 0.000011 0.000003 0.220756 0.174591 0.365681 0.000000 0.039533

MOTIF 7-VSNGPTN STREME-7
letter-probability matrix: alength= 20 w= 7 nsites= 582 E= 4.9e-019
 0.068613 0.000003 0.000005 0.000009 0.000002 0.003937 0.000003 0.025488 0.000000 0.074494 0.000004 0.000016 0.000006 0.000013 0.000004 0.011815 0.000009 0.815576 0.000000 0.000003
 0.039220 0.000003 0.000005 0.000009 0.000002 0.000019 0.000003 0.000019 0.000000 0.005915 0.000004 0.000016 0.000006 0.068600 0.000004 0.872410 0.013724 0.000039 0.000000 0.000003
 0.003950 0.000003 0.000005 0.000009 0.000002 0.188155 0.000003 0.000019 0.000000 0.000037 0.000004 0.415664 0.000006 0.000013 0.000004 0.392074 0.000009 0.000039 0.000000 0.000003
 0.000032 0.000003 0.000005 0.000009 0.000002 0.964470 0.000003 0.000019 0.000000 0.000037 0.000004 0.000016 0.000006 0.000013 0.000004 0.000060 0.035275 0.000039 0.000000 0.000003
 0.043136 0.000003 0.000005 0.000009 0.000002 0.133262 0.000003 0.013733 0.000000 0.000037 0.000004 0.000016 0.431204 0.153097 0.037237 0.064756 0.000009 0.123484 0.000000 0.000003
 0.096055 0.000003 0.000005 0.000009 0.043111 0.000019 0.000003 0.023529 0.000000 0.101958 0.000004 0.011771 0.135213 0.000013 0.000004 0.031409 0.272486 0.270691 0.000000 0.013717
 0.000032 0.000003 0.000005 0.000009 0.000002 0.000019 0.000003 0.000019 0.000000 0.000037 0.000004 0.860585 0.000006 0.000013 0.000004 0.139208 0.000009 0.000039 0.000000 0.000003

MOTIF 8-SSRVSSA STREME-8
letter-probability matrix: alength= 20 w= 7 nsites= 693 E= 5.0e-019
 0.118456 0.000002 0.000004 0.000007 0.009224 0.108373 0.000003 0.013849 0.000000 0.000029 0.004614 0.033830 0.007690 0.032293 0.000003 0.497867 0.099930 0.073821 0.000000 0.000003
 0.103035 0.000002 0.003078 0.000007 0.000002 0.000015 0.000003 0.000015 0.000000 0.003103 0.000003 0.098400 0.003079 0.007695 0.003077 0.730796 0.029212 0.000031 0.000000 0.018448
 0.000025 0.000002 0.000004 0.000007 0.000002 0.000015 0.000003 0.000015 0.000000 0.000029 0.000003 0.000012 0.000004 0.000010 0.999781 0.000047 0.000007 0.000031 0.000000 0.000003
 0.000025 0.000002 0.000004 0.000007 0.000002 0.000015 0.000003 0.173725 0.000000 0.003103 0.030748 0.000012 0.000004 0.000010 0.000003 0.000047 0.000007 0.792280 0.000000 0.000003
 0.035386 0.000002 0.000004 0.000007 0.000002 0.003089 0.000003 0.000015 0.000000 0.000029 0.000003 0.000012 0.000004 0.012309 0.000003 0.944480 0.004618 0.000031 0.000000 0.000003
 0.029235 0.000002 0.000004 0.001544 0.000002 0.000015 0.000003 0.000015 0.000000 0.000029 0.000003 0.015383 0.000004 0.000010 0.000003 0.844566 0.096852 0.000031 0.000000 0.012300
 0.730753 0.000002 0.000004 0.000007 0.000002 0.000015 0.041508 0.000015 0.000000 0.000029 0.021528 0.052282 0.013838 0.000010 0.000003 0.018494 0.061524 0.059984 0.000000 0.000003

MOTIF 9-PGL STREME-9
letter-probability matrix: alength= 20 w= 3 nsites= 811 E= 1.7e-016
 0.000030 0.000002 0.000005 0.000009 0.000002 0.000017 0.000003 0.000018 0.000000 0.000035 0.000004 0.000015 0.999741 0.000012 0.000004 0.000056 0.000008 0.000036 0.000000 0.000003
 0.000030 0.000002 0.000005 0.000009 0.000002 0.999753 0.000003 0.000018 0.000000 0.000035 0.000004 0.000015 0.000005 0.000012 0.000004 0.000056 0.000008 0.000036 0.000000 0.000003
 0.157119 0.000002 0.000025 0.000009 0.001296 0.000044 0.000003 0.013696 0.000000 0.783448 0.006373 0.000015 0.003078 0.000182 0.000087 0.000056 0.000416 0.030225 0.000000 0.003925

MOTIF 10-NIGQ STREME-10
letter-probability matrix: alength= 20 w= 4 nsites= 607 E= 9.8e-012
 0.001891 0.000003 0.000006 0.007371 0.000003 0.000023 0.000004 0.000024 0.000001 0.000047 0.000005 0.529477 0.000007 0.009830 0.004911 0.389901 0.056443 0.000049 0.000000 0.000004
 0.000839 0.000003 0.000006 0.000012 0.000003 0.000023 0.000004 0.751160 0.000001 0.003332 0.000005 0.000020 0.000007 0.000016 0.000005 0.000075 0.008697 0.226854 0.000000 0.008939
 0.000040 0.000003 0.000006 0.000012 0.000003 0.999669 0.000004 0.000024 0.000001 0.000047 0.000005 0.000020 0.000007 0.000016 0.000005 0.000075 0.000011 0.000049 0.000000 0.000004
 0.002047 0.000003 0.029449 0.051403 0.000003 0.000023 0.000004 0.000024 0.000001 0.000047 0.002458 0.259372 0.010763 0.553722 0.000005 0.008041 0.000011 0.000049 0.000000 0.082574

MOTIF 11-SGQYASMVGQ STREME-11
letter-probability matrix: alength= 20 w= 10 nsites= 367 E= 2.7e-011
 0.329181 0.003023 0.000007 0.000014 0.000003 0.000029 0.000005 0.066471 0.000001 0.000057 0.000006 0.000024 0.009067 0.000019 0.000006 0.474245 0.057384 0.057431 0.000000 0.003024
 0.208417 0.000004 0.027184 0.000014 0.000003 0.465069 0.000005 0.000030 0.000001 0.006096 0.009065 0.000024 0.009067 0.000019 0.000006 0.274917 0.000014 0.000060 0.000000 0.000005
 0.006088 0.000004 0.217470 0.024172 0.000003 0.006068 0.000005 0.000030 0.000001 0.000057 0.000006 0.154033 0.009067 0.501290 0.030202 0.000093 0.000014 0.000060 0.000000 0.051337
 0.021186 0.000004 0.000007 0.000014 0.084569 0.000029 0.000005 0.000030 0.000001 0.000057 0.000006 0.000024 0.000009 0.000019 0.000006 0.386605 0.105696 0.000060 0.000000 0.401673
 0.694622 0.000004 0.000007 0.000014 0.000003 0.000029 0.000005 0.006069 0.000001 0.000057 0.000006 0.000024 0.000009 0.000019 0.000006 0.114836 0.078521 0.105762 0.000000 0.000005
 0.223506 0.000004 0.003027 0.000014 0.000003 0.030224 0.000005 0.000030 0.000001 0.000057 0.000006 0.036258 0.000009 0.301987 0.015103 0.377608 0.006053 0.006099 0.000000 0.000005
 0.075549 0.000004 0.000007 0.000014 0.021141 0.000029 0.000005 0.099675 0.000001 0.265810 0.398638 0.000024 0.000009 0.000019 0.003025 0.003112 0.045307 0.087626 0.000000 0.000005
 0.000049 0.000004 0.000007 0.000014 0.000003 0.000029 0.000005 0.045324 0.000001 0.060462 0.000006 0.000024 0.000009 0.000019 0.000006 0.000093 0.000014 0.893925 0.000000 0.000005
 0.021187 0.000004 0.000007 0.000014 0.000003 0.582867 0.000005 0.000030 0.000001 0.000057 0.000006 0.000024 0.000009 0.006058 0.039262 0.350387 0.000014 0.000060 0.000000 0.000005
 0.000049 0.000004 0.012086 0.018131 0.000003 0.009088 0.000005 0.000030 0.000001 0.000057 0.000006 0.039279 0.000009 0.679455 0.000006 0.235674 0.000014 0.000060 0.000000 0.006044

MOTIF 12-SPAA STREME-12
letter-probability matrix: alength= 20 w= 4 nsites= 360 E= 3.2e-009
 0.000074 0.000006 0.000011 0.000021 0.000005 0.000043 0.000007 0.000044 0.000001 0.000085 0.000009 0.023414 0.000013 0.008451 0.000009 0.904651 0.000020 0.000090 0.000000 0.063046
 0.000074 0.000006 0.000011 0.000021 0.000005 0.000043 0.000007 0.000044 0.000001 0.000085 0.000009 0.000036 0.999363 0.000029 0.000009 0.000138 0.000020 0.000090 0.000000 0.000007
 0.358225 0.000006 0.023083 0.300472 0.000005 0.000043 0.000007 0.000044 0.000001 0.000085 0.000009 0.000036 0.000013 0.317706 0.000009 0.000138 0.000020 0.000090 0.000000 0.000007
 0.913876 0.000006 0.000011 0.000021 0.000005 0.000043 0.000007 0.000044 0.000001 0.000085 0.000009 0.000036 0.000013 0.000029 0.000009 0.009142 0.076565 0.000090 0.000000 0.000007

MOTIF 13-VHI STREME-13
letter-probability matrix: alength= 20 w= 3 nsites= 360 E= 1.6e-007
 0.010308 0.000831 0.001551 0.002991 0.000728 0.005998 0.001044 0.006200 0.000133 0.011963 0.001232 0.005053 0.001804 0.004062 0.001227 0.019344 0.002863 0.921636 0.000005 0.001028
 0.010308 0.000831 0.001551 0.002991 0.000728 0.005998 0.910134 0.006200 0.000133 0.011963 0.001232 0.005053 0.001804 0.004062 0.001227 0.019344 0.002863 0.012545 0.000005 0.001028
 0.010308 0.000831 0.001551 0.002991 0.000728 0.005998 0.001044 0.915291 0.000133 0.011963 0.001232 0.005053 0.001804 0.004062 0.001227 0.019344 0.002863 0.012545 0.000005 0.001028

MOTIF 14-TVYNS STREME-14
letter-probability matrix: alength= 20 w= 5 nsites= 195 E= 8.5e-006
 0.008244 0.000011 0.000020 0.000038 0.000009 0.000077 0.000013 0.000080 0.000002 0.000154 0.000016 0.064965 0.000023 0.000052 0.000016 0.073264 0.836618 0.016384 0.000000 0.000013
 0.000133 0.000011 0.000020 0.000038 0.000009 0.000077 0.000013 0.024414 0.000002 0.000154 0.000016 0.000065 0.000023 0.000052 0.000016 0.000249 0.000037 0.974657 0.000000 0.000013
 0.053196 0.000011 0.000020 0.000038 0.000009 0.013688 0.000013 0.016302 0.000002 0.008265 0.024350 0.004449 0.000023 0.000052 0.000016 0.110975 0.024371 0.292452 0.000000 0.451767
 0.000133 0.000011 0.000020 0.000038 0.000009 0.000077 0.000013 0.000080 0.000002 0.000154 0.000016 0.998895 0.000023 0.000052 0.000016 0.000249 0.000037 0.000161 0.000000 0.000013
 0.016355 0.000011 0.000020 0.000038 0.000009 0.000077 0.000013 0.000080 0.000002 0.000154 0.000016 0.000065 0.000023 0.000052 0.000016 0.863739 0.119154 0.000161 0.000000 0.000013

MOTIF 15-FGLD STREME-15
letter-probability matrix: alength= 20 w= 4 nsites= 136 E= 2.8e-004
 0.031535 0.000015 0.031379 0.044993 0.393411 0.011340 0.000019 0.011344 0.000002 0.301738 0.044958 0.000090 0.000032 0.006144 0.000022 0.064350 0.035919 0.000224 0.000000 0.022485
 0.000184 0.000015 0.000028 0.000053 0.000013 0.953547 0.000019 0.000111 0.000002 0.045153 0.000022 0.000090 0.000032 0.000072 0.000022 0.000345 0.000051 0.000224 0.000000 0.000018
 0.000184 0.000015 0.000028 0.000053 0.011246 0.000107 0.000019 0.000111 0.000002 0.987360 0.000022 0.000090 0.000032 0.000072 0.000022 0.000345 0.000051 0.000224 0.000000 0.000018
 0.000184 0.000015 0.964706 0.000053 0.000013 0.033808 0.000019 0.000111 0.000002 0.000213 0.000022 0.000090 0.000032 0.000072 0.000022 0.000345 0.000051 0.000224 0.000000 0.000018

MOTIF 16-SSSEVL STREME-16
letter-probability matrix: alength= 20 w= 6 nsites= 179 E= 1.4e-003
 0.021536 0.000009 0.000018 0.000034 0.000008 0.000068 0.000012 0.000070 0.000002 0.000136 0.000014 0.000057 0.000020 0.000046 0.000014 0.977770 0.000032 0.000142 0.000000 0.000012
 0.007256 0.000009 0.135737 0.000034 0.000008 0.000068 0.000012 0.000070 0.000002 0.000136 0.000014 0.000057 0.000020 0.000046 0.000014 0.856331 0.000032 0.000142 0.000000 0.000012
 0.042959 0.000009 0.000018 0.000034 0.000008 0.285967 0.000012 0.000070 0.000002 0.000136 0.000014 0.057184 0.000020 0.000046 0.000014 0.599042 0.014312 0.000142 0.000000 0.000012
 0.000117 0.000009 0.000018 0.999004 0.000008 0.000068 0.000012 0.000070 0.000002 0.000136 0.000014 0.000057 0.000020 0.000046 0.000014 0.000219 0.000032 0.000142 0.000000 0.000012
 0.091759 0.000009 0.000018 0.000034 0.000008 0.000068 0.000012 0.000070 0.000002 0.000136 0.000014 0.000057 0.000020 0.000046 0.000014 0.000219 0.000032 0.907470 0.000000 0.000012
 0.021536 0.000009 0.000018 0.000034 0.000008 0.000068 0.000012 0.000070 0.000002 0.877717 0.057141 0.000057 0.000020 0.000046 0.000014 0.000219 0.000032 0.042985 0.000000 0.000012

MOTIF 17-VSSA STREME-17
letter-probability matrix: alength= 20 w= 4 nsites= 295 E= 4.3e-003
 0.010308 0.000831 0.001551 0.002991 0.000728 0.005998 0.001044 0.006200 0.000133 0.011963 0.001232 0.005053 0.001804 0.004062 0.001227 0.019344 0.002863 0.921636 0.000005 0.001028
 0.010308 0.000831 0.001551 0.002991 0.000728 0.005998 0.001044 0.006200 0.000133 0.011963 0.001232 0.005053 0.001804 0.004062 0.001227 0.928435 0.002863 0.012545 0.000005 0.001028
 0.010308 0.000831 0.001551 0.002991 0.000728 0.005998 0.001044 0.006200 0.000133 0.011963 0.001232 0.005053 0.001804 0.004062 0.001227 0.928435 0.002863 0.012545 0.000005 0.001028
 0.919399 0.000831 0.001551 0.002991 0.000728 0.005998 0.001044 0.006200 0.000133 0.011963 0.001232 0.005053 0.001804 0.004062 0.001227 0.019344 0.002863 0.012545 0.000005 0.001028

MOTIF 18-GLSG STREME-18
letter-probability matrix: alength= 20 w= 4 nsites= 210 E= 4.6e-003
 0.010308 0.000831 0.001551 0.002991 0.000728 0.915089 0.001044 0.006200 0.000133 0.011963 0.001232 0.005053 0.001804 0.004062 0.001227 0.019344 0.002863 0.012545 0.000005 0.001028
 0.010308 0.000831 0.001551 0.002991 0.000728 0.005998 0.001044 0.006200 0.000133 0.921054 0.001232 0.005053 0.001804 0.004062 0.001227 0.019344 0.002863 0.012545 0.000005 0.001028
 0.010308 0.000831 0.001551 0.002991 0.000728 0.005998 0.001044 0.006200 0.000133 0.011963 0.001232 0.005053 0.001804 0.004062 0.001227 0.928435 0.002863 0.012545 0.000005 0.001028
 0.010308 0.000831 0.001551 0.002991 0.000728 0.915089 0.001044 0.006200 0.000133 0.011963 0.001232 0.005053 0.001804 0.004062 0.001227 0.019344 0.002863 0.012545 0.000005 0.001028

MOTIF 19-ALPNV STREME-19
letter-probability matrix: alength= 20 w= 5 nsites= 129 E= 9.3e-003
 0.736930 0.017926 0.000022 0.000043 0.000010 0.000085 0.000015 0.000088 0.000002 0.018084 0.000018 0.000072 0.000026 0.000058 0.000017 0.226371 0.000041 0.000178 0.000000 0.000015
 0.000147 0.000012 0.000022 0.000043 0.000010 0.000085 0.000015 0.000088 0.000002 0.998878 0.000018 0.000072 0.000026 0.000058 0.000017 0.000275 0.000041 0.000178 0.000000 0.000015
 0.000147 0.000012 0.000022 0.000043 0.000010 0.000085 0.000015 0.000088 0.000002 0.000170 0.000018 0.000072 0.998733 0.000058 0.000017 0.000275 0.000041 0.000178 0.000000 0.000015
 0.009103 0.000012 0.008979 0.000043 0.000010 0.120366 0.000015 0.000088 0.000002 0.000170 0.000018 0.464205 0.000026 0.000058 0.000017 0.396655 0.000041 0.000178 0.000000 0.000015
 0.000147 0.000012 0.000022 0.000043 0.000010 0.000085 0.000015 0.186374 0.000002 0.000170 0.000018 0.000072 0.000026 0.000058 0.000017 0.000275 0.008998 0.803644 0.000000 0.000015

MOTIF 20-ASAAA STREME-20
letter-probability matrix: alength= 20 w= 5 nsites= 142 E= 9.8e-003
 0.919399 0.000831 0.001551 0.002991 0.000728 0.005998 0.001044 0.006200 0.000133 0.011963 0.001232 0.005053 0.001804 0.004062 0.001227 0.019344 0.002863 0.012545 0.000005 0.001028
 0.010308 0.000831 0.001551 0.002991 0.000728 0.005998 0.001044 0.006200 0.000133 0.011963 0.001232 0.005053 0.001804 0.004062 0.001227 0.928435 0.002863 0.012545 0.000005 0.001028
 0.919399 0.000831 0.001551 0.002991 0.000728 0.005998 0.001044 0.006200 0.000133 0.011963 0.001232 0.005053 0.001804 0.004062 0.001227 0.019344 0.002863 0.012545 0.000005 0.001028
 0.919399 0.000831 0.001551 0.002991 0.000728 0.005998 0.001044 0.006200 0.000133 0.011963 0.001232 0.005053 0.001804 0.004062 0.001227 0.019344 0.002863 0.012545 0.000005 0.001028
 0.919399 0.000831 0.001551 0.002991 0.000728 0.005998 0.001044 0.006200 0.000133 0.011963 0.001232 0.005053 0.001804 0.004062 0.001227 0.019344 0.002863 0.012545 0.000005 0.001028

MOTIF 21-LVSGGYLN STREME-21
letter-probability matrix: alength= 20 w= 8 nsites= 78 E= 1.9e-002
 0.000347 0.000028 0.000052 0.000101 0.000025 0.000202 0.000035 0.000209 0.000004 0.997343 0.000041 0.000170 0.000061 0.000137 0.000041 0.000651 0.000096 0.000422 0.000000 0.000035
 0.233666 0.000028 0.000052 0.000101 0.000025 0.021409 0.000035 0.000209 0.000004 0.000403 0.000041 0.000170 0.000061 0.000137 0.000041 0.255152 0.148575 0.339856 0.000000 0.000035
 0.148803 0.000028 0.000052 0.000101 0.000025 0.000202 0.000035 0.000209 0.000004 0.000403 0.000041 0.000170 0.000061 0.000137 0.000041 0.827928 0.021304 0.000422 0.000000 0.000035
 0.000347 0.000028 0.000052 0.000101 0.000025 0.997142 0.000035 0.000209 0.000004 0.000403 0.000041 0.000170 0.000061 0.000137 0.000041 0.000651 0.000096 0.000422 0.000000 0.000035
 0.000347 0.000028 0.000052 0.000101 0.000025 0.997142 0.000035 0.000209 0.000004 0.000403 0.000041 0.000170 0.000061 0.000137 0.000041 0.000651 0.000096 0.000422 0.000000 0.000035
 0.085180 0.000028 0.000052 0.000101 0.000025 0.000202 0.000035 0.000209 0.000004 0.000403 0.000041 0.042586 0.000061 0.000137 0.000041 0.021859 0.000096 0.360993 0.000000 0.487947
 0.000347 0.000028 0.000052 0.000101 0.021232 0.000202 0.000035 0.000209 0.000004 0.976135 0.000041 0.000170 0.000061 0.000137 0.000041 0.000651 0.000096 0.000422 0.000000 0.000035
 0.000347 0.000028 0.000052 0.000101 0.000025 0.000202 0.000035 0.000209 0.000004 0.000403 0.000041 0.997110 0.000061 0.000137 0.000041 0.000651 0.000096 0.000422 0.000000 0.000035

MOTIF 22-SLALVQQAV STREME-22
letter-probability matrix: alength= 20 w= 9 nsites= 103 E= 3.7e-002
 0.139735 0.000014 0.000026 0.000051 0.000012 0.000102 0.000018 0.000106 0.000002 0.000204 0.000021 0.000086 0.000031 0.000069 0.000021 0.773336 0.085935 0.000214 0.000000 0.000018
 0.000176 0.000014 0.000026 0.000051 0.000012 0.000102 0.000018 0.000106 0.000002 0.622903 0.375773 0.000086 0.000031 0.000069 0.000021 0.000330 0.000049 0.000214 0.000000 0.000018
 0.494058 0.000014 0.000026 0.000051 0.000012 0.171872 0.000018 0.000106 0.000002 0.000204 0.000021 0.300678 0.000031 0.000069 0.000021 0.000330 0.032255 0.000214 0.000000 0.000018
 0.161206 0.000014 0.000026 0.000051 0.000012 0.000102 0.000018 0.107458 0.000002 0.397431 0.107376 0.000086 0.000031 0.000069 0.000021 0.000330 0.000049 0.225700 0.000000 0.000018
 0.000176 0.000014 0.000026 0.000051 0.000012 0.000102 0.000018 0.032312 0.000002 0.000204 0.000021 0.000086 0.000031 0.000069 0.000021 0.000330 0.000049 0.966459 0.000000 0.000018
 0.021646 0.000014 0.000026 0.000051 0.000012 0.000102 0.000018 0.000106 0.000002 0.000204 0.000021 0.000086 0.000031 0.977050 0.000021 0.000330 0.000049 0.000214 0.000000 0.000018
 0.032380 0.000014 0.000026 0.000051 0.000012 0.128938 0.000018 0.000106 0.000002 0.000204 0.000021 0.354361 0.000031 0.440262 0.000021 0.043272 0.000049 0.000214 0.000000 0.000018
 0.740974 0.000014 0.000026 0.000051 0.000012 0.000102 0.000018 0.064523 0.000002 0.000204 0.000021 0.000086 0.000031 0.000069 0.000021 0.086212 0.000049 0.107566 0.000000 0.000018
 0.075324 0.000014 0.000026 0.000051 0.032219 0.000102 0.000018 0.171871 0.000002 0.000204 0.021491 0.000086 0.000031 0.000069 0.000021 0.000330 0.000049 0.698075 0.000000 0.000018

MOTIF 23-IEVIATL STREME-23
letter-probability matrix: alength= 20 w= 7 nsites= 93 E= 3.7e-002
 0.048287 0.000016 0.000030 0.000057 0.000014 0.000114 0.000020 0.890180 0.000003 0.000228 0.000023 0.000096 0.000034 0.000078 0.000023 0.000369 0.000055 0.060354 0.000000 0.000020
 0.000197 0.000016 0.000030 0.950233 0.000014 0.048204 0.000020 0.000118 0.000003 0.000228 0.000023 0.000096 0.000034 0.000078 0.000023 0.000369 0.000055 0.000239 0.000000 0.000020
 0.000197 0.000016 0.000030 0.000057 0.000014 0.000114 0.000020 0.000118 0.000003 0.000228 0.000023 0.000096 0.000034 0.000078 0.000023 0.000369 0.000055 0.998505 0.000000 0.000020
 0.000197 0.000016 0.000030 0.000057 0.000014 0.000114 0.000020 0.914219 0.000003 0.000228 0.000023 0.000096 0.000034 0.000078 0.000023 0.000369 0.000055 0.084404 0.000000 0.000020
 0.769989 0.000016 0.000030 0.000057 0.000014 0.000114 0.000020 0.000118 0.000003 0.000228 0.000023 0.000096 0.000034 0.000078 0.000023 0.228842 0.000055 0.000239 0.000000 0.000020
 0.000197 0.000016 0.000030 0.000057 0.000014 0.000114 0.000020 0.216566 0.000003 0.216647 0.132298 0.000096 0.000034 0.000078 0.000023 0.000369 0.433179 0.000239 0.000000 0.000020
 0.000197 0.000016 0.000030 0.000057 0.000014 0.000114 0.000020 0.000118 0.000003 0.998494 0.000023 0.000096 0.000034 0.000078 0.000023 0.000369 0.000055 0.000239 0.000000 0.000020

MOTIF 24-NYGA STREME-24
letter-probability matrix: alength= 20 w= 4 nsites= 88 E= 3.7e-002
 0.010308 0.000831 0.001551 0.002991 0.000728 0.005998 0.001044 0.006200 0.000133 0.011963 0.001232 0.914144 0.001804 0.004062 0.001227 0.019344 0.002863 0.012545 0.000005 0.001028
 0.010308 0.000831 0.001551 0.002991 0.000728 0.005998 0.001044 0.006200 0.000133 0.011963 0.001232 0.005053 0.001804 0.004062 0.001227 0.019344 0.002863 0.012545 0.000005 0.910119
 0.010308 0.000831 0.001551 0.002991 0.000728 0.915089 0.001044 0.006200 0.000133 0.011963 0.001232 0.005053 0.001804 0.004062 0.001227 0.019344 0.002863 0.012545 0.000005 0.001028
 0.919399 0.000831 0.001551 0.002991 0.000728 0.005998 0.001044 0.006200 0.000133 0.011963 0.001232 0.005053 0.001804 0.004062 0.001227 0.019344 0.002863 0.012545 0.000005 0.001028

MOTIF 25-FVRSM STREME-25
letter-probability matrix: alength= 20 w= 5 nsites= 108 E= 7.5e-002
 0.000202 0.000016 0.000030 0.000058 0.973593 0.000117 0.000020 0.000121 0.000003 0.000234 0.000024 0.000099 0.000035 0.000079 0.000024 0.000378 0.000056 0.024889 0.000000 0.000020
 0.160410 0.000016 0.000030 0.000058 0.000014 0.000117 0.000020 0.271245 0.000003 0.098815 0.049315 0.000099 0.000035 0.000079 0.000024 0.000378 0.000056 0.419263 0.000000 0.000020
 0.000202 0.000016 0.000030 0.000058 0.000014 0.000117 0.000020 0.000121 0.073943 0.000234 0.000024 0.086357 0.000035 0.147952 0.591582 0.098971 0.000056 0.000245 0.000000 0.000020
 0.185075 0.000016 0.000030 0.000058 0.000014 0.000117 0.000020 0.000121 0.000003 0.000234 0.000024 0.098692 0.000035 0.000079 0.000024 0.715134 0.000056 0.000245 0.000000 0.000020
 0.000202 0.000016 0.000030 0.000058 0.024658 0.000117 0.000020 0.000121 0.000003 0.098827 0.764089 0.000099 0.000035 0.000079 0.000024 0.000378 0.000056 0.111166 0.000000 0.000020

MOTIF 26-SYAMGNVLS STREME-26
letter-probability matrix: alength= 20 w= 9 nsites= 89 E= 1.5e-001
 0.037168 0.000016 0.000030 0.000058 0.000014 0.000117 0.000020 0.000121 0.000003 0.000234 0.000024 0.000099 0.000035 0.000079 0.000024 0.961634 0.000056 0.000245 0.000000 0.000020
 0.000202 0.000016 0.000030 0.000058 0.000014 0.037084 0.000020 0.012443 0.000003 0.000234 0.036991 0.024743 0.000035 0.000079 0.000024 0.209895 0.012378 0.000245 0.000000 0.665505
 0.628719 0.000016 0.000030 0.000058 0.000014 0.000117 0.000020 0.000121 0.000003 0.000234 0.000024 0.000099 0.000035 0.172597 0.197211 0.000378 0.000056 0.000245 0.000000 0.000020
 0.000202 0.000016 0.000030 0.000058 0.000014 0.000117 0.000020 0.000121 0.000003 0.296005 0.702476 0.000099 0.000035 0.000079 0.000024 0.000378 0.000056 0.000245 0.000000 0.000020
 0.000202 0.000016 0.000030 0.000058 0.000014 0.801152 0.000020 0.000121 0.000003 0.000234 0.000024 0.000099 0.000035 0.000079 0.000024 0.197566 0.000056 0.000245 0.000000 0.000020
 0.000202 0.000016 0.000030 0.000058 0.000014 0.000117 0.000020 0.000121 0.320426 0.000234 0.000024 0.431448 0.000035 0.147952 0.098602 0.000378 0.000056 0.000245 0.000000 0.000020
 0.000202 0.000016 0.000030 0.000058 0.000014 0.000117 0.000020 0.197316 0.000003 0.259008 0.098608 0.000099 0.000035 0.000079 0.000024 0.000378 0.000056 0.443915 0.000000 0.000020
 0.197389 0.000016 0.000030 0.000058 0.000014 0.000117 0.000020 0.000121 0.000003 0.801269 0.000024 0.000099 0.000035 0.000079 0.000024 0.000378 0.000056 0.000245 0.000000 0.000020
 0.271328 0.000016 0.000030 0.000058 0.000014 0.000117 0.000020 0.000121 0.000003 0.000234 0.000024 0.000099 0.000035 0.000079 0.000024 0.727475 0.000056 0.000245 0.000000 0.000020

MOTIF 27-QSFSSNLLSS STREME-27
letter-probability matrix: alength= 20 w= 10 nsites= 65 E= 3.0e-001
 0.000291 0.000023 0.000044 0.000085 0.000021 0.000169 0.000029 0.000175 0.000004 0.000338 0.000035 0.000143 0.000051 0.944120 0.053461 0.000547 0.000081 0.000355 0.000000 0.000029
 0.107153 0.000023 0.000044 0.000085 0.000021 0.000169 0.000029 0.000175 0.000004 0.000338 0.000035 0.000143 0.000051 0.000115 0.000035 0.695222 0.000081 0.196248 0.000000 0.000029
 0.000291 0.000023 0.000044 0.000085 0.516478 0.000169 0.000029 0.000175 0.000004 0.410078 0.071269 0.000143 0.000051 0.000115 0.000035 0.000547 0.000081 0.000355 0.000000 0.000029
 0.178377 0.000023 0.000044 0.000085 0.000021 0.000169 0.000029 0.000175 0.000004 0.000338 0.000035 0.000143 0.000051 0.000115 0.000035 0.748660 0.071314 0.000355 0.000000 0.000029
 0.000291 0.000023 0.035660 0.053511 0.000021 0.000169 0.000029 0.000175 0.000004 0.000338 0.000035 0.000143 0.000051 0.427529 0.000035 0.481520 0.000081 0.000355 0.000000 0.000029
 0.018099 0.000023 0.000044 0.000085 0.000021 0.000169 0.000029 0.000175 0.000004 0.000338 0.000035 0.890723 0.000051 0.000115 0.000035 0.000547 0.089123 0.000355 0.000000 0.000029
 0.000291 0.000023 0.000044 0.000085 0.000021 0.000169 0.000029 0.000175 0.000004 0.552545 0.427452 0.000143 0.000051 0.000115 0.000035 0.000547 0.000081 0.018162 0.000000 0.000029
 0.000291 0.000023 0.000044 0.000085 0.000021 0.000169 0.000029 0.160450 0.000004 0.748452 0.089077 0.000143 0.000051 0.000115 0.000035 0.000547 0.000081 0.000355 0.000000 0.000029
 0.053717 0.000023 0.000044 0.000085 0.000021 0.000169 0.000029 0.000175 0.000004 0.000338 0.000035 0.196037 0.000051 0.000115 0.000035 0.748657 0.000081 0.000355 0.000000 0.000029
 0.000291 0.000023 0.000044 0.000085 0.000021 0.000169 0.000029 0.000175 0.000004 0.000338 0.000035 0.000143 0.000051 0.000115 0.000035 0.997978 0.000081 0.000355 0.000000 0.000029

MOTIF 28-NIG STREME-28
letter-probability matrix: alength= 20 w= 3 nsites= 129 E= 4.3e-001
 0.010308 0.000831 0.001551 0.002991 0.000728 0.005998 0.001044 0.006200 0.000133 0.011963 0.001232 0.914144 0.001804 0.004062 0.001227 0.019344 0.002863 0.012545 0.000005 0.001028
 0.010308 0.000831 0.001551 0.002991 0.000728 0.005998 0.001044 0.915291 0.000133 0.011963 0.001232 0.005053 0.001804 0.004062 0.001227 0.019344 0.002863 0.012545 0.000005 0.001028
 0.010308 0.000831 0.001551 0.002991 0.000728 0.915089 0.001044 0.006200 0.000133 0.011963 0.001232 0.005053 0.001804 0.004062 0.001227 0.019344 0.002863 0.012545 0.000005 0.001028

MOTIF 29-LDIIA STREME-29
letter-probability matrix: alength= 20 w= 5 nsites= 59 E= 6.1e-001
 0.000308 0.000025 0.000046 0.000089 0.000022 0.000179 0.000031 0.000185 0.000004 0.997644 0.000037 0.000151 0.000054 0.000121 0.000037 0.000577 0.000085 0.000374 0.000000 0.000031
 0.000308 0.000025 0.997334 0.000089 0.000022 0.000179 0.000031 0.000185 0.000004 0.000357 0.000037 0.000151 0.000054 0.000121 0.000037 0.000577 0.000085 0.000374 0.000000 0.000031
 0.000308 0.000025 0.000046 0.000089 0.000022 0.000179 0.000031 0.997472 0.000004 0.000357 0.000037 0.000151 0.000054 0.000121 0.000037 0.000577 0.000085 0.000374 0.000000 0.000031
 0.000308 0.000025 0.000046 0.000089 0.000022 0.000179 0.000031 0.658922 0.000004 0.000357 0.000037 0.000151 0.000054 0.000121 0.000037 0.075793 0.000085 0.263708 0.000000 0.000031
 0.997595 0.000025 0.000046 0.000089 0.000022 0.000179 0.000031 0.000185 0.000004 0.000357 0.000037 0.000151 0.000054 0.000121 0.000037 0.000577 0.000085 0.000374 0.000000 0.000031

MOTIF 30-SQVSAS STREME-30
letter-probability matrix: alength= 20 w= 6 nsites= 78 E= 1.2e+000
 0.194315 0.000020 0.000037 0.000071 0.000017 0.134483 0.000025 0.000147 0.000003 0.000283 0.000029 0.000120 0.000043 0.000096 0.000029 0.669894 0.000068 0.000297 0.000000 0.000024
 0.000244 0.000020 0.000037 0.000071 0.000017 0.000142 0.000025 0.000147 0.000003 0.000283 0.000029 0.000120 0.000043 0.997943 0.000029 0.000458 0.000068 0.000297 0.000000 0.000024
 0.000244 0.000020 0.000037 0.000071 0.000017 0.000142 0.000025 0.089700 0.000003 0.000283 0.000029 0.000120 0.000043 0.000096 0.000029 0.000458 0.000068 0.908591 0.000000 0.000024
 0.000244 0.000020 0.000037 0.000071 0.000017 0.000142 0.000025 0.000147 0.000003 0.000283 0.000029 0.000120 0.000043 0.000096 0.059727 0.938607 0.000068 0.000297 0.000000 0.000024
 0.998091 0.000020 0.000037 0.000071 0.000017 0.000142 0.000025 0.000147 0.000003 0.000283 0.000029 0.000120 0.000043 0.000096 0.000029 0.000458 0.000068 0.000297 0.000000 0.000024
 0.025288 0.000020 0.000037 0.000071 0.000017 0.000142 0.000025 0.000147 0.000003 0.000283 0.000029 0.177974 0.000043 0.000096 0.000029 0.795408 0.000068 0.000297 0.000000 0.000024

MOTIF 31-HILSSA STREME-31
letter-probability matrix: alength= 20 w= 6 nsites= 60 E= 1.2e+000
 0.000347 0.000028 0.000052 0.000101 0.000024 0.000202 0.996976 0.000209 0.000004 0.000403 0.000041 0.000170 0.000061 0.000137 0.000041 0.000651 0.000096 0.000422 0.000000 0.000035
 0.000347 0.000028 0.000052 0.000101 0.000024 0.000202 0.000035 0.954740 0.000004 0.000403 0.021246 0.000170 0.000061 0.000137 0.000041 0.000651 0.000096 0.021627 0.000000 0.000035
 0.000347 0.000028 0.000052 0.000101 0.000024 0.000202 0.000035 0.000209 0.000004 0.976139 0.000041 0.000170 0.000061 0.000137 0.000041 0.000651 0.000096 0.021627 0.000000 0.000035
 0.000347 0.000028 0.000052 0.000101 0.000024 0.169875 0.000035 0.000209 0.000004 0.000403 0.000041 0.021375 0.000061 0.000137 0.000041 0.806714 0.000096 0.000422 0.000000 0.000035
 0.000347 0.000028 0.000052 0.000101 0.000024 0.000202 0.000035 0.000209 0.000004 0.000403 0.000041 0.021375 0.000061 0.000137 0.000041 0.912769 0.063714 0.000422 0.000000 0.000035
 0.657863 0.000028 0.000052 0.000101 0.000024 0.000202 0.000035 0.000209 0.000004 0.000403 0.000041 0.000170 0.000061 0.000137 0.000041 0.340076 0.000096 0.000422 0.000000 0.000035

MOTIF 32-SSTVTTT STREME-32
letter-probability matrix: alength= 20 w= 7 nsites= 58 E= 1.2e+000
 0.439077 0.000026 0.000049 0.000095 0.000023 0.000190 0.000033 0.000196 0.000004 0.000379 0.000039 0.000160 0.000057 0.000129 0.000039 0.558985 0.000091 0.000397 0.000000 0.000033
 0.000326 0.000026 0.000049 0.000095 0.000023 0.000190 0.000033 0.000196 0.000004 0.000379 0.000039 0.000160 0.000057 0.000129 0.000039 0.977797 0.020029 0.000397 0.000000 0.000033
 0.000326 0.000026 0.000049 0.000095 0.000023 0.000190 0.000033 0.000196 0.000004 0.000379 0.000039 0.000160 0.000057 0.000129 0.019977 0.259836 0.718052 0.000397 0.000000 0.000033
 0.000326 0.000026 0.000049 0.000095 0.000023 0.000190 0.000033 0.000196 0.000004 0.000379 0.000039 0.000160 0.000057 0.000129 0.000039 0.000612 0.000091 0.997520 0.000000 0.000033
 0.000326 0.000026 0.000049 0.000095 0.000023 0.000190 0.000033 0.000196 0.000004 0.000379 0.000039 0.000160 0.000057 0.000129 0.000039 0.000612 0.997214 0.000397 0.000000 0.000033
 0.000326 0.000026 0.000049 0.159632 0.000023 0.000190 0.000033 0.000196 0.059820 0.000379 0.000039 0.000160 0.000057 0.319210 0.000039 0.080368 0.379023 0.000397 0.000000 0.000033
 0.000326 0.000026 0.000049 0.000095 0.000023 0.000190 0.000033 0.000196 0.000004 0.000379 0.000039 0.000160 0.000057 0.000129 0.000039 0.040490 0.957337 0.000397 0.000000 0.000033

MOTIF 33-LTEAL STREME-33
letter-probability matrix: alength= 20 w= 5 nsites= 55 E= 1.2e+000
 0.000317 0.000026 0.000048 0.000092 0.000022 0.000184 0.000032 0.000191 0.000004 0.726317 0.000038 0.000155 0.000055 0.000125 0.000038 0.000595 0.000088 0.271642 0.000000 0.000032
 0.000317 0.000026 0.000048 0.000092 0.000022 0.000184 0.000032 0.000191 0.000004 0.000368 0.000038 0.000155 0.000055 0.000125 0.000038 0.000595 0.997294 0.000386 0.000000 0.000032
 0.000317 0.000026 0.000048 0.997298 0.000022 0.000184 0.000032 0.000191 0.000004 0.000368 0.000038 0.000155 0.000055 0.000125 0.000038 0.000595 0.000088 0.000386 0.000000 0.000032
 0.775513 0.000026 0.000048 0.000092 0.000022 0.000184 0.000032 0.000191 0.000004 0.039105 0.000038 0.000155 0.000055 0.000125 0.000038 0.155571 0.000088 0.028681 0.000000 0.000032
 0.000317 0.000026 0.000048 0.000092 0.000022 0.000184 0.000032 0.000191 0.000004 0.997573 0.000038 0.000155 0.000055 0.000125 0.000038 0.000595 0.000088 0.000386 0.000000 0.000032

MOTIF 34-ASYANAJSSA STREME-34
letter-probability matrix: alength= 20 w= 10 nsites= 51 E= 1.2e+000
 0.598450 0.000029 0.000055 0.110865 0.000026 0.000211 0.000037 0.000218 0.000005 0.000421 0.000043 0.088783 0.000063 0.000143 0.000043 0.155731 0.000101 0.044741 0.000000 0.000036
 0.443370 0.000029 0.000055 0.000105 0.000026 0.000211 0.000037 0.000218 0.000005 0.000421 0.000043 0.000178 0.000063 0.000143 0.000043 0.532328 0.022250 0.000441 0.000000 0.000036
 0.266176 0.000029 0.022204 0.000105 0.000026 0.000211 0.000037 0.133123 0.000005 0.000421 0.000043 0.000178 0.000063 0.000143 0.000043 0.000680 0.000101 0.000441 0.000000 0.575972
 0.997167 0.000029 0.000055 0.000105 0.000026 0.000211 0.000037 0.000218 0.000005 0.000421 0.000043 0.000178 0.000063 0.000143 0.000043 0.000680 0.000101 0.000441 0.000000 0.000036
 0.000362 0.000029 0.000055 0.000105 0.000026 0.000211 0.000037 0.000218 0.000005 0.000421 0.000043 0.709019 0.000063 0.000143 0.000043 0.288643 0.000101 0.000441 0.000000 0.000036
 0.952868 0.000029 0.000055 0.000105 0.000026 0.022360 0.000037 0.000218 0.000005 0.000421 0.000043 0.000178 0.000063 0.000143 0.000043 0.000680 0.000101 0.022590 0.000000 0.000036
 0.000362 0.000029 0.000055 0.000105 0.000026 0.000211 0.000037 0.642609 0.000005 0.332685 0.000043 0.000178 0.000063 0.000143 0.000043 0.000680 0.000101 0.022590 0.000000 0.000036
 0.266172 0.000029 0.000055 0.000105 0.000026 0.000211 0.000037 0.000218 0.000005 0.000421 0.000043 0.000178 0.000063 0.000143 0.000043 0.731675 0.000101 0.000441 0.000000 0.000036
 0.000362 0.000029 0.000055 0.000105 0.000026 0.000211 0.000037 0.000218 0.000005 0.000421 0.044343 0.066627 0.000063 0.000143 0.110803 0.753826 0.022250 0.000441 0.000000 0.000036
 0.731353 0.000029 0.000055 0.000105 0.000026 0.000211 0.000037 0.000218 0.000005 0.000421 0.000043 0.000178 0.265877 0.000143 0.000043 0.000680 0.000101 0.000441 0.000000 0.000036

MOTIF 35-ATSVA STREME-35
letter-probability matrix: alength= 20 w= 5 nsites= 44 E= 1.2e+000
 0.919399 0.000831 0.001551 0.002991 0.000728 0.005998 0.001044 0.006200 0.000133 0.011963 0.001232 0.005053 0.001804 0.004062 0.001227 0.019344 0.002863 0.012545 0.000005 0.001028
 0.010308 0.000831 0.001551 0.002991 0.000728 0.005998 0.001044 0.006200 0.000133 0.011963 0.001232 0.005053 0.001804 0.004062 0.001227 0.019344 0.911953 0.012545 0.000005 0.001028
 0.010308 0.000831 0.001551 0.002991 0.000728 0.005998 0.001044 0.006200 0.000133 0.011963 0.001232 0.005053 0.001804 0.004062 0.001227 0.928435 0.002863 0.012545 0.000005 0.001028
 0.010308 0.000831 0.001551 0.002991 0.000728 0.005998 0.001044 0.006200 0.000133 0.011963 0.001232 0.005053 0.001804 0.004062 0.001227 0.019344 0.002863 0.921636 0.000005 0.001028
 0.919399 0.000831 0.001551 0.002991 0.000728 0.005998 0.001044 0.006200 0.000133 0.011963 0.001232 0.005053 0.001804 0.004062 0.001227 0.019344 0.002863 0.012545 0.000005 0.001028

MOTIF 36-NSFTSSL STREME-36
letter-probability matrix: alength= 20 w= 7 nsites= 38 E= 1.2e+000
 0.010308 0.000831 0.001551 0.002991 0.000728 0.005998 0.001044 0.006200 0.000133 0.011963 0.001232 0.914144 0.001804 0.004062 0.001227 0.019344 0.002863 0.012545 0.000005 0.001028
 0.010308 0.000831 0.001551 0.002991 0.000728 0.005998 0.001044 0.006200 0.000133 0.011963 0.001232 0.005053 0.001804 0.004062 0.001227 0.928435 0.002863 0.012545 0.000005 0.001028
 0.010308 0.000831 0.001551 0.002991 0.909819 0.005998 0.001044 0.006200 0.000133 0.011963 0.001232 0.005053 0.001804 0.004062 0.001227 0.019344 0.002863 0.012545 0.000005 0.001028
 0.010308 0.000831 0.001551 0.002991 0.000728 0.005998 0.001044 0.006200 0.000133 0.011963 0.001232 0.005053 0.001804 0.004062 0.001227 0.019344 0.911953 0.012545 0.000005 0.001028
 0.010308 0.000831 0.001551 0.002991 0.000728 0.005998 0.001044 0.006200 0.000133 0.011963 0.001232 0.005053 0.001804 0.004062 0.001227 0.928435 0.002863 0.012545 0.000005 0.001028
 0.010308 0.000831 0.001551 0.002991 0.000728 0.005998 0.001044 0.006200 0.000133 0.011963 0.001232 0.005053 0.001804 0.004062 0.001227 0.928435 0.002863 0.012545 0.000005 0.001028
 0.010308 0.000831 0.001551 0.002991 0.000728 0.005998 0.001044 0.006200 0.000133 0.921054 0.001232 0.005053 0.001804 0.004062 0.001227 0.019344 0.002863 0.012545 0.000005 0.001028

MOTIF 37-LSNQJSSMAAQI STREME-37
letter-probability matrix: alength= 20 w= 12 nsites= 44 E= 2.4e+000
 0.000453 0.000036 0.000068 0.000131 0.000032 0.000263 0.000046 0.110941 0.000006 0.885865 0.000054 0.000222 0.000079 0.000178 0.000054 0.000849 0.000126 0.000551 0.000000 0.000045
 0.000453 0.000036 0.000068 0.000131 0.000032 0.000263 0.000046 0.000272 0.000006 0.000525 0.000054 0.000222 0.000079 0.000178 0.000054 0.969192 0.027792 0.000551 0.000000 0.000045
 0.000453 0.000036 0.000068 0.000131 0.000032 0.000263 0.000046 0.000272 0.000006 0.000525 0.000054 0.636559 0.000079 0.000178 0.000054 0.360521 0.000126 0.000551 0.000000 0.000045
 0.138786 0.000036 0.000068 0.000131 0.000032 0.000263 0.000046 0.000272 0.000006 0.000525 0.000054 0.000222 0.000079 0.442850 0.000054 0.056183 0.193793 0.166553 0.000000 0.000045
 0.000453 0.000036 0.000068 0.000131 0.000032 0.000263 0.000046 0.387607 0.000006 0.609199 0.000054 0.000222 0.000079 0.000178 0.000054 0.000849 0.000126 0.000551 0.000000 0.000045
 0.166455 0.000036 0.000068 0.000131 0.000032 0.000263 0.000046 0.000272 0.000006 0.000525 0.000054 0.249225 0.000079 0.000178 0.000054 0.581852 0.000126 0.000551 0.000000 0.000045
 0.000453 0.000036 0.027734 0.000131 0.000032 0.166266 0.000046 0.000272 0.000006 0.000525 0.000054 0.221557 0.000079 0.000178 0.000054 0.581854 0.000126 0.000551 0.000000 0.000045
 0.028119 0.000036 0.000068 0.000131 0.000032 0.000263 0.000046 0.000272 0.000006 0.111195 0.719393 0.000222 0.000079 0.000178 0.000054 0.000849 0.000126 0.138884 0.000000 0.000045
 0.636793 0.000036 0.000068 0.000131 0.000032 0.000263 0.000046 0.027938 0.000006 0.000525 0.000054 0.000222 0.000079 0.000178 0.000054 0.028516 0.000126 0.304886 0.000000 0.000045
 0.526126 0.000036 0.000068 0.000131 0.000032 0.000263 0.000046 0.000272 0.000006 0.000525 0.000054 0.000222 0.000079 0.000178 0.000054 0.471184 0.000126 0.000551 0.000000 0.000045
 0.304790 0.000036 0.000068 0.000131 0.000032 0.000263 0.000046 0.000272 0.000006 0.000525 0.000054 0.000222 0.000079 0.359846 0.000054 0.332853 0.000126 0.000551 0.000000 0.000045
 0.000453 0.000036 0.000068 0.000131 0.000032 0.000263 0.000046 0.581275 0.000006 0.000525 0.221391 0.000222 0.000079 0.000178 0.000054 0.000849 0.000126 0.194220 0.000000 0.000045

MOTIF 38-LSNSGAINESTAS STREME-38
letter-probability matrix: alength= 20 w= 13 nsites= 44 E= 2.4e+000
 0.000418 0.000034 0.000063 0.000121 0.000030 0.000243 0.000042 0.000251 0.000005 0.817977 0.000050 0.000205 0.000073 0.000165 0.000050 0.179607 0.000116 0.000509 0.000000 0.000042
 0.434711 0.000034 0.000063 0.000121 0.000030 0.000243 0.000042 0.000251 0.000005 0.000485 0.000050 0.000205 0.000073 0.000165 0.000050 0.562806 0.000116 0.000509 0.000000 0.000042
 0.000418 0.000034 0.178889 0.051213 0.000030 0.000243 0.000042 0.000251 0.000005 0.000485 0.000050 0.664417 0.000073 0.025711 0.000050 0.026330 0.051208 0.000509 0.000000 0.000042
 0.255883 0.000034 0.000063 0.000121 0.000030 0.000243 0.000042 0.000251 0.000005 0.153762 0.000050 0.000205 0.000073 0.000165 0.127783 0.383985 0.076754 0.000509 0.000000 0.000042
 0.025964 0.000034 0.000063 0.000121 0.000030 0.945465 0.000042 0.000251 0.000005 0.000485 0.000050 0.000205 0.000073 0.000165 0.000050 0.026330 0.000116 0.000509 0.000000 0.000042
 0.434706 0.000034 0.000063 0.000121 0.000030 0.000243 0.000042 0.000251 0.051098 0.000485 0.000050 0.025751 0.000073 0.102349 0.153332 0.077424 0.000116 0.153790 0.000000 0.000042
 0.000418 0.000034 0.000063 0.000121 0.000030 0.000243 0.000042 0.919927 0.000005 0.000485 0.000050 0.000205 0.000073 0.000165 0.000050 0.000784 0.000116 0.077147 0.000000 0.000042
 0.025964 0.000034 0.076701 0.000121 0.000030 0.000243 0.000042 0.000251 0.000005 0.000485 0.000050 0.562228 0.000073 0.000165 0.000050 0.205161 0.127847 0.000509 0.000000 0.000042
 0.051510 0.000034 0.025609 0.740975 0.051122 0.000243 0.000042 0.000251 0.000005 0.000485 0.000050 0.000205 0.000073 0.025711 0.000050 0.026330 0.025662 0.000509 0.000000 0.051134
 0.077056 0.000034 0.000063 0.025667 0.000030 0.051335 0.000042 0.000251 0.000005 0.000485 0.000050 0.051297 0.000073 0.000165 0.000050 0.716090 0.076756 0.000509 0.000000 0.000042
 0.000418 0.000034 0.000063 0.000121 0.000030 0.025789 0.000042 0.000251 0.000005 0.000485 0.000050 0.051297 0.000073 0.000165 0.000050 0.230701 0.689876 0.000509 0.000000 0.000042
 0.996732 0.000034 0.000063 0.000121 0.000030 0.000243 0.000042 0.000251 0.000005 0.000485 0.000050 0.000205 0.000073 0.000165 0.000050 0.000784 0.000116 0.000509 0.000000 0.000042
 0.000418 0.000034 0.000063 0.000121 0.000030 0.127974 0.000042 0.000251 0.000005 0.000485 0.000050 0.000205 0.000073 0.000165 0.000050 0.613901 0.178945 0.051601 0.000000 0.025588

MOTIF 39-SSGGP STREME-39
letter-probability matrix: alength= 20 w= 5 nsites= 48 E= 4.9e+000
 0.221934 0.000032 0.000061 0.000117 0.000028 0.000234 0.000041 0.000242 0.000005 0.000467 0.000048 0.000197 0.000070 0.000159 0.000048 0.603381 0.000112 0.172782 0.000000 0.000040
 0.000403 0.000032 0.000061 0.000117 0.000028 0.000234 0.000041 0.000242 0.000005 0.000467 0.000048 0.098642 0.000070 0.000159 0.000048 0.824930 0.000112 0.000490 0.000000 0.073871
 0.000403 0.000032 0.000061 0.000117 0.000028 0.996684 0.000041 0.000242 0.000005 0.000467 0.000048 0.000197 0.000070 0.000159 0.000048 0.000755 0.000112 0.000490 0.000000 0.000040
 0.000403 0.000032 0.000061 0.000117 0.000028 0.996684 0.000041 0.000242 0.000005 0.000467 0.000048 0.000197 0.000070 0.000159 0.000048 0.000755 0.000112 0.000490 0.000000 0.000040
 0.000403 0.000032 0.000061 0.000117 0.000028 0.000234 0.000041 0.000242 0.000005 0.000467 0.000048 0.000197 0.996520 0.000159 0.000048 0.000755 0.000112 0.000490 0.000000 0.000040

********************************************************************************
Stopped because 3 consecutive motifs exceeded the p-value threshold (0.05).
********************************************************************************
COMMAND:	streme --protein --p ./Data/v0_cluster_windows_15mers/cluster_0.fasta --minw 3 --maxw 15 --thresh 0.05 --oc ./Results/v0_Parallel_Run_20250503_171149/streme_out_cluster_0
********************************************************************************
CPU:		Hirokis-MacBook-Air.local
********************************************************************************
FINALTIME:	635.39 seconds
********************************************************************************
