********************************************************************************
STREME - Sensitive, Thorough, Rapid, Enriched Motif Elicitation
********************************************************************************
MEME version 5.5.7 (Release date: Wed Jun 19 13:59:04 2024 -0700)

For further information on how to interpret these results please access https://meme-suite.org/meme.
To get a copy of the MEME Suite software please access https://meme-suite.org.

********************************************************************************


********************************************************************************
REFERENCE
********************************************************************************
If you use this program in your research, please cite:

Timothy L. Bailey,
"STREME: accurate and versatile sequence motif discovery",
Bioinformatics, Mar. 24, 2021.
********************************************************************************


ALPHABET= ACDEFGHIKLMNPQRSTVWY

strands: +

Background letter frequencies
A 0.00333 C 8.12e-05 D 8.12e-05 E 8.12e-05 F 8.12e-05 G 0.523 H 8.12e-05 I 0.00333 K 8.12e-05 L 8.12e-05 M 8.12e-05 N 8.12e-05 P 0.192 Q 0.00982 R 8.12e-05 S 0.145 T 8.12e-05 V 8.12e-05 W 8.12e-05 Y 0.123 

MOTIF 1-PGGYGPGSSGPGGYG STREME-1
letter-probability matrix: alength= 20 w= 15 nsites= 41 S= 2.4e-024
 0.000303 0.000007 0.000007 0.000007 0.000007 0.047526 0.000007 0.000303 0.000007 0.000007 0.000007 0.000007 0.926509 0.000893 0.000007 0.013145 0.000007 0.000007 0.000007 0.011227
 0.000303 0.000007 0.000007 0.000007 0.000007 0.956617 0.000007 0.000303 0.000007 0.000007 0.000007 0.000007 0.017418 0.000893 0.000007 0.013145 0.000007 0.000007 0.000007 0.011227
 0.000303 0.000007 0.000007 0.000007 0.000007 0.956617 0.000007 0.000303 0.000007 0.000007 0.000007 0.000007 0.017418 0.000893 0.000007 0.013145 0.000007 0.000007 0.000007 0.011227
 0.000303 0.000007 0.000007 0.000007 0.000007 0.047526 0.000007 0.000303 0.000007 0.000007 0.000007 0.000007 0.017418 0.000893 0.000007 0.013145 0.000007 0.000007 0.000007 0.920318
 0.000303 0.000007 0.000007 0.000007 0.000007 0.956617 0.000007 0.000303 0.000007 0.000007 0.000007 0.000007 0.017418 0.000893 0.000007 0.013145 0.000007 0.000007 0.000007 0.011227
 0.000303 0.000007 0.000007 0.000007 0.000007 0.047526 0.000007 0.000303 0.000007 0.000007 0.000007 0.000007 0.926509 0.000893 0.000007 0.013145 0.000007 0.000007 0.000007 0.011227
 0.000303 0.000007 0.000007 0.000007 0.000007 0.956617 0.000007 0.000303 0.000007 0.000007 0.000007 0.000007 0.017418 0.000893 0.000007 0.013145 0.000007 0.000007 0.000007 0.011227
 0.000303 0.000007 0.000007 0.000007 0.000007 0.047526 0.000007 0.000303 0.000007 0.000007 0.000007 0.000007 0.017418 0.000893 0.000007 0.922236 0.000007 0.000007 0.000007 0.011227
 0.000303 0.000007 0.000007 0.000007 0.000007 0.047526 0.000007 0.000303 0.000007 0.000007 0.000007 0.000007 0.017418 0.000893 0.000007 0.922236 0.000007 0.000007 0.000007 0.011227
 0.000303 0.000007 0.000007 0.000007 0.000007 0.956617 0.000007 0.000303 0.000007 0.000007 0.000007 0.000007 0.017418 0.000893 0.000007 0.013145 0.000007 0.000007 0.000007 0.011227
 0.000303 0.000007 0.000007 0.000007 0.000007 0.047526 0.000007 0.000303 0.000007 0.000007 0.000007 0.000007 0.926509 0.000893 0.000007 0.013145 0.000007 0.000007 0.000007 0.011227
 0.000303 0.000007 0.000007 0.000007 0.000007 0.956617 0.000007 0.000303 0.000007 0.000007 0.000007 0.000007 0.017418 0.000893 0.000007 0.013145 0.000007 0.000007 0.000007 0.011227
 0.000303 0.000007 0.000007 0.000007 0.000007 0.956617 0.000007 0.000303 0.000007 0.000007 0.000007 0.000007 0.017418 0.000893 0.000007 0.013145 0.000007 0.000007 0.000007 0.011227
 0.000303 0.000007 0.000007 0.000007 0.000007 0.047526 0.000007 0.000303 0.000007 0.000007 0.000007 0.000007 0.017418 0.000893 0.000007 0.013145 0.000007 0.000007 0.000007 0.920318
 0.000303 0.000007 0.000007 0.000007 0.000007 0.956617 0.000007 0.000303 0.000007 0.000007 0.000007 0.000007 0.017418 0.000893 0.000007 0.013145 0.000007 0.000007 0.000007 0.011227

MOTIF 2-IIS STREME-2
letter-probability matrix: alength= 20 w= 3 nsites= 1 S= 5.0e-001
 0.000420 0.000010 0.000010 0.000010 0.000010 0.065913 0.000010 0.874340 0.000010 0.000010 0.000010 0.000010 0.024156 0.001238 0.000010 0.018231 0.000010 0.000010 0.000010 0.015570
 0.000420 0.000010 0.000010 0.000010 0.000010 0.065913 0.000010 0.874340 0.000010 0.000010 0.000010 0.000010 0.024156 0.001238 0.000010 0.018231 0.000010 0.000010 0.000010 0.015570
 0.000420 0.000010 0.000010 0.000010 0.000010 0.065913 0.000010 0.000420 0.000010 0.000010 0.000010 0.000010 0.024156 0.001238 0.000010 0.892151 0.000010 0.000010 0.000010 0.015570

********************************************************************************
Stopped because the next motif had no positive sites with scores > 0.
********************************************************************************
COMMAND:	streme --protein --p ./Data/v1_cluster_windows_15mers/cluster_20481.fasta --minw 3 --maxw 15 --thresh 0.05 --oc ./Results/v1_Top500_Run_20250504_162200/streme_out_cluster_20481
********************************************************************************
CPU:		Hirokis-MacBook-Air.local
********************************************************************************
FINALTIME:	0.16 seconds
********************************************************************************
