********************************************************************************
STREME - Sensitive, Thorough, Rapid, Enriched Motif Elicitation
********************************************************************************
MEME version 5.5.7 (Release date: Wed Jun 19 13:59:04 2024 -0700)

For further information on how to interpret these results please access https://meme-suite.org/meme.
To get a copy of the MEME Suite software please access https://meme-suite.org.

********************************************************************************


********************************************************************************
REFERENCE
********************************************************************************
If you use this program in your research, please cite:

Timothy L. Bailey,
"STREME: accurate and versatile sequence motif discovery",
Bioinformatics, Mar. 24, 2021.
********************************************************************************


ALPHABET= ACDEFGHIKLMNPQRSTVWY

strands: +

Background letter frequencies
A 0.124 C 7.92e-05 D 0.00166 E 0.00166 F 0.0555 G 0.442 H 7.92e-05 I 7.92e-05 K 7.92e-05 L 7.92e-05 M 7.92e-05 N 0.00325 P 0.00166 Q 0.0666 R 0.00483 S 0.241 T 7.92e-05 V 0.00166 W 7.92e-05 Y 0.0555 

MOTIF 1-SGGSGAGQGF STREME-1
letter-probability matrix: alength= 20 w= 10 nsites= 42 S= 6.0e-025
 0.011245 0.000007 0.000151 0.000151 0.005050 0.040199 0.000007 0.000007 0.000007 0.000007 0.000007 0.000295 0.000151 0.006058 0.000439 0.931000 0.000007 0.000151 0.000007 0.005050
 0.011245 0.000007 0.000151 0.000151 0.005050 0.949290 0.000007 0.000007 0.000007 0.000007 0.000007 0.000295 0.000151 0.006058 0.000439 0.021909 0.000007 0.000151 0.000007 0.005050
 0.011245 0.000007 0.000151 0.000151 0.005050 0.949290 0.000007 0.000007 0.000007 0.000007 0.000007 0.000295 0.000151 0.006058 0.000439 0.021909 0.000007 0.000151 0.000007 0.005050
 0.011245 0.000007 0.000151 0.000151 0.005050 0.040199 0.000007 0.000007 0.000007 0.000007 0.000007 0.000295 0.000151 0.006058 0.000439 0.931000 0.000007 0.000151 0.000007 0.005050
 0.011245 0.000007 0.000151 0.000151 0.005050 0.949290 0.000007 0.000007 0.000007 0.000007 0.000007 0.000295 0.000151 0.006058 0.000439 0.021909 0.000007 0.000151 0.000007 0.005050
 0.920336 0.000007 0.000151 0.000151 0.005050 0.040199 0.000007 0.000007 0.000007 0.000007 0.000007 0.000295 0.000151 0.006058 0.000439 0.021909 0.000007 0.000151 0.000007 0.005050
 0.011245 0.000007 0.000151 0.000151 0.005050 0.949290 0.000007 0.000007 0.000007 0.000007 0.000007 0.000295 0.000151 0.006058 0.000439 0.021909 0.000007 0.000151 0.000007 0.005050
 0.011245 0.000007 0.000151 0.000151 0.005050 0.040199 0.000007 0.000007 0.000007 0.000007 0.000007 0.000295 0.000151 0.915149 0.000439 0.021909 0.000007 0.000151 0.000007 0.005050
 0.011245 0.000007 0.000151 0.000151 0.005050 0.949290 0.000007 0.000007 0.000007 0.000007 0.000007 0.000295 0.000151 0.006058 0.000439 0.021909 0.000007 0.000151 0.000007 0.005050
 0.011245 0.000007 0.000151 0.000151 0.914141 0.040199 0.000007 0.000007 0.000007 0.000007 0.000007 0.000295 0.000151 0.006058 0.000439 0.021909 0.000007 0.000151 0.000007 0.005050

MOTIF 2-AASGS STREME-2
letter-probability matrix: alength= 20 w= 5 nsites= 8 S= 2.7e-003
 0.984876 0.000001 0.000029 0.000029 0.000959 0.007632 0.000001 0.000001 0.000001 0.000001 0.000001 0.000056 0.000029 0.001150 0.000083 0.004159 0.000001 0.000029 0.000001 0.000959
 0.984876 0.000001 0.000029 0.000029 0.000959 0.007632 0.000001 0.000001 0.000001 0.000001 0.000001 0.000056 0.000029 0.001150 0.000083 0.004159 0.000001 0.000029 0.000001 0.000959
 0.002135 0.000001 0.000029 0.000029 0.000959 0.007632 0.000001 0.000001 0.000001 0.000001 0.000001 0.000056 0.000029 0.001150 0.000083 0.986901 0.000001 0.000029 0.000001 0.000959
 0.002135 0.000001 0.000029 0.000029 0.000959 0.990373 0.000001 0.000001 0.000001 0.000001 0.000001 0.000056 0.000029 0.001150 0.000083 0.004159 0.000001 0.000029 0.000001 0.000959
 0.493506 0.000001 0.000029 0.000029 0.000959 0.007632 0.000001 0.000001 0.000001 0.000001 0.000001 0.000056 0.000029 0.001150 0.000083 0.495530 0.000001 0.000029 0.000001 0.000959

MOTIF 3-YGGG STREME-3
letter-probability matrix: alength= 20 w= 4 nsites= 13 S= 5.4e-003
 0.011245 0.000007 0.000151 0.000151 0.005050 0.040199 0.000007 0.000007 0.000007 0.000007 0.000007 0.000295 0.000151 0.006058 0.000439 0.021909 0.000007 0.000151 0.000007 0.914141
 0.011245 0.000007 0.000151 0.000151 0.005050 0.949290 0.000007 0.000007 0.000007 0.000007 0.000007 0.000295 0.000151 0.006058 0.000439 0.021909 0.000007 0.000151 0.000007 0.005050
 0.011245 0.000007 0.000151 0.000151 0.005050 0.949290 0.000007 0.000007 0.000007 0.000007 0.000007 0.000295 0.000151 0.006058 0.000439 0.021909 0.000007 0.000151 0.000007 0.005050
 0.011245 0.000007 0.000151 0.000151 0.005050 0.949290 0.000007 0.000007 0.000007 0.000007 0.000007 0.000295 0.000151 0.006058 0.000439 0.021909 0.000007 0.000151 0.000007 0.005050

MOTIF 4-YNG STREME-4
letter-probability matrix: alength= 20 w= 3 nsites= 2 S= 2.5e-001
 0.011245 0.000007 0.000151 0.000151 0.005050 0.040199 0.000007 0.000007 0.000007 0.000007 0.000007 0.000295 0.000151 0.006058 0.000439 0.021909 0.000007 0.000151 0.000007 0.914141
 0.011245 0.000007 0.000151 0.000151 0.005050 0.040199 0.000007 0.000007 0.000007 0.000007 0.000007 0.909386 0.000151 0.006058 0.000439 0.021909 0.000007 0.000151 0.000007 0.005050
 0.011245 0.000007 0.000151 0.000151 0.005050 0.949290 0.000007 0.000007 0.000007 0.000007 0.000007 0.000295 0.000151 0.006058 0.000439 0.021909 0.000007 0.000151 0.000007 0.005050

MOTIF 5-SASGS STREME-5
letter-probability matrix: alength= 20 w= 5 nsites= 3 S= 3.1e-001
 0.011245 0.000007 0.000151 0.000151 0.005050 0.040199 0.000007 0.000007 0.000007 0.000007 0.000007 0.000295 0.000151 0.006058 0.000439 0.931000 0.000007 0.000151 0.000007 0.005050
 0.920336 0.000007 0.000151 0.000151 0.005050 0.040199 0.000007 0.000007 0.000007 0.000007 0.000007 0.000295 0.000151 0.006058 0.000439 0.021909 0.000007 0.000151 0.000007 0.005050
 0.011245 0.000007 0.000151 0.000151 0.005050 0.040199 0.000007 0.000007 0.000007 0.000007 0.000007 0.000295 0.000151 0.006058 0.000439 0.931000 0.000007 0.000151 0.000007 0.005050
 0.011245 0.000007 0.000151 0.000151 0.005050 0.949290 0.000007 0.000007 0.000007 0.000007 0.000007 0.000295 0.000151 0.006058 0.000439 0.021909 0.000007 0.000151 0.000007 0.005050
 0.011245 0.000007 0.000151 0.000151 0.005050 0.040199 0.000007 0.000007 0.000007 0.000007 0.000007 0.000295 0.000151 0.006058 0.000439 0.931000 0.000007 0.000151 0.000007 0.005050

********************************************************************************
Stopped because maximum number of motifs (5) reached.
********************************************************************************
COMMAND:	streme --protein --p ./Data/v1_cluster_windows_15mers/cluster_15378.fasta --minw 3 --maxw 15 --thresh 0.05 --oc ./Results/v1_Top500_Run_20250504_162200/streme_out_cluster_15378
********************************************************************************
CPU:		Hirokis-MacBook-Air.local
********************************************************************************
FINALTIME:	0.15 seconds
********************************************************************************
