********************************************************************************
STREME - Sensitive, Thorough, Rapid, Enriched Motif Elicitation
********************************************************************************
MEME version 5.5.7 (Release date: Wed Jun 19 13:59:04 2024 -0700)

For further information on how to interpret these results please access https://meme-suite.org/meme.
To get a copy of the MEME Suite software please access https://meme-suite.org.

********************************************************************************


********************************************************************************
REFERENCE
********************************************************************************
If you use this program in your research, please cite:

Timothy L. Bailey,
"STREME: accurate and versatile sequence motif discovery",
Bioinformatics, Mar. 24, 2021.
********************************************************************************


ALPHABET= ACDEFGHIKLMNPQRSTVWY

strands: +

Background letter frequencies
A 0.0939 C 8.53e-05 D 8.53e-05 E 8.53e-05 F 8.53e-05 G 0.00179 H 8.53e-05 I 0.0376 K 8.53e-05 L 0.0137 M 0.0393 N 0.0035 P 0.0666 Q 0.0666 R 0.135 S 0.432 T 0.00179 V 0.108 W 8.53e-05 Y 8.53e-05 

MOTIF 1-RISSPSSQSRVSSAV STREME-1
letter-probability matrix: alength= 20 w= 15 nsites= 39 S= 3.7e-023
 0.008540 0.000008 0.000008 0.000008 0.000008 0.000163 0.000008 0.003421 0.000008 0.001249 0.003576 0.000318 0.006058 0.006058 0.921355 0.039255 0.000163 0.009782 0.000008 0.000008
 0.008540 0.000008 0.000008 0.000008 0.000008 0.000163 0.000008 0.912512 0.000008 0.001249 0.003576 0.000318 0.006058 0.006058 0.012264 0.039255 0.000163 0.009782 0.000008 0.000008
 0.008540 0.000008 0.000008 0.000008 0.000008 0.000163 0.000008 0.003421 0.000008 0.001249 0.003576 0.000318 0.006058 0.006058 0.012264 0.948346 0.000163 0.009782 0.000008 0.000008
 0.008540 0.000008 0.000008 0.000008 0.000008 0.000163 0.000008 0.003421 0.000008 0.001249 0.003576 0.000318 0.006058 0.006058 0.012264 0.948346 0.000163 0.009782 0.000008 0.000008
 0.008540 0.000008 0.000008 0.000008 0.000008 0.000163 0.000008 0.003421 0.000008 0.001249 0.003576 0.000318 0.915149 0.006058 0.012264 0.039255 0.000163 0.009782 0.000008 0.000008
 0.008540 0.000008 0.000008 0.000008 0.000008 0.000163 0.000008 0.003421 0.000008 0.001249 0.003576 0.000318 0.006058 0.006058 0.012264 0.948346 0.000163 0.009782 0.000008 0.000008
 0.008540 0.000008 0.000008 0.000008 0.000008 0.000163 0.000008 0.003421 0.000008 0.001249 0.003576 0.000318 0.006058 0.006058 0.012264 0.948346 0.000163 0.009782 0.000008 0.000008
 0.008540 0.000008 0.000008 0.000008 0.000008 0.000163 0.000008 0.003421 0.000008 0.001249 0.003576 0.000318 0.006058 0.915149 0.012264 0.039255 0.000163 0.009782 0.000008 0.000008
 0.008540 0.000008 0.000008 0.000008 0.000008 0.000163 0.000008 0.003421 0.000008 0.001249 0.003576 0.000318 0.006058 0.006058 0.012264 0.948346 0.000163 0.009782 0.000008 0.000008
 0.008540 0.000008 0.000008 0.000008 0.000008 0.000163 0.000008 0.003421 0.000008 0.001249 0.003576 0.000318 0.006058 0.006058 0.921355 0.039255 0.000163 0.009782 0.000008 0.000008
 0.008540 0.000008 0.000008 0.000008 0.000008 0.000163 0.000008 0.003421 0.000008 0.001249 0.003576 0.000318 0.006058 0.006058 0.012264 0.039255 0.000163 0.918873 0.000008 0.000008
 0.008540 0.000008 0.000008 0.000008 0.000008 0.000163 0.000008 0.003421 0.000008 0.001249 0.003576 0.000318 0.006058 0.006058 0.012264 0.948346 0.000163 0.009782 0.000008 0.000008
 0.008540 0.000008 0.000008 0.000008 0.000008 0.000163 0.000008 0.003421 0.000008 0.001249 0.003576 0.000318 0.006058 0.006058 0.012264 0.948346 0.000163 0.009782 0.000008 0.000008
 0.917631 0.000008 0.000008 0.000008 0.000008 0.000163 0.000008 0.003421 0.000008 0.001249 0.003576 0.000318 0.006058 0.006058 0.012264 0.039255 0.000163 0.009782 0.000008 0.000008
 0.008540 0.000008 0.000008 0.000008 0.000008 0.000163 0.000008 0.003421 0.000008 0.001249 0.003576 0.000318 0.006058 0.006058 0.012264 0.039255 0.000163 0.918873 0.000008 0.000008

********************************************************************************
Stopped because the next motif had no positive sites with scores > 0.
********************************************************************************
COMMAND:	streme --protein --p ./Data/v1_cluster_windows_15mers/cluster_8546.fasta --minw 3 --maxw 15 --thresh 0.05 --oc ./Results/v1_Top500_Run_20250504_162200/streme_out_cluster_8546
********************************************************************************
CPU:		Hirokis-MacBook-Air.local
********************************************************************************
FINALTIME:	0.16 seconds
********************************************************************************
