********************************************************************************
STREME - Sensitive, Thorough, Rapid, Enriched Motif Elicitation
********************************************************************************
MEME version 5.5.7 (Release date: Wed Jun 19 13:59:04 2024 -0700)

For further information on how to interpret these results please access https://meme-suite.org/meme.
To get a copy of the MEME Suite software please access https://meme-suite.org.

********************************************************************************


********************************************************************************
REFERENCE
********************************************************************************
If you use this program in your research, please cite:

Timothy L. Bailey,
"STREME: accurate and versatile sequence motif discovery",
Bioinformatics, Mar. 24, 2021.
********************************************************************************


ALPHABET= ACDEFGHIKLMNPQRSTVWY

strands: +

Background letter frequencies
A 0.39 C 9.23e-05 D 0.00472 E 0.00272 F 0.00267 G 0.374 H 0.000123 I 0.00257 K 0.000417 L 0.00702 M 0.000294 N 0.00278 P 0.0115 Q 0.0301 R 0.00885 S 0.0904 T 0.0174 V 0.0166 W 0.000114 Y 0.0373 

MOTIF 1-GAGAGAGAGAG STREME-1
letter-probability matrix: alength= 20 w= 11 nsites= 7877 E= 4.1e-195
 0.000008 0.000000 0.002999 0.002285 0.001999 0.976407 0.000000 0.000000 0.000000 0.003999 0.000000 0.000000 0.000000 0.000001 0.006015 0.001287 0.000000 0.004999 0.000000 0.000001
 0.346946 0.000143 0.001999 0.002428 0.011283 0.000008 0.000857 0.006284 0.000857 0.024524 0.000000 0.001714 0.000000 0.079418 0.010716 0.168036 0.022744 0.032663 0.000000 0.289383
 0.000008 0.000000 0.005712 0.001142 0.000714 0.974202 0.000000 0.000000 0.000000 0.000000 0.000000 0.000000 0.000000 0.000001 0.002285 0.012934 0.000000 0.002999 0.000000 0.000001
 0.707371 0.000000 0.003927 0.001999 0.000143 0.000008 0.000000 0.001714 0.000000 0.001285 0.000000 0.001000 0.013853 0.138236 0.010858 0.073202 0.029363 0.017041 0.000000 0.000001
 0.093765 0.000000 0.004427 0.002856 0.000000 0.847414 0.000000 0.000000 0.000000 0.000000 0.000000 0.000857 0.000000 0.000001 0.004998 0.036225 0.000000 0.009455 0.000000 0.000001
 0.782509 0.000286 0.002285 0.000000 0.004998 0.000008 0.000000 0.005284 0.000000 0.009997 0.000428 0.000000 0.000000 0.009140 0.004284 0.117660 0.027274 0.023136 0.000000 0.012711
 0.213398 0.000857 0.001857 0.000000 0.000714 0.728197 0.000000 0.000000 0.000000 0.000429 0.000000 0.001142 0.000000 0.000001 0.004427 0.040980 0.000857 0.007141 0.000000 0.000001
 0.851526 0.000000 0.002285 0.001714 0.001428 0.002864 0.000000 0.001428 0.000000 0.000429 0.000857 0.001857 0.000000 0.004285 0.003428 0.074538 0.021085 0.012710 0.000286 0.019282
 0.195273 0.000000 0.002571 0.001285 0.001571 0.720289 0.000000 0.000000 0.000000 0.001143 0.000000 0.000428 0.000000 0.000001 0.005855 0.057193 0.007935 0.005314 0.000000 0.001143
 0.653919 0.000000 0.001143 0.001285 0.003570 0.050019 0.000000 0.004285 0.000000 0.012854 0.000286 0.000143 0.001571 0.009999 0.006712 0.120725 0.039528 0.038433 0.000000 0.055529
 0.243825 0.000000 0.002285 0.002571 0.001000 0.651005 0.000000 0.001714 0.000000 0.003142 0.000000 0.000428 0.000000 0.000001 0.006284 0.050073 0.009820 0.013165 0.000000 0.014689

MOTIF 2-ASAAAAAA STREME-2
letter-probability matrix: alength= 20 w= 8 nsites= 2331 E= 1.3e-035
 0.702855 0.000000 0.013892 0.000000 0.006694 0.058251 0.000000 0.000000 0.000000 0.000001 0.000000 0.000000 0.014717 0.000003 0.000001 0.181524 0.021654 0.000402 0.000000 0.000004
 0.362309 0.000000 0.000001 0.000000 0.000000 0.034713 0.000000 0.000000 0.000000 0.000001 0.000000 0.002263 0.000001 0.000003 0.000001 0.576912 0.018753 0.005038 0.000000 0.000004
 0.938665 0.000000 0.000001 0.008927 0.000000 0.000040 0.000000 0.000000 0.000000 0.000001 0.000000 0.000000 0.000001 0.000003 0.000001 0.020218 0.000002 0.032136 0.000000 0.000004
 0.869677 0.000000 0.000001 0.000000 0.000000 0.000040 0.000000 0.000000 0.000000 0.000001 0.000000 0.000000 0.000001 0.000003 0.000001 0.076607 0.046411 0.007253 0.000000 0.000004
 0.917974 0.000000 0.000001 0.000000 0.000000 0.001237 0.000000 0.000000 0.000000 0.000001 0.000000 0.000000 0.000001 0.000003 0.000001 0.057925 0.022850 0.000002 0.000000 0.000004
 0.887207 0.000000 0.000001 0.000000 0.000000 0.000040 0.000000 0.000000 0.000000 0.000001 0.000000 0.000000 0.000001 0.000003 0.000001 0.111993 0.000002 0.000002 0.000000 0.000748
 0.801169 0.000000 0.000001 0.000000 0.000000 0.075498 0.000000 0.003719 0.000000 0.000001 0.000000 0.000000 0.000001 0.000003 0.000001 0.075970 0.042028 0.001604 0.000000 0.000004
 0.840470 0.000000 0.000001 0.000000 0.000000 0.012221 0.000000 0.008926 0.000000 0.000001 0.000000 0.000000 0.000001 0.000003 0.000001 0.076106 0.022781 0.035765 0.000000 0.003723

MOTIF 3-AGGYGQG STREME-3
letter-probability matrix: alength= 20 w= 7 nsites= 1165 E= 4.0e-021
 0.712225 0.000000 0.000001 0.000000 0.006369 0.008549 0.000000 0.000000 0.000000 0.011056 0.000000 0.000000 0.082127 0.119141 0.000001 0.018058 0.015924 0.011679 0.000000 0.014868
 0.160398 0.000000 0.000001 0.000000 0.000000 0.739417 0.000000 0.000000 0.000000 0.001062 0.000000 0.004246 0.000002 0.000005 0.022293 0.055580 0.000003 0.016986 0.000000 0.000006
 0.022708 0.000000 0.000001 0.000000 0.000000 0.748762 0.000000 0.002123 0.000000 0.008493 0.000000 0.002123 0.118926 0.060529 0.000001 0.036323 0.000003 0.000003 0.000000 0.000006
 0.297356 0.000000 0.000001 0.000000 0.022732 0.000057 0.000000 0.000000 0.000000 0.000001 0.000000 0.000000 0.000002 0.069022 0.000001 0.057437 0.000003 0.003187 0.000000 0.550200
 0.000060 0.000000 0.000001 0.000000 0.000000 0.985043 0.000000 0.000000 0.000000 0.000001 0.000000 0.000000 0.000002 0.000005 0.014862 0.000014 0.000003 0.000003 0.000000 0.000006
 0.000060 0.000000 0.002124 0.006810 0.000000 0.000057 0.000000 0.000000 0.004246 0.005749 0.000000 0.000000 0.310263 0.558451 0.079102 0.001280 0.025480 0.006372 0.000000 0.000006
 0.042858 0.000000 0.000001 0.000000 0.000000 0.887391 0.000000 0.000000 0.000000 0.000001 0.000000 0.000000 0.000002 0.007435 0.014862 0.025489 0.000003 0.021952 0.000000 0.000006

MOTIF 4-SGPG STREME-4
letter-probability matrix: alength= 20 w= 4 nsites= 537 E= 1.5e-011
 0.000263 0.000000 0.003233 0.001342 0.015607 0.004882 0.000000 0.003232 0.000000 0.001749 0.000000 0.007803 0.000005 0.144568 0.003234 0.410798 0.019175 0.005429 0.000000 0.378680
 0.000187 0.000000 0.000002 0.000001 0.000001 0.996473 0.000000 0.000001 0.000000 0.003234 0.000000 0.000001 0.000005 0.000014 0.000004 0.000042 0.000008 0.000008 0.000000 0.000017
 0.000182 0.000000 0.000002 0.000001 0.000001 0.000174 0.000000 0.000001 0.000000 0.000003 0.000000 0.000001 0.999539 0.000014 0.000004 0.000042 0.000008 0.000008 0.000000 0.000017
 0.001061 0.000000 0.000002 0.000001 0.000001 0.915711 0.000000 0.000001 0.000000 0.009695 0.000000 0.000001 0.000005 0.000014 0.000004 0.028810 0.000008 0.003238 0.000000 0.041447

MOTIF 5-AGAGAGGAGGYG STREME-5
letter-probability matrix: alength= 20 w= 12 nsites= 400 E= 4.3e-010
 0.941871 0.000000 0.002758 0.000001 0.000001 0.000149 0.000000 0.000001 0.000000 0.000003 0.000000 0.000001 0.000005 0.002768 0.000004 0.041384 0.000007 0.000007 0.000000 0.011041
 0.243898 0.000000 0.000002 0.000001 0.000001 0.655623 0.000000 0.000001 0.002757 0.000003 0.000000 0.000001 0.000005 0.000012 0.000004 0.075613 0.008276 0.013789 0.000000 0.000015
 0.917061 0.000000 0.000002 0.000001 0.000001 0.000149 0.000000 0.000001 0.000000 0.000003 0.000000 0.000001 0.000005 0.000012 0.000004 0.077220 0.000007 0.005520 0.000000 0.000015
 0.180492 0.000000 0.000002 0.013784 0.000001 0.714665 0.000000 0.000001 0.000000 0.000003 0.000000 0.000001 0.000005 0.000012 0.002760 0.079976 0.000007 0.008276 0.000000 0.000015
 0.972192 0.000000 0.000002 0.000001 0.000001 0.000149 0.000000 0.000001 0.000000 0.005516 0.000000 0.000001 0.000005 0.000012 0.000004 0.011062 0.011033 0.000007 0.000000 0.000015
 0.135487 0.000000 0.000002 0.000001 0.000001 0.809289 0.000000 0.000001 0.000000 0.002759 0.000000 0.005514 0.000005 0.000012 0.000004 0.011062 0.000007 0.035842 0.000000 0.000015
 0.226240 0.000000 0.000002 0.000001 0.000001 0.611028 0.000000 0.000001 0.000000 0.000003 0.000000 0.027568 0.000005 0.005525 0.016543 0.063437 0.016546 0.033085 0.000000 0.000015
 0.845391 0.000000 0.000002 0.000001 0.000001 0.013932 0.000000 0.000001 0.000000 0.011029 0.000000 0.002758 0.000005 0.027577 0.005517 0.041385 0.011033 0.030329 0.000000 0.011041
 0.037136 0.000000 0.000002 0.005514 0.000001 0.899370 0.000000 0.000001 0.000000 0.000003 0.000000 0.000001 0.000005 0.000012 0.024812 0.033115 0.000007 0.000007 0.000000 0.000015
 0.000155 0.000000 0.002758 0.005514 0.000001 0.972186 0.000000 0.000001 0.000000 0.002759 0.000000 0.000001 0.000005 0.002768 0.005517 0.000036 0.000007 0.008276 0.000000 0.000015
 0.000155 0.000000 0.000002 0.000001 0.022053 0.000149 0.000000 0.000001 0.000000 0.000003 0.000000 0.000001 0.000005 0.063425 0.019299 0.000036 0.000007 0.000007 0.000000 0.894855
 0.000155 0.000000 0.005515 0.000001 0.000001 0.914298 0.000000 0.000001 0.000000 0.002759 0.000000 0.000001 0.000005 0.000012 0.016543 0.057924 0.000007 0.002763 0.000000 0.000015

MOTIF 6-GYGQ STREME-6
letter-probability matrix: alength= 20 w= 4 nsites= 418 E= 8.8e-010
 0.000261 0.000000 0.004635 0.013898 0.001924 0.869623 0.000000 0.000002 0.000000 0.000005 0.000000 0.004634 0.000008 0.006540 0.014795 0.059573 0.000012 0.019434 0.004632 0.000025
 0.000261 0.000000 0.000003 0.000002 0.000002 0.000250 0.000000 0.000002 0.000000 0.000005 0.000000 0.000002 0.000008 0.000020 0.000006 0.000060 0.000012 0.000011 0.000000 0.999357
 0.000261 0.000000 0.000003 0.000002 0.000002 0.906552 0.000000 0.000002 0.000000 0.000005 0.000000 0.000002 0.000008 0.000020 0.000006 0.093090 0.000012 0.000011 0.000000 0.000025
 0.000261 0.000000 0.000003 0.000002 0.000002 0.000250 0.000000 0.000002 0.000000 0.000005 0.000000 0.000002 0.000008 0.999352 0.000006 0.000060 0.000012 0.000011 0.000000 0.000025

MOTIF 7-AGAGQGGY STREME-7
letter-probability matrix: alength= 20 w= 8 nsites= 187 E= 1.9e-003
 0.773319 0.000000 0.000006 0.000003 0.000003 0.035164 0.000000 0.000003 0.000000 0.000008 0.000000 0.000003 0.000014 0.094572 0.000011 0.033230 0.024862 0.000020 0.000000 0.038781
 0.083273 0.000000 0.008286 0.008284 0.000003 0.841922 0.000000 0.000003 0.008281 0.000008 0.000000 0.000003 0.000014 0.000036 0.008291 0.041510 0.000021 0.000020 0.000000 0.000045
 0.746375 0.000000 0.000006 0.000003 0.000003 0.062887 0.000000 0.000003 0.000000 0.000008 0.000000 0.000003 0.000014 0.041439 0.000011 0.041512 0.033143 0.066267 0.000000 0.008325
 0.017027 0.000000 0.008286 0.000003 0.000003 0.966130 0.000000 0.000003 0.000000 0.000008 0.000000 0.000003 0.000014 0.000036 0.008291 0.000108 0.000021 0.000020 0.000000 0.000045
 0.098822 0.000000 0.000006 0.000003 0.008283 0.000470 0.000000 0.000003 0.000000 0.000008 0.000000 0.000003 0.000014 0.875621 0.000011 0.016669 0.000021 0.000020 0.000000 0.000045
 0.054637 0.000000 0.016566 0.000003 0.000003 0.853998 0.000000 0.008283 0.000000 0.000008 0.000000 0.000003 0.000014 0.000036 0.008291 0.049791 0.008301 0.000020 0.000000 0.000045
 0.008747 0.000000 0.000006 0.000003 0.000003 0.982691 0.000000 0.000003 0.000000 0.000008 0.000000 0.000003 0.000014 0.000036 0.000011 0.008388 0.000021 0.000020 0.000000 0.000045
 0.000466 0.000000 0.000006 0.000003 0.016564 0.000447 0.000000 0.000003 0.000000 0.008289 0.000000 0.000003 0.000014 0.000036 0.082833 0.000108 0.000021 0.000020 0.000000 0.891186

MOTIF 8-GYGP STREME-8
letter-probability matrix: alength= 20 w= 4 nsites= 84 E= 4.3e-003
 0.035497 0.000008 0.000429 0.000247 0.000242 0.943079 0.000011 0.000233 0.000038 0.000638 0.000027 0.000253 0.001042 0.002734 0.000805 0.008221 0.001582 0.001510 0.000010 0.003393
 0.035497 0.000008 0.000429 0.000247 0.000242 0.033988 0.000011 0.000233 0.000038 0.000638 0.000027 0.000253 0.001042 0.002734 0.000805 0.008221 0.001582 0.001510 0.000010 0.912484
 0.035497 0.000008 0.000429 0.000247 0.000242 0.943079 0.000011 0.000233 0.000038 0.000638 0.000027 0.000253 0.001042 0.002734 0.000805 0.008221 0.001582 0.001510 0.000010 0.003393
 0.035497 0.000008 0.000429 0.000247 0.000242 0.033988 0.000011 0.000233 0.000038 0.000638 0.000027 0.000253 0.910133 0.002734 0.000805 0.008221 0.001582 0.001510 0.000010 0.003393

MOTIF 9-GAAAAAGAGAGA STREME-9
letter-probability matrix: alength= 20 w= 12 nsites= 126 E= 8.6e-003
 0.039521 0.000000 0.000007 0.000004 0.000004 0.897651 0.000000 0.000004 0.000001 0.000010 0.000000 0.000004 0.000016 0.000042 0.000012 0.062624 0.000024 0.000023 0.000000 0.000052
 0.989402 0.000000 0.000007 0.000004 0.000004 0.000525 0.000000 0.000004 0.000001 0.000010 0.000000 0.000004 0.000016 0.000042 0.000012 0.009869 0.000024 0.000023 0.000000 0.000052
 0.999143 0.000000 0.000007 0.000004 0.000004 0.000525 0.000000 0.000004 0.000001 0.000010 0.000000 0.000004 0.000016 0.000042 0.000012 0.000127 0.000024 0.000023 0.000000 0.000052
 0.930950 0.000000 0.000007 0.000004 0.000004 0.000525 0.000000 0.000004 0.000001 0.000010 0.000000 0.000004 0.000016 0.000042 0.000012 0.068321 0.000024 0.000023 0.000000 0.000052
 0.743457 0.000000 0.000007 0.000004 0.000004 0.197760 0.000000 0.000004 0.000001 0.000010 0.000000 0.000004 0.000016 0.000042 0.000012 0.000127 0.009766 0.048734 0.000000 0.000052
 0.960176 0.000000 0.000007 0.000004 0.000004 0.000525 0.000000 0.000004 0.000001 0.000010 0.000000 0.000004 0.000016 0.000042 0.000012 0.019611 0.000024 0.019507 0.000000 0.000052
 0.306627 0.000000 0.000007 0.000004 0.000004 0.634592 0.000000 0.000004 0.000001 0.000010 0.000000 0.000004 0.000016 0.000042 0.000012 0.000127 0.058475 0.000023 0.000000 0.000052
 0.989402 0.000000 0.000007 0.000004 0.000004 0.000525 0.000000 0.000004 0.000001 0.000010 0.000000 0.000004 0.000016 0.000042 0.000012 0.000127 0.000024 0.009765 0.000000 0.000052
 0.000549 0.000000 0.048717 0.000004 0.000004 0.950409 0.000000 0.000004 0.000001 0.000010 0.000000 0.000004 0.000016 0.000042 0.000012 0.000127 0.000024 0.000023 0.000000 0.000052
 0.940693 0.000000 0.000007 0.000004 0.000004 0.000525 0.000000 0.000004 0.000001 0.000010 0.000000 0.000004 0.000016 0.000042 0.009754 0.048836 0.000024 0.000023 0.000000 0.000052
 0.000549 0.000000 0.000007 0.009745 0.000004 0.969895 0.000000 0.000004 0.000001 0.000010 0.000000 0.000004 0.000016 0.000042 0.000012 0.009869 0.000024 0.009765 0.000000 0.000052
 0.579502 0.000000 0.000007 0.000004 0.000004 0.139306 0.000000 0.000004 0.000001 0.000010 0.000000 0.000004 0.000016 0.082020 0.038980 0.082107 0.077960 0.000023 0.000000 0.000052

MOTIF 10-AAAGAAGAGQ STREME-10
letter-probability matrix: alength= 20 w= 10 nsites= 104 E= 1.4e-001
 0.914100 0.000000 0.000007 0.000004 0.000004 0.074918 0.000000 0.000004 0.000001 0.000011 0.000000 0.000004 0.000018 0.000046 0.000014 0.000139 0.010647 0.000025 0.000000 0.000057
 0.945962 0.000000 0.000007 0.000004 0.000004 0.000573 0.000000 0.000004 0.000001 0.000011 0.000000 0.000004 0.000018 0.000046 0.000014 0.000139 0.000027 0.053130 0.000000 0.000057
 0.924721 0.000000 0.000007 0.000004 0.000004 0.000573 0.000000 0.000004 0.000001 0.000011 0.000000 0.000004 0.000018 0.000046 0.000014 0.000139 0.042509 0.031888 0.000000 0.000057
 0.000598 0.000000 0.000007 0.000004 0.000004 0.786614 0.000000 0.000004 0.000001 0.000011 0.000000 0.000004 0.000018 0.000046 0.000014 0.212565 0.000027 0.000025 0.000000 0.000057
 0.945962 0.000000 0.000007 0.000004 0.000004 0.053677 0.000000 0.000004 0.000001 0.000011 0.000000 0.000004 0.000018 0.000046 0.000014 0.000139 0.000027 0.000025 0.000000 0.000057
 0.606076 0.000000 0.000007 0.000004 0.000004 0.096163 0.000000 0.000004 0.000001 0.000011 0.000000 0.000004 0.000018 0.000046 0.000014 0.233814 0.063751 0.000025 0.000000 0.000057
 0.000598 0.000000 0.000007 0.000004 0.000004 0.977799 0.000000 0.000004 0.000001 0.000011 0.000000 0.000004 0.000018 0.000046 0.021255 0.000139 0.000027 0.000025 0.000000 0.000057
 0.627324 0.000000 0.000007 0.031866 0.000004 0.000573 0.000000 0.000004 0.000001 0.000011 0.000000 0.000004 0.000018 0.000046 0.000014 0.116976 0.127481 0.095613 0.000000 0.000057
 0.011219 0.000000 0.000007 0.000004 0.000004 0.935316 0.000000 0.000004 0.000001 0.000011 0.000000 0.000004 0.000018 0.000046 0.021255 0.000139 0.000027 0.031888 0.000000 0.000057
 0.000598 0.000000 0.000007 0.000004 0.000004 0.000573 0.000000 0.000004 0.000001 0.000011 0.000000 0.021246 0.000018 0.956031 0.000014 0.021380 0.000027 0.000025 0.000000 0.000057

MOTIF 11-GAGGYG STREME-11
letter-probability matrix: alength= 20 w= 6 nsites= 123 E= 1.7e-001
 0.035497 0.000008 0.000429 0.000247 0.000242 0.943079 0.000011 0.000233 0.000038 0.000638 0.000027 0.000253 0.001042 0.002734 0.000805 0.008221 0.001582 0.001510 0.000010 0.003393
 0.944588 0.000008 0.000429 0.000247 0.000242 0.033988 0.000011 0.000233 0.000038 0.000638 0.000027 0.000253 0.001042 0.002734 0.000805 0.008221 0.001582 0.001510 0.000010 0.003393
 0.035497 0.000008 0.000429 0.000247 0.000242 0.943079 0.000011 0.000233 0.000038 0.000638 0.000027 0.000253 0.001042 0.002734 0.000805 0.008221 0.001582 0.001510 0.000010 0.003393
 0.035497 0.000008 0.000429 0.000247 0.000242 0.943079 0.000011 0.000233 0.000038 0.000638 0.000027 0.000253 0.001042 0.002734 0.000805 0.008221 0.001582 0.001510 0.000010 0.003393
 0.035497 0.000008 0.000429 0.000247 0.000242 0.033988 0.000011 0.000233 0.000038 0.000638 0.000027 0.000253 0.001042 0.002734 0.000805 0.008221 0.001582 0.001510 0.000010 0.912484
 0.035497 0.000008 0.000429 0.000247 0.000242 0.943079 0.000011 0.000233 0.000038 0.000638 0.000027 0.000253 0.001042 0.002734 0.000805 0.008221 0.001582 0.001510 0.000010 0.003393

MOTIF 12-GYGGGAGAGAGAG STREME-12
letter-probability matrix: alength= 20 w= 13 nsites= 94 E= 2.8e-001
 0.000694 0.012323 0.012331 0.000005 0.000005 0.961919 0.000000 0.000005 0.000001 0.000012 0.000001 0.000005 0.000020 0.000053 0.000016 0.012483 0.000031 0.000030 0.000000 0.000066
 0.099277 0.000000 0.012331 0.000005 0.012327 0.000665 0.000000 0.012327 0.000001 0.012335 0.000001 0.000005 0.024666 0.012376 0.000016 0.012483 0.000031 0.012352 0.000000 0.788801
 0.025339 0.000000 0.012331 0.000005 0.000005 0.887982 0.000000 0.000005 0.000001 0.000012 0.000001 0.000005 0.000020 0.000053 0.012338 0.037129 0.000031 0.024675 0.000000 0.000066
 0.000694 0.000000 0.000008 0.000005 0.000005 0.998887 0.000000 0.000005 0.000001 0.000012 0.000001 0.000005 0.000020 0.000053 0.000016 0.000161 0.000031 0.000030 0.000000 0.000066
 0.037663 0.000000 0.000008 0.000005 0.000005 0.924950 0.000000 0.000005 0.000001 0.000012 0.000001 0.000005 0.000020 0.000053 0.012338 0.000161 0.000031 0.024675 0.000000 0.000066
 0.912653 0.000000 0.000008 0.000005 0.000005 0.000665 0.000000 0.000005 0.000001 0.000012 0.000001 0.000005 0.000020 0.000053 0.000016 0.000161 0.000031 0.024675 0.000000 0.061684
 0.013017 0.000000 0.000008 0.000005 0.000005 0.986564 0.000000 0.000005 0.000001 0.000012 0.000001 0.000005 0.000020 0.000053 0.000016 0.000161 0.000031 0.000030 0.000000 0.000066
 0.851041 0.000000 0.000008 0.000005 0.000005 0.049957 0.000000 0.000005 0.000001 0.000012 0.000001 0.000005 0.000020 0.000053 0.000016 0.061776 0.012354 0.000030 0.000000 0.024712
 0.025339 0.000000 0.000008 0.000005 0.000005 0.974242 0.000000 0.000005 0.000001 0.000012 0.000001 0.000005 0.000020 0.000053 0.000016 0.000161 0.000031 0.000030 0.000000 0.000066
 0.912654 0.000000 0.000008 0.000005 0.000005 0.049959 0.000000 0.000005 0.000001 0.000012 0.000001 0.000005 0.000020 0.000053 0.000016 0.024806 0.000031 0.000030 0.000000 0.012389
 0.160898 0.000000 0.000008 0.000005 0.012327 0.789392 0.000000 0.000005 0.000001 0.000012 0.000001 0.000005 0.000020 0.000053 0.000016 0.037129 0.000031 0.000030 0.000000 0.000066
 0.888009 0.000000 0.000008 0.000005 0.000005 0.049957 0.000000 0.000005 0.000001 0.000012 0.000001 0.000005 0.000020 0.000053 0.000016 0.037131 0.000031 0.024675 0.000000 0.000066
 0.185547 0.000000 0.000008 0.000005 0.000005 0.789389 0.000000 0.000005 0.000001 0.000012 0.000001 0.000005 0.000020 0.000053 0.000016 0.000161 0.012354 0.000030 0.000000 0.012389

MOTIF 13-AAAAAGGAGGSGGYG STREME-13
letter-probability matrix: alength= 20 w= 15 nsites= 48 E= 2.8e-001
 0.912137 0.000000 0.000019 0.000011 0.000011 0.029988 0.000001 0.000011 0.000002 0.000029 0.000001 0.000011 0.000047 0.000123 0.000036 0.057278 0.000071 0.000068 0.000000 0.000153
 0.883683 0.000000 0.000019 0.000011 0.000011 0.001535 0.000001 0.000011 0.000002 0.000029 0.000001 0.000011 0.000047 0.000123 0.000036 0.114186 0.000071 0.000068 0.000000 0.000153
 0.912137 0.000000 0.000019 0.000011 0.000011 0.029988 0.000001 0.000011 0.000002 0.000029 0.000001 0.000011 0.000047 0.000123 0.000036 0.028825 0.028525 0.000068 0.000000 0.000153
 0.940591 0.000000 0.000019 0.000011 0.000011 0.029988 0.000001 0.000011 0.000002 0.000029 0.000001 0.000011 0.000047 0.000123 0.000036 0.028825 0.000071 0.000068 0.000000 0.000153
 0.855230 0.000000 0.000019 0.000011 0.000011 0.058442 0.000001 0.000011 0.000002 0.000029 0.000001 0.000011 0.000047 0.000123 0.000036 0.085732 0.000071 0.000068 0.000000 0.000153
 0.030056 0.000000 0.000019 0.000011 0.000011 0.684437 0.000001 0.000011 0.000002 0.000029 0.000001 0.000011 0.000047 0.000123 0.000036 0.284911 0.000071 0.000068 0.000000 0.000153
 0.001603 0.000000 0.000019 0.000011 0.000011 0.997430 0.000001 0.000011 0.000002 0.000029 0.000001 0.000011 0.000047 0.000123 0.000036 0.000371 0.000071 0.000068 0.000000 0.000153
 0.969044 0.000000 0.000019 0.000011 0.000011 0.001535 0.000001 0.000011 0.000002 0.000029 0.000001 0.000011 0.000047 0.000123 0.000036 0.000371 0.028525 0.000068 0.000000 0.000153
 0.030056 0.000000 0.000019 0.000011 0.000011 0.940522 0.000001 0.000011 0.000002 0.000029 0.000001 0.000011 0.000047 0.000123 0.000036 0.028825 0.000071 0.000068 0.000000 0.000153
 0.001603 0.000000 0.000019 0.000011 0.000011 0.968976 0.000001 0.000011 0.000002 0.000029 0.000001 0.000011 0.000047 0.000123 0.000036 0.000371 0.000071 0.028522 0.000000 0.000153
 0.086964 0.000000 0.056927 0.000011 0.000011 0.001535 0.000001 0.000011 0.000002 0.227673 0.000001 0.000011 0.056954 0.256206 0.000036 0.256457 0.028525 0.000068 0.000000 0.028607
 0.001603 0.000000 0.000019 0.000011 0.000011 0.912069 0.000001 0.000011 0.000002 0.000029 0.000001 0.000011 0.000047 0.000123 0.000036 0.057278 0.000071 0.028522 0.000000 0.000153
 0.001603 0.000000 0.000019 0.000011 0.000011 0.855162 0.000001 0.000011 0.000002 0.028482 0.000001 0.000011 0.000047 0.028577 0.000036 0.085732 0.000071 0.000068 0.000000 0.000153
 0.001603 0.000000 0.000019 0.000011 0.000011 0.115349 0.000001 0.000011 0.000002 0.000029 0.000001 0.113827 0.000047 0.199314 0.000036 0.028825 0.000071 0.000068 0.000000 0.540774
 0.030056 0.000000 0.000019 0.170734 0.000011 0.741346 0.000001 0.000011 0.000002 0.000029 0.000001 0.000011 0.000047 0.000123 0.028490 0.000371 0.028525 0.000068 0.000000 0.000153

MOTIF 14-ASAAVSV STREME-14
letter-probability matrix: alength= 20 w= 7 nsites= 33 E= 2.8e-001
 0.905171 0.000000 0.000021 0.000012 0.000012 0.001656 0.000001 0.000011 0.000002 0.000031 0.000001 0.000012 0.000051 0.000133 0.000039 0.092530 0.000077 0.000074 0.000001 0.000165
 0.124576 0.000000 0.000021 0.000012 0.000012 0.124503 0.000001 0.000011 0.000002 0.000031 0.000001 0.000012 0.000051 0.000133 0.000039 0.750278 0.000077 0.000074 0.000001 0.000165
 0.738862 0.000000 0.000021 0.000012 0.000012 0.001656 0.000001 0.000011 0.000002 0.000031 0.000001 0.000012 0.000051 0.000133 0.000039 0.013146 0.245769 0.000074 0.000001 0.000165
 0.905171 0.000000 0.000021 0.000012 0.000012 0.001656 0.000001 0.000011 0.000002 0.000031 0.000001 0.000012 0.000051 0.000133 0.000039 0.092530 0.000077 0.000074 0.000001 0.000165
 0.155292 0.000000 0.000021 0.000012 0.000012 0.001656 0.000001 0.000011 0.000002 0.000031 0.000001 0.000012 0.000051 0.000133 0.000039 0.000401 0.000077 0.842081 0.000001 0.000165
 0.001730 0.000000 0.000021 0.000012 0.000012 0.001656 0.000001 0.000011 0.000002 0.000031 0.000001 0.000012 0.000051 0.000133 0.000039 0.995970 0.000077 0.000074 0.000001 0.000165
 0.001730 0.000000 0.000021 0.000012 0.000012 0.001656 0.000001 0.000011 0.000002 0.000031 0.000001 0.000012 0.000051 0.000133 0.000039 0.000401 0.092209 0.903511 0.000001 0.000165

MOTIF 15-GAGAAAAAAGAAGA STREME-15
letter-probability matrix: alength= 20 w= 14 nsites= 73 E= 5.6e-001
 0.000859 0.000000 0.000010 0.000006 0.000006 0.998622 0.000000 0.000006 0.000001 0.000015 0.000001 0.000006 0.000025 0.000066 0.000019 0.000199 0.000038 0.000037 0.000000 0.000082
 0.876635 0.000000 0.000010 0.000006 0.000006 0.000823 0.000000 0.000006 0.000001 0.000015 0.000001 0.000006 0.000025 0.000066 0.000019 0.122223 0.000038 0.000037 0.000000 0.000082
 0.000859 0.000000 0.000010 0.000006 0.000006 0.968116 0.000000 0.000006 0.000001 0.000015 0.000001 0.000006 0.000025 0.000066 0.000019 0.030705 0.000038 0.000037 0.000000 0.000082
 0.937646 0.000000 0.000010 0.000006 0.000006 0.000823 0.000000 0.000006 0.000001 0.000015 0.000001 0.000006 0.000025 0.000066 0.000019 0.061211 0.000038 0.000037 0.000000 0.000082
 0.724101 0.000000 0.030517 0.000006 0.000006 0.199116 0.000000 0.000006 0.000001 0.000015 0.000001 0.030512 0.000025 0.000066 0.000019 0.015452 0.000038 0.000037 0.000000 0.000082
 0.876635 0.000000 0.000010 0.000006 0.000006 0.031329 0.000000 0.000006 0.000001 0.000015 0.000001 0.000006 0.000025 0.000066 0.000019 0.076464 0.015291 0.000037 0.000000 0.000082
 0.998659 0.000000 0.000010 0.000006 0.000006 0.000823 0.000000 0.000006 0.000001 0.000015 0.000001 0.000006 0.000025 0.000066 0.000019 0.000199 0.000038 0.000037 0.000000 0.000082
 0.952901 0.000000 0.000010 0.000006 0.000006 0.000823 0.000000 0.000006 0.000001 0.000015 0.000001 0.000006 0.000025 0.000066 0.000019 0.000199 0.015291 0.030542 0.000000 0.000082
 0.830875 0.000000 0.000010 0.000006 0.000006 0.061835 0.000000 0.000006 0.000001 0.000015 0.000001 0.000006 0.000025 0.000066 0.000019 0.030705 0.030544 0.045795 0.000000 0.000082
 0.000859 0.000000 0.000010 0.000006 0.000006 0.968116 0.000000 0.000006 0.000001 0.000015 0.000001 0.000006 0.030531 0.000066 0.000019 0.000199 0.000038 0.000037 0.000000 0.000082
 0.876634 0.000000 0.000010 0.000006 0.000006 0.092341 0.000000 0.000006 0.000001 0.000015 0.000001 0.000006 0.000025 0.000066 0.000019 0.030705 0.000038 0.000037 0.000000 0.000082
 0.748276 0.000000 0.000010 0.000006 0.000006 0.037659 0.000000 0.000006 0.000001 0.000015 0.000001 0.000006 0.000025 0.000066 0.000019 0.152733 0.061051 0.000037 0.000000 0.000082
 0.031365 0.000000 0.000010 0.000006 0.000006 0.968116 0.000000 0.000006 0.000001 0.000015 0.000001 0.000006 0.000025 0.000066 0.000019 0.000199 0.000038 0.000037 0.000000 0.000082
 0.541063 0.000000 0.000010 0.000006 0.000006 0.000823 0.000000 0.000006 0.000001 0.000015 0.000001 0.000006 0.000025 0.091585 0.000019 0.106973 0.106810 0.061049 0.000000 0.091601

MOTIF 16-GQGGAAAAAAAA STREME-16
letter-probability matrix: alength= 20 w= 12 nsites= 54 E= 1.1e+000
 0.001195 0.000000 0.000014 0.000008 0.000008 0.934449 0.000000 0.000008 0.000001 0.000021 0.000001 0.000009 0.000035 0.000092 0.000027 0.063912 0.000053 0.000051 0.000000 0.000114
 0.001195 0.000000 0.000014 0.000008 0.000008 0.001144 0.000000 0.000008 0.000001 0.000021 0.000001 0.000009 0.000035 0.997032 0.000027 0.000277 0.000053 0.000051 0.000000 0.000114
 0.001195 0.000000 0.000014 0.000008 0.000008 0.785972 0.000000 0.000008 0.000001 0.063654 0.000001 0.000009 0.000035 0.042514 0.000027 0.000277 0.000053 0.106108 0.000000 0.000114
 0.001195 0.000000 0.000014 0.000008 0.000008 0.934451 0.000000 0.000008 0.000001 0.000021 0.000001 0.000009 0.000035 0.000092 0.000027 0.000277 0.021264 0.042473 0.000000 0.000114
 0.870869 0.000000 0.000014 0.000008 0.000008 0.001144 0.000000 0.000008 0.000001 0.000021 0.000001 0.000009 0.000035 0.000092 0.000027 0.106332 0.000053 0.021261 0.000000 0.000114
 0.489063 0.000000 0.000014 0.000008 0.000008 0.425370 0.000000 0.000008 0.000001 0.000021 0.000001 0.000009 0.000035 0.000092 0.000027 0.085122 0.000053 0.000051 0.000000 0.000114
 0.892075 0.000000 0.000014 0.000008 0.000008 0.001144 0.000000 0.000008 0.000001 0.000021 0.000001 0.000009 0.000035 0.000092 0.000027 0.106336 0.000053 0.000051 0.000000 0.000114
 0.807234 0.000000 0.000014 0.000008 0.000008 0.085990 0.000000 0.000008 0.000001 0.000021 0.000001 0.000009 0.000035 0.063725 0.000027 0.042699 0.000053 0.000051 0.000000 0.000114
 0.849651 0.000000 0.000014 0.000008 0.000008 0.064779 0.000000 0.000008 0.000001 0.000021 0.000001 0.000009 0.000035 0.000092 0.000027 0.000277 0.000053 0.084900 0.000000 0.000114
 0.701172 0.000000 0.000014 0.000008 0.000008 0.001144 0.000000 0.000008 0.000001 0.000021 0.000001 0.000009 0.000035 0.000092 0.000027 0.148756 0.000053 0.148535 0.000000 0.000114
 0.934502 0.000000 0.000014 0.000008 0.000008 0.043566 0.000000 0.000008 0.000001 0.000021 0.000001 0.000009 0.000035 0.000092 0.000027 0.021487 0.000053 0.000051 0.000000 0.000114
 0.425422 0.000000 0.000014 0.000008 0.000008 0.213261 0.000000 0.000008 0.000001 0.000021 0.000001 0.000009 0.000035 0.000092 0.000027 0.360873 0.000053 0.000051 0.000000 0.000114

MOTIF 17-SRL STREME-17
letter-probability matrix: alength= 20 w= 3 nsites= 56 E= 2.2e+000
 0.035497 0.000008 0.000429 0.000247 0.000242 0.033988 0.000011 0.000233 0.000038 0.000638 0.000027 0.000253 0.001042 0.002734 0.000805 0.917312 0.001582 0.001510 0.000010 0.003393
 0.035497 0.000008 0.000429 0.000247 0.000242 0.033988 0.000011 0.000233 0.000038 0.000638 0.000027 0.000253 0.001042 0.002734 0.909896 0.008221 0.001582 0.001510 0.000010 0.003393
 0.035497 0.000008 0.000429 0.000247 0.000242 0.033988 0.000011 0.000233 0.000038 0.909729 0.000027 0.000253 0.001042 0.002734 0.000805 0.008221 0.001582 0.001510 0.000010 0.003393

MOTIF 18-GGQGGYGAGQGGAGG STREME-18
letter-probability matrix: alength= 20 w= 15 nsites= 39 E= 9.0e+000
 0.143872 0.000000 0.000019 0.000011 0.000011 0.798253 0.000001 0.000011 0.000002 0.000029 0.000001 0.000011 0.000047 0.000123 0.000036 0.000371 0.056979 0.000068 0.000000 0.000153
 0.058510 0.000000 0.000019 0.000011 0.000011 0.883615 0.000001 0.000011 0.000002 0.000029 0.000001 0.028465 0.000047 0.000123 0.000036 0.000371 0.000071 0.028522 0.000000 0.000153
 0.001603 0.000000 0.000019 0.000011 0.085372 0.001535 0.000001 0.000011 0.000002 0.398388 0.000001 0.000011 0.000047 0.483844 0.000036 0.028825 0.000071 0.000068 0.000000 0.000153
 0.001603 0.000000 0.000019 0.000011 0.000011 0.940522 0.000001 0.000011 0.000002 0.000029 0.000001 0.000011 0.000047 0.000123 0.028490 0.000371 0.000071 0.000068 0.000000 0.028607
 0.058510 0.000000 0.000019 0.000011 0.000011 0.599072 0.000001 0.000011 0.000002 0.000029 0.000001 0.000011 0.000047 0.028577 0.000036 0.313368 0.000071 0.000068 0.000000 0.000153
 0.001603 0.000000 0.000019 0.000011 0.000011 0.172258 0.000001 0.000011 0.000002 0.085390 0.000001 0.000011 0.000047 0.313123 0.000036 0.028825 0.000071 0.000068 0.000000 0.398511
 0.058510 0.000000 0.000019 0.000011 0.000011 0.883615 0.000001 0.000011 0.000002 0.000029 0.000001 0.000011 0.000047 0.000123 0.056944 0.000371 0.000071 0.000068 0.000000 0.000153
 0.997498 0.000000 0.000019 0.000011 0.000011 0.001535 0.000001 0.000011 0.000002 0.000029 0.000001 0.000011 0.000047 0.000123 0.000036 0.000371 0.000071 0.000068 0.000000 0.000153
 0.001603 0.000000 0.000019 0.000011 0.000011 0.968976 0.000001 0.000011 0.000002 0.000029 0.000001 0.000011 0.000047 0.000123 0.028490 0.000371 0.000071 0.000068 0.000000 0.000153
 0.200781 0.000000 0.000019 0.000011 0.000011 0.172258 0.000001 0.000011 0.000002 0.028483 0.000001 0.000011 0.000047 0.455389 0.142311 0.000371 0.000071 0.000068 0.000000 0.000153
 0.286142 0.000000 0.000019 0.000011 0.000011 0.712890 0.000001 0.000011 0.000002 0.000029 0.000001 0.000011 0.000047 0.000123 0.000036 0.000371 0.000071 0.000068 0.000000 0.000153
 0.030057 0.000000 0.000019 0.000011 0.000011 0.940522 0.000001 0.000011 0.000002 0.000029 0.000001 0.000011 0.000047 0.000123 0.000036 0.000371 0.000071 0.000068 0.000000 0.028607
 0.286142 0.000000 0.000019 0.028465 0.000011 0.086896 0.000001 0.000011 0.000002 0.085390 0.000001 0.000011 0.000047 0.284667 0.000036 0.114186 0.000071 0.000068 0.000000 0.113973
 0.200781 0.000000 0.000019 0.000011 0.000011 0.684435 0.000001 0.000011 0.000002 0.000029 0.000001 0.000011 0.000047 0.113940 0.000036 0.000371 0.000071 0.000068 0.000000 0.000153
 0.257689 0.000000 0.000019 0.000011 0.000011 0.570621 0.000001 0.000011 0.000002 0.085390 0.000001 0.000011 0.000047 0.000123 0.000036 0.057279 0.000071 0.028522 0.000000 0.000153

********************************************************************************
Stopped because 3 consecutive motifs exceeded the p-value threshold (0.05).
********************************************************************************
COMMAND:	streme --protein --p ./Data/v0_cluster_windows_15mers/cluster_2.fasta --minw 3 --maxw 15 --thresh 0.05 --oc ./Results/v0_Parallel_Run_20250503_171149/streme_out_cluster_2
********************************************************************************
CPU:		Hirokis-MacBook-Air.local
********************************************************************************
FINALTIME:	199.33 seconds
********************************************************************************
