********************************************************************************
STREME - Sensitive, Thorough, Rapid, Enriched Motif Elicitation
********************************************************************************
MEME version 5.5.7 (Release date: Wed Jun 19 13:59:04 2024 -0700)

For further information on how to interpret these results please access https://meme-suite.org/meme.
To get a copy of the MEME Suite software please access https://meme-suite.org.

********************************************************************************


********************************************************************************
REFERENCE
********************************************************************************
If you use this program in your research, please cite:

Timothy L. Bailey,
"STREME: accurate and versatile sequence motif discovery",
Bioinformatics, Mar. 24, 2021.
********************************************************************************


ALPHABET= ACDEFGHIKLMNPQRSTVWY

strands: +

Background letter frequencies
A 0.264 C 6.93e-05 D 6.93e-05 E 0.00284 F 0.00146 G 0.136 H 6.93e-05 I 0.00839 K 6.93e-05 L 0.00562 M 6.93e-05 N 0.00146 P 0.179 Q 6.93e-05 R 6.93e-05 S 0.276 T 0.00839 V 0.0514 W 6.93e-05 Y 0.0653 

MOTIF 1-YGPSPSASA STREME-1
letter-probability matrix: alength= 20 w= 9 nsites= 48 S= 1.6e-028
 0.000614 0.000000 0.000000 0.000007 0.000003 0.000317 0.000000 0.000020 0.000000 0.000013 0.000000 0.000003 0.000417 0.000000 0.000000 0.032950 0.000020 0.000120 0.000000 0.965515
 0.000614 0.000000 0.000000 0.016160 0.000003 0.949526 0.000000 0.000020 0.000000 0.000013 0.000000 0.000003 0.000417 0.000000 0.000000 0.016797 0.016173 0.000120 0.000000 0.000152
 0.000614 0.000000 0.000000 0.000007 0.000003 0.000317 0.000000 0.000020 0.000000 0.000013 0.000000 0.000003 0.981933 0.000000 0.000000 0.016797 0.000020 0.000120 0.000000 0.000152
 0.000614 0.000000 0.000000 0.000007 0.000003 0.000317 0.000000 0.000020 0.000000 0.000013 0.000000 0.000003 0.000417 0.000000 0.000000 0.982159 0.016173 0.000120 0.000000 0.000152
 0.016768 0.000000 0.000000 0.016160 0.000003 0.000317 0.000000 0.000020 0.000000 0.000013 0.000000 0.000003 0.965780 0.000000 0.000000 0.000643 0.000020 0.000120 0.000000 0.000152
 0.016768 0.000000 0.000000 0.000007 0.000003 0.000317 0.000000 0.000020 0.000000 0.000013 0.000000 0.000003 0.000417 0.000000 0.000000 0.966006 0.000020 0.016273 0.000000 0.000152
 0.982130 0.000000 0.000000 0.000007 0.000003 0.000317 0.000000 0.000020 0.000000 0.000013 0.000000 0.000003 0.000417 0.000000 0.000000 0.016797 0.000020 0.000120 0.000000 0.000152
 0.082894 0.000000 0.000000 0.000007 0.000003 0.000317 0.000000 0.000020 0.000000 0.000013 0.000000 0.000003 0.000417 0.000000 0.000000 0.867326 0.048727 0.000120 0.000000 0.000152
 0.998284 0.000000 0.000000 0.000007 0.000003 0.000317 0.000000 0.000020 0.000000 0.000013 0.000000 0.000003 0.000417 0.000000 0.000000 0.000643 0.000020 0.000120 0.000000 0.000152

MOTIF 2-SVA STREME-2
letter-probability matrix: alength= 20 w= 3 nsites= 39 S= 4.0e-012
 0.001145 0.000000 0.000000 0.000012 0.000006 0.000591 0.000000 0.000036 0.000000 0.000024 0.000000 0.000006 0.000778 0.000000 0.000000 0.996855 0.000036 0.000223 0.000000 0.000283
 0.014326 0.000000 0.000000 0.000012 0.000006 0.002612 0.000000 0.187896 0.000000 0.000024 0.000000 0.000006 0.000778 0.000000 0.000000 0.001199 0.000036 0.792817 0.000000 0.000283
 0.996801 0.000000 0.000000 0.000012 0.000006 0.000591 0.000000 0.000036 0.000000 0.000024 0.000000 0.000006 0.000778 0.000000 0.000000 0.001199 0.000036 0.000223 0.000000 0.000283

MOTIF 3-PGA STREME-3
letter-probability matrix: alength= 20 w= 3 nsites= 31 S= 4.7e-006
 0.006777 0.000001 0.000001 0.000023 0.000012 0.001103 0.000001 0.000068 0.000001 0.000046 0.000001 0.000012 0.932487 0.000001 0.000001 0.058455 0.000068 0.000417 0.000001 0.000529
 0.002138 0.000001 0.000001 0.000023 0.000012 0.992993 0.000001 0.000068 0.000001 0.000046 0.000001 0.000012 0.001452 0.000001 0.000001 0.002239 0.000068 0.000417 0.000001 0.000529
 0.738250 0.000001 0.000001 0.000023 0.000012 0.200665 0.000001 0.000068 0.000001 0.000046 0.000001 0.000012 0.001452 0.000001 0.000001 0.002239 0.000068 0.056632 0.000001 0.000529

MOTIF 4-SGGSS STREME-4
letter-probability matrix: alength= 20 w= 5 nsites= 1 S= 5.0e-001
 0.033233 0.000009 0.000009 0.000358 0.000184 0.017146 0.000009 0.001058 0.000009 0.000708 0.000009 0.000184 0.022567 0.000009 0.000009 0.908729 0.001058 0.006479 0.000009 0.008227
 0.033233 0.000009 0.000009 0.000358 0.000184 0.891066 0.000009 0.001058 0.000009 0.000708 0.000009 0.000184 0.022567 0.000009 0.000009 0.034809 0.001058 0.006479 0.000009 0.008227
 0.033233 0.000009 0.000009 0.000358 0.000184 0.891066 0.000009 0.001058 0.000009 0.000708 0.000009 0.000184 0.022567 0.000009 0.000009 0.034809 0.001058 0.006479 0.000009 0.008227
 0.033233 0.000009 0.000009 0.000358 0.000184 0.017146 0.000009 0.001058 0.000009 0.000708 0.000009 0.000184 0.022567 0.000009 0.000009 0.908729 0.001058 0.006479 0.000009 0.008227
 0.033233 0.000009 0.000009 0.000358 0.000184 0.017146 0.000009 0.001058 0.000009 0.000708 0.000009 0.000184 0.022567 0.000009 0.000009 0.908729 0.001058 0.006479 0.000009 0.008227

MOTIF 5-SGSGA STREME-5
letter-probability matrix: alength= 20 w= 5 nsites= 1 S= 5.0e-001
 0.033233 0.000009 0.000009 0.000358 0.000184 0.017146 0.000009 0.001058 0.000009 0.000708 0.000009 0.000184 0.022567 0.000009 0.000009 0.908729 0.001058 0.006479 0.000009 0.008227
 0.033233 0.000009 0.000009 0.000358 0.000184 0.891066 0.000009 0.001058 0.000009 0.000708 0.000009 0.000184 0.022567 0.000009 0.000009 0.034809 0.001058 0.006479 0.000009 0.008227
 0.033233 0.000009 0.000009 0.000358 0.000184 0.017146 0.000009 0.001058 0.000009 0.000708 0.000009 0.000184 0.022567 0.000009 0.000009 0.908729 0.001058 0.006479 0.000009 0.008227
 0.033233 0.000009 0.000009 0.000358 0.000184 0.891066 0.000009 0.001058 0.000009 0.000708 0.000009 0.000184 0.022567 0.000009 0.000009 0.034809 0.001058 0.006479 0.000009 0.008227
 0.907153 0.000009 0.000009 0.000358 0.000184 0.017146 0.000009 0.001058 0.000009 0.000708 0.000009 0.000184 0.022567 0.000009 0.000009 0.034809 0.001058 0.006479 0.000009 0.008227

********************************************************************************
Stopped because maximum number of motifs (5) reached.
********************************************************************************
COMMAND:	streme --protein --p ./Data/v1_cluster_windows_15mers/cluster_2382.fasta --minw 3 --maxw 15 --thresh 0.05 --oc ./Results/v1_Top500_Run_20250504_162200/streme_out_cluster_2382
********************************************************************************
CPU:		Hirokis-MacBook-Air.local
********************************************************************************
FINALTIME:	0.14 seconds
********************************************************************************
